Caller	Callee
org.apache.commons.beanutils.PropertyUtils.getPropertyEditorClass(Object,String)	org.apache.commons.beanutils.PropertyUtilsBean.getInstance()
org.apache.commons.beanutils.PropertyUtilsBean.getSimpleProperty(Object,String)	org.apache.commons.beanutils.PropertyUtilsBean.invokeMethod(Method,Object,Object[])
org.apache.commons.beanutils.PropertyUtilsTestCase.testGetMappedValues()	org.apache.commons.beanutils.PropertyUtils.getNestedProperty(Object,String)
org.apache.commons.beanutils.BeanUtilsBenchCase.setUp()	org.apache.commons.beanutils.BenchBean.getStringProperty()
org.apache.commons.beanutils.LazyDynaClassTestCase.testGetPropertyDoesntExist1()	org.apache.commons.beanutils.LazyDynaClass.isReturnNull()
org.apache.commons.beanutils.PropertyUtilsBenchCase.setUp()	org.apache.commons.beanutils.DynaBean.set(String,Object)
org.apache.commons.beanutils.ConvertUtils.getDefaultCharacter()	org.apache.commons.beanutils.ConvertUtilsBean.getInstance()
org.apache.commons.beanutils.LazyDynaBean.set(String,int,Object)	org.apache.commons.beanutils.DynaClass.getDynaProperty(String)
org.apache.commons.beanutils.PropertyUtilsBean.getMappedProperty(Object,String,String)	org.apache.commons.beanutils.DynaBean.getDynaClass()
org.apache.commons.beanutils.LazyDynaMapTestCase.testMappedPropertyUtils()	org.apache.commons.beanutils.LazyDynaMap.setReturnNull(boolean)
org.apache.commons.beanutils.locale.LocaleBeanificationTestCase.testGetByContextClassLoader()	org.apache.commons.beanutils.locale.LocaleBeanificationTestCase.Signal.setBean(LocaleBeanUtilsBean)
org.apache.commons.collections.keyvalue.AbstractMapEntry.equals(Object)	org.apache.commons.collections.keyvalue.AbstractKeyValue.getKey()
org.apache.commons.beanutils.ConvertUtilsTestCase.testPositiveArray()	org.apache.commons.beanutils.ConvertUtils.convert(String[],Class)
org.apache.commons.beanutils.MethodUtilsTestCase.testInvokeMethodWithPrimitives()	org.apache.commons.beanutils.PrimitiveBean.setLong(long)
org.apache.commons.beanutils.locale.LocaleBeanUtilsBean.getIndexedProperty(Object,String,String)	org.apache.commons.beanutils.PropertyUtilsBean.getIndexedProperty(Object,String)
org.apache.commons.beanutils.BeanPropertyValueChangeClosureTest.testExecuteWithInvalidPropertyName()	org.apache.commons.beanutils.BeanPropertyValueChangeClosure.execute(Object)
org.apache.commons.beanutils.DynaPropertyUtilsTestCase.testSetIndexedValues()	org.apache.commons.beanutils.PropertyUtils.getIndexedProperty(Object,String)
org.apache.commons.beanutils.PropertyUtilsBean.getPropertyEditorClass(Object,String)	org.apache.commons.beanutils.PropertyUtilsBean.getPropertyDescriptor(Object,String)
org.apache.commons.beanutils.LazyDynaMapTestCase.testSimpleProperty()	org.apache.commons.beanutils.LazyDynaBean.get(String)
org.apache.commons.beanutils.PropertyUtilsTestCase.testSetMappedValues()	org.apache.commons.beanutils.PropertyUtils.setMappedProperty(Object,String,Object)
org.apache.commons.beanutils.BeanUtilsTestCase.testCopyPropertyNestedIndexedArray()	org.apache.commons.beanutils.TestBean.getNested()
org.apache.commons.beanutils.locale.LocaleBeanUtilsBean.getProperty(Object,String,String)	org.apache.commons.beanutils.locale.LocaleBeanUtilsBean.getNestedProperty(Object,String,String)
org.apache.commons.beanutils.locale.LocaleBeanUtils.getApplyLocalized()	org.apache.commons.beanutils.locale.LocaleBeanUtilsBean.getApplyLocalized()
org.apache.commons.beanutils.PropertyUtilsTestCase.testSetSimpleString()	org.apache.commons.beanutils.TestBean.getStringProperty()
org.apache.commons.beanutils.BeanPropertyValueChangeClosureTest.testExecuteWithSimpleFloatPropertyAndFloatValue()	org.apache.commons.beanutils.BeanPropertyValueChangeClosure.execute(Object)
org.apache.commons.beanutils.PropertyUtilsTestCase.testSetSimpleIndexed()	org.apache.commons.beanutils.PropertyUtils.setSimpleProperty(Object,String,Object)
org.apache.commons.beanutils.locale.LocaleConvertUtilsBean.deregister(Class,Locale)	org.apache.commons.collections.FastHashMap.remove(Object)
org.apache.commons.beanutils.DynaPropertyUtilsTestCase.testSetMappedArguments()	org.apache.commons.beanutils.PropertyUtils.setMappedProperty(Object,String,String,Object)
org.apache.commons.beanutils.ConvertUtils.convert(Object)	org.apache.commons.beanutils.ConvertUtilsBean.convert(Object)
org.apache.commons.beanutils.locale.LocaleBeanUtils.setProperty(Object,String,Object)	org.apache.commons.beanutils.locale.LocaleBeanUtilsBean.getLocaleBeanUtilsInstance()
org.apache.commons.beanutils.BeanificationTestCase.testBeanUtilsBeanSetInstance()	org.apache.commons.beanutils.BeanificationTestCase.Signal.setBean(BeanUtilsBean)
org.apache.commons.beanutils.BeanPropertyValueChangeClosureTest.testExecuteWithNestedProperty()	org.apache.commons.beanutils.TestBean.getStringProperty()
org.apache.commons.beanutils.locale.LocaleBeanificationTestCase.SetInstanceTesterThread.run()	org.apache.commons.beanutils.locale.LocaleBeanificationTestCase.Signal.setBean(LocaleBeanUtilsBean)
org.apache.commons.beanutils.BasicDynaBeanTestCase.testSerialization()	org.apache.commons.beanutils.BasicDynaBeanTestCase.testGetSimpleShort()
org.apache.commons.beanutils.locale.LocaleBeanUtilsBean.getSimpleProperty(Object,String)	org.apache.commons.beanutils.locale.LocaleBeanUtilsBean.getSimpleProperty(Object,String,String)
org.apache.commons.beanutils.BasicDynaBeanTestCase.testSetMappedValues()	org.apache.commons.beanutils.DynaBean.set(String,String,Object)
org.apache.commons.beanutils.BasicDynaBeanTestCase.testGetDescriptors()	org.apache.commons.beanutils.DynaProperty.getName()
org.apache.commons.beanutils.DynaPropertyUtilsTestCase.testSetSimpleBoolean()	org.apache.commons.beanutils.DynaBean.get(String)
org.apache.commons.beanutils.BeanUtilsBean.getIndexedProperty(Object,String)	org.apache.commons.beanutils.BeanUtilsBean.getConvertUtils()
org.apache.commons.beanutils.LazyDynaBean.get(String,int)	org.apache.commons.beanutils.LazyDynaBean.isDynaProperty(String)
org.apache.commons.beanutils.LazyDynaBeanTestCase.testMappedPropertyDefault()	org.apache.commons.beanutils.LazyDynaBean.get(String)
org.apache.commons.beanutils.locale.LocaleBeanUtilsBean.definePropertyType(Object,String,String)	org.apache.commons.beanutils.BeanUtilsBean.getPropertyUtils()
org.apache.commons.collections.FastHashMap.CollectionView.clear()	org.apache.commons.collections.FastHashMap.CollectionView.get(Map)
org.apache.commons.beanutils.BeanificationTestCase.TestIndependenceThread.run()	org.apache.commons.beanutils.BeanificationTestCase.Signal.setSignal(int)
org.apache.commons.beanutils.PropertyUtilsTestCase.testSetMappedValues()	org.apache.commons.beanutils.PropertyUtils.getMappedProperty(Object,String,String)
org.apache.commons.collections.ReferenceMap.keySet()	org.apache.commons.collections.ReferenceMap.remove(Object)
org.apache.commons.beanutils.BeanUtilsTestCase.testCopyPropertiesStandard()	org.apache.commons.beanutils.TestBean.getStringArray()
org.apache.commons.beanutils.LazyDynaClassTestCase.testRemoveProperty()	org.apache.commons.beanutils.LazyDynaClass.setReturnNull(boolean)
org.apache.commons.beanutils.LazyDynaMapTestCase.testMappedPropertyRestricted()	org.apache.commons.beanutils.LazyDynaMap.isRestricted()
org.apache.commons.beanutils.PropertyUtils.setIndexedProperty(Object,String,Object)	org.apache.commons.beanutils.PropertyUtilsBean.setIndexedProperty(Object,String,Object)
org.apache.commons.beanutils.PropertyUtils.clearDescriptors()	org.apache.commons.beanutils.PropertyUtilsBean.clearDescriptors()
org.apache.commons.beanutils.LazyDynaBeanTestCase.testMappedInvalidType()	org.apache.commons.beanutils.DynaProperty.isMapped()
org.apache.commons.collections.FastHashMap.CollectionView.toArray(Object[])	org.apache.commons.collections.FastHashMap.CollectionView.get(Map)
org.apache.commons.beanutils.BeanToPropertyValueTransformerTest.testTransformWithMappedProperty()	org.apache.commons.beanutils.BeanToPropertyValueTransformer.transform(Object)
org.apache.commons.beanutils.PropertyUtilsTestCase.testSetNoGetter()	org.apache.commons.beanutils.PropertyUtils.getPropertyDescriptor(Object,String)
org.apache.commons.beanutils.BeanUtilsTestCase.testSeparateInstances()	org.apache.commons.beanutils.BeanUtilsBean.getConvertUtils()
org.apache.commons.beanutils.LazyDynaMap.set(String,Object)	org.apache.commons.beanutils.LazyDynaMap.isRestricted()
org.apache.commons.beanutils.TestBeanMap.makeFullMap()	org.apache.commons.beanutils.TestBeanMap.BeanWithProperties.setSomeObjectValue(Object)
org.apache.commons.beanutils.ConstructorUtilsTestCase.testInvokeExactConstructorWithArgArray()	org.apache.commons.beanutils.TestBean.getStringProperty()
org.apache.commons.beanutils.PropertyUtilsTestCase.testSetNoGetter()	org.apache.commons.beanutils.PropertyUtils.setMappedProperty(Object,String,String,Object)
org.apache.commons.beanutils.LazyDynaMapTestCase.testIndexedObjectArray()	org.apache.commons.beanutils.LazyDynaMap.getDynaProperty(String)
org.apache.commons.collections.ReferenceMap.keySet()	org.apache.commons.collections.ReferenceMap.clear()
org.apache.commons.collections.ReferenceMap.size()	org.apache.commons.collections.ReferenceMap.purge()
org.apache.commons.beanutils.LazyDynaBean.set(String,Object)	org.apache.commons.beanutils.LazyDynaBean.isAssignable(Class,Class)
org.apache.commons.beanutils.LazyDynaClass.add(DynaProperty)	org.apache.commons.beanutils.LazyDynaClass.isRestricted()
org.apache.commons.beanutils.LazyDynaClassTestCase.testAddPropertyRestricted2()	org.apache.commons.beanutils.LazyDynaClass.setRestricted(boolean)
org.apache.commons.beanutils.PropertyUtilsBean.getMappedProperty(Object,String,String)	org.apache.commons.beanutils.DynaClass.getDynaProperty(String)
org.apache.commons.beanutils.PropertyUtilsBean.getMappedPropertyDescriptors(Object)	org.apache.commons.beanutils.PropertyUtilsBean.getMappedPropertyDescriptors(Class)
org.apache.commons.beanutils.PropertyUtilsTestCase.testGetNestedDouble()	org.apache.commons.beanutils.PropertyUtils.getNestedProperty(Object,String)
org.apache.commons.beanutils.LazyDynaMapTestCase.testIndexedObjectArray()	org.apache.commons.beanutils.DynaProperty.getType()
org.apache.commons.beanutils.BeanUtils.copyProperties(Object,Object)	org.apache.commons.beanutils.BeanUtilsBean.copyProperties(Object,Object)
org.apache.commons.beanutils.converters.NumberConverterTestBase.testConvertNumber()	org.apache.commons.beanutils.converters.NumberConverterTestBase.makeConverter()
org.apache.commons.beanutils.locale.LocaleConvertUtilsBean.create(Locale)	org.apache.commons.collections.FastHashMap.setFast(boolean)
org.apache.commons.beanutils.MethodUtilsTestCase.testInvokeMethodWithPrimitives()	org.apache.commons.beanutils.PrimitiveBean.getInt()
org.apache.commons.beanutils.locale.LocaleBeanUtilsBean.getProperty(Object,String)	org.apache.commons.beanutils.locale.LocaleBeanUtilsBean.getNestedProperty(Object,String)
org.apache.commons.beanutils.PropertyUtils.getWriteMethod(PropertyDescriptor)	org.apache.commons.beanutils.PropertyUtilsBean.getWriteMethod(PropertyDescriptor)
org.apache.commons.beanutils.BasicDynaBeanTestCase.testGetSimpleLong()	org.apache.commons.beanutils.DynaBean.get(String)
org.apache.commons.beanutils.BeanPropertyValueChangeClosureTest.testExecuteWithSimpleIntPropertyAndIntegerValue()	org.apache.commons.beanutils.BeanPropertyValueChangeClosure.execute(Object)
org.apache.commons.beanutils.BasicDynaBeanTestCase.testMappedRemove()	org.apache.commons.beanutils.DynaBean.contains(String,String)
org.apache.commons.beanutils.DynaBeanUtilsTestCase.testPopulateScalar()	org.apache.commons.beanutils.DynaBean.get(String)
org.apache.commons.beanutils.BeanUtilsTestCase.testPopulateArrayElements()	org.apache.commons.beanutils.BeanUtils.populate(Object,Map)
org.apache.commons.beanutils.LazyDynaClassTestCase.testAddProperty2()	org.apache.commons.beanutils.DynaProperty.getType()
org.apache.commons.beanutils.BeanUtilsBean.describe(Object)	org.apache.commons.beanutils.DynaProperty.getName()
org.apache.commons.beanutils.PropertyUtilsBean.getNestedProperty(Object,String)	org.apache.commons.beanutils.PropertyUtilsBean.getSimpleProperty(Object,String)
org.apache.commons.beanutils.BeanPropertyValueEqualsPredicate.evaluate(Object)	org.apache.commons.beanutils.BeanPropertyValueEqualsPredicate.evaluateValue(Object,Object)
org.apache.commons.beanutils.ConstructorUtils.getAccessibleConstructor(Class,Class)	org.apache.commons.beanutils.ConstructorUtils.getAccessibleConstructor(Class,Class[])
org.apache.commons.beanutils.DynaBeanUtilsTestCase.testGetSimpleProperty()	org.apache.commons.beanutils.BeanUtils.getSimpleProperty(Object,String)
org.apache.commons.beanutils.locale.LocaleBeanUtilsBean.calculate(Object,String)	org.apache.commons.beanutils.BeanUtilsBean.getPropertyUtils()
org.apache.commons.beanutils.ConstructorUtilsTestCase.testInvokeExactConstructorWithArgArray()	org.apache.commons.beanutils.ConstructorUtils.invokeExactConstructor(Class,Object[])
org.apache.commons.beanutils.BeanUtilsBenchCase.setUp()	org.apache.commons.beanutils.BenchBean.getBooleanProperty()
org.apache.commons.beanutils.LazyDynaBeanTestCase.testIndexedObjectArray()	org.apache.commons.beanutils.LazyDynaClass.add(String,Class)
org.apache.commons.beanutils.ConvertUtilsBean.convert(String[],Class)	org.apache.commons.beanutils.ConvertUtilsBean.lookup(Class)
org.apache.commons.beanutils.BeanPropertyValueEqualsPredicateTest.testEvaluateWithNestedMappedProperty()	org.apache.commons.beanutils.TestBean.setAnotherNested(TestBean)
org.apache.commons.beanutils.DynaBeanUtilsTestCase.testCopyPropertiesDynaBean()	org.apache.commons.beanutils.DynaBean.get(String)
org.apache.commons.beanutils.PropertyUtils.getMappedProperty(Object,String)	org.apache.commons.beanutils.PropertyUtilsBean.getInstance()
org.apache.commons.beanutils.LazyDynaBean.get(String,int)	org.apache.commons.beanutils.LazyDynaBean.get(String)
org.apache.commons.beanutils.ConvertUtils.setDefaultFloat(float)	org.apache.commons.beanutils.ConvertUtilsBean.setDefaultFloat(float)
org.apache.commons.beanutils.LazyDynaClass.remove(String)	org.apache.commons.beanutils.LazyDynaClass.isRestricted()
org.apache.commons.beanutils.BeanUtilsBean.copyProperty(Object,String,Object)	org.apache.commons.beanutils.PropertyUtilsBean.setMappedProperty(Object,String,String,Object)
org.apache.commons.beanutils.BeanUtilsTestCase.testGetGeneralProperty()	org.apache.commons.beanutils.TestBean.getIntIndexed(int)
org.apache.commons.beanutils.ConvertUtilsTestCase.testPositiveStringArray()	org.apache.commons.beanutils.ConvertUtilsTestCase.checkStringArray(Object,String[])
org.apache.commons.beanutils.DynaRowSetTestCase.testGetDynaProperties()	org.apache.commons.beanutils.JDBCDynaClass.getDynaProperties()
org.apache.commons.beanutils.PropertyUtilsTestCase.testCopyPropertiesMap()	org.apache.commons.beanutils.TestBean.getLongProperty()
org.apache.commons.beanutils.LazyDynaMapTestCase.testIndexedPrimitiveArray()	org.apache.commons.beanutils.DynaProperty.getType()
org.apache.commons.beanutils.BasicDynaBean.set(String,Object)	org.apache.commons.beanutils.BasicDynaBean.getDynaProperty(String)
org.apache.commons.beanutils.locale.LocaleConvertUtilsBean.lookup(Locale)	org.apache.commons.beanutils.locale.LocaleConvertUtilsBean.create(Locale)
org.apache.commons.beanutils.LazyDynaBeanTestCase.testIndexedLinkedList()	org.apache.commons.beanutils.LazyDynaBean.set(String,int,Object)
org.apache.commons.collections.ReferenceMap.remove(Object)	org.apache.commons.collections.ReferenceMap.indexFor(int)
org.apache.commons.beanutils.PropertyUtilsBean.getIndexedProperty(Object,String,int)	org.apache.commons.beanutils.DynaBean.getDynaClass()
org.apache.commons.beanutils.LazyDynaMapTestCase.testMappedPropertyUtils()	org.apache.commons.beanutils.PropertyUtils.setProperty(Object,String,Object)
org.apache.commons.beanutils.PropertyUtilsTestCase.testSetSimpleLong()	org.apache.commons.beanutils.PropertyUtils.setSimpleProperty(Object,String,Object)
org.apache.commons.beanutils.PropertyUtilsTestCase.testNestedWithIndex()	org.apache.commons.beanutils.NestedTestBean.getIndexedProperty(int)
org.apache.commons.beanutils.LazyDynaBeanTestCase.testIndexedLinkedList()	org.apache.commons.beanutils.LazyDynaClass.add(String,Class)
org.apache.commons.beanutils.PropertyUtils.describe(Object)	org.apache.commons.beanutils.PropertyUtilsBean.getInstance()
org.apache.commons.beanutils.LazyDynaBeanTestCase.testMappedPropertyUtils()	org.apache.commons.beanutils.LazyDynaClass.isDynaProperty(String)
org.apache.commons.beanutils.locale.LocaleBeanUtils.getMappedProperty(Object,String)	org.apache.commons.beanutils.locale.LocaleBeanUtilsBean.getMappedProperty(Object,String)
org.apache.commons.beanutils.DynaPropertyUtilsTestCase.testGetMappedSlashes()	org.apache.commons.beanutils.DynaBean.set(String,String,Object)
org.apache.commons.beanutils.BeanUtilsTestCase.testSeparateInstances()	org.apache.commons.beanutils.ConvertUtilsBean.register(Converter,Class)
org.apache.commons.beanutils.locale.LocaleBeanUtils.getNestedProperty(Object,String,String)	org.apache.commons.beanutils.locale.LocaleBeanUtilsBean.getLocaleBeanUtilsInstance()
org.apache.commons.beanutils.PropertyUtilsTestCase.testGetDescriptorFloat()	org.apache.commons.beanutils.PropertyUtilsTestCase.testGetDescriptorBase(String,String,String)
org.apache.commons.beanutils.ConvertUtils.setDefaultCharacter(char)	org.apache.commons.beanutils.ConvertUtilsBean.getInstance()
org.apache.commons.beanutils.locale.LocaleConvertUtilsBean.lookup(Class,Locale)	org.apache.commons.collections.FastHashMap.get(Object)
org.apache.commons.beanutils.BasicDynaBeanTestCase.testSetSimpleFloat()	org.apache.commons.beanutils.DynaBean.get(String)
org.apache.commons.beanutils.ConstructorUtils.invokeExactConstructor(Class,Object[])	org.apache.commons.beanutils.ConstructorUtils.invokeExactConstructor(Class,Object[],Class[])
org.apache.commons.beanutils.WrapDynaBean.set(String,Object)	org.apache.commons.beanutils.PropertyUtils.setSimpleProperty(Object,String,Object)
org.apache.commons.beanutils.ConstructorUtilsTestCase.testInvokeConstructorWithArgArray()	org.apache.commons.beanutils.ConstructorUtils.invokeConstructor(Class,Object[])
org.apache.commons.beanutils.LazyDynaMapTestCase.testMappedPropertyRestricted()	org.apache.commons.beanutils.LazyDynaMap.getDynaProperty(String)
org.apache.commons.beanutils.PropertyUtilsBean.getSimpleProperty(Object,String)	org.apache.commons.beanutils.PropertyUtilsBean.getPropertyDescriptor(Object,String)
org.apache.commons.beanutils.LazyDynaBeanTestCase.testIndexedDynaBeanArray()	org.apache.commons.beanutils.LazyDynaBean.set(String,int,Object)
org.apache.commons.beanutils.locale.LocaleBeanificationTestCase.TestIndependenceThread.run()	org.apache.commons.beanutils.locale.LocaleBeanUtils.setProperty(Object,String,Object)
org.apache.commons.beanutils.BeanUtilsTestCase.testArrayPropertyConversion()	org.apache.commons.beanutils.TestBean.getIntArray()
org.apache.commons.beanutils.BeanUtilsBean.setProperty(Object,String,Object)	org.apache.commons.beanutils.PropertyUtilsBean.getPropertyDescriptor(Object,String)
org.apache.commons.beanutils.BasicDynaBeanTestCase.testSerialization()	org.apache.commons.beanutils.BasicDynaBeanTestCase.testGetDescriptorSecond()
org.apache.commons.beanutils.BasicDynaBeanTestCase.testGetSimpleFloat()	org.apache.commons.beanutils.DynaBean.get(String)
org.apache.commons.beanutils.PropertyUtilsBean.getIndexedProperty(Object,String,int)	org.apache.commons.beanutils.DynaClass.getDynaProperty(String)
org.apache.commons.beanutils.locale.LocaleConvertUtilsBean.convert(String[],Class)	org.apache.commons.beanutils.locale.LocaleConvertUtilsBean.convert(String[],Class,Locale,String)
org.apache.commons.beanutils.locale.LocaleConvertUtilsBean.getInstance()	org.apache.commons.beanutils.locale.LocaleBeanUtilsBean.getLocaleBeanUtilsInstance()
org.apache.commons.beanutils.BasicDynaBeanTestCase.testGetIndexedValues()	org.apache.commons.beanutils.DynaBean.get(String,int)
org.apache.commons.beanutils.locale.LocaleBeanificationTestCase.TestIndependenceThread.run()	org.apache.commons.beanutils.locale.LocaleConvertUtils.register(LocaleConverter,Class,Locale)
org.apache.commons.beanutils.BeanUtilsTestCase.testPopulateMapped()	org.apache.commons.beanutils.BeanUtils.populate(Object,Map)
org.apache.commons.beanutils.PropertyUtilsBean.copyProperties(Object,Object)	org.apache.commons.beanutils.DynaProperty.getName()
org.apache.commons.beanutils.locale.LocaleConvertUtils.getApplyLocalized()	org.apache.commons.beanutils.locale.LocaleConvertUtilsBean.getInstance()
org.apache.commons.beanutils.BeanUtils.cloneBean(Object)	org.apache.commons.beanutils.BeanUtilsBean.cloneBean(Object)
org.apache.commons.beanutils.ConstructorUtilsTestCase.testInvokeExactConstructorWithTypeArray()	org.apache.commons.beanutils.TestBean.getBooleanProperty()
org.apache.commons.collections.ReferenceMap.containsKey(Object)	org.apache.commons.collections.ReferenceMap.Entry.getValue()
org.apache.commons.beanutils.BeanUtilsBean.getSimpleProperty(Object,String)	org.apache.commons.beanutils.BeanUtilsBean.getConvertUtils()
org.apache.commons.beanutils.DynaPropertyUtilsTestCase.testGetSimpleBoolean()	org.apache.commons.beanutils.PropertyUtils.getSimpleProperty(Object,String)
org.apache.commons.beanutils.BeanMap.putAllWriteable(BeanMap)	org.apache.commons.beanutils.BeanMap.get(Object)
org.apache.commons.beanutils.DynaPropertyUtilsTestCase.testSetSimpleShort()	org.apache.commons.beanutils.DynaBean.get(String)
org.apache.commons.beanutils.BeanMap.valueIterator()	org.apache.commons.beanutils.BeanMap.keyIterator()
org.apache.commons.beanutils.BeanUtils.getArrayProperty(Object,String)	org.apache.commons.beanutils.BeanUtilsBean.getArrayProperty(Object,String)
org.apache.commons.beanutils.BeanToPropertyValueTransformer.transform(Object)	org.apache.commons.beanutils.PropertyUtils.getProperty(Object,String)
org.apache.commons.beanutils.TestBeanMap.makeFullMap()	org.apache.commons.beanutils.TestBeanMap.BeanWithProperties.setSomeShortValue(short)
org.apache.commons.beanutils.LazyDynaMapTestCase.testIndexedLinkedList()	org.apache.commons.beanutils.LazyDynaMap.add(String,Class)
org.apache.commons.beanutils.LazyDynaBean.set(String,Object)	org.apache.commons.beanutils.MutableDynaClass.isRestricted()
org.apache.commons.beanutils.DynaPropertyUtilsTestCase.testSetSimpleInt()	org.apache.commons.beanutils.PropertyUtils.setSimpleProperty(Object,String,Object)
org.apache.commons.beanutils.BeanUtilsBean.getIndexedProperty(Object,String,int)	org.apache.commons.beanutils.PropertyUtilsBean.getIndexedProperty(Object,String,int)
org.apache.commons.beanutils.LazyDynaMapTestCase.testIndexedPropertyRestricted()	org.apache.commons.beanutils.LazyDynaMap.getDynaProperty(String)
org.apache.commons.beanutils.BeanUtilsBean.getIndexedProperty(Object,String,int)	org.apache.commons.beanutils.BeanUtilsBean.getPropertyUtils()
org.apache.commons.beanutils.LazyDynaClassTestCase.testRemoveProperty()	org.apache.commons.beanutils.LazyDynaClass.remove(String)
org.apache.commons.beanutils.DynaBeanUtilsTestCase.testGetIndexedProperty2()	org.apache.commons.beanutils.DynaBean.get(String,int)
org.apache.commons.beanutils.DynaBeanUtilsTestCase.testCopyPropertyNestedSimple()	org.apache.commons.beanutils.DynaBean.set(String,Object)
org.apache.commons.beanutils.BeanificationTestCase.testContextClassLoaderUnset()	org.apache.commons.beanutils.ContextClassLoaderLocal.set(Object)
org.apache.commons.beanutils.ConvertUtils.setDefaultInteger(int)	org.apache.commons.beanutils.ConvertUtilsBean.getInstance()
org.apache.commons.beanutils.DynaProperty.readObject(ObjectInputStream)	org.apache.commons.beanutils.DynaProperty.readAnyClass(ObjectInputStream)
org.apache.commons.beanutils.BeanUtilsTestCase.testSetPropertyWriteOnly()	org.apache.commons.beanutils.TestBean.setWriteOnlyProperty(String)
org.apache.commons.beanutils.LazyDynaBeanTestCase.testIndexedPrimitiveArray()	org.apache.commons.beanutils.LazyDynaBean.get(String,int)
org.apache.commons.beanutils.BeanificationTestCase.testBeanUtilsBeanSetInstance()	org.apache.commons.beanutils.BeanificationTestCase.Signal.setSignal(int)
org.apache.commons.beanutils.BeanUtilsTestCase.testCopyPropertiesStandard()	org.apache.commons.beanutils.TestBean.getShortProperty()
org.apache.commons.beanutils.BasicDynaBeanTestCase.testSerialization()	org.apache.commons.beanutils.BasicDynaBeanTestCase.testGetIndexedValues()
org.apache.commons.beanutils.DynaBeanUtilsTestCase.testCopyPropertyDouble()	org.apache.commons.beanutils.BeanUtils.setProperty(Object,String,Object)
org.apache.commons.beanutils.DynaPropertyUtilsTestCase.testSetNestedUnknown()	org.apache.commons.beanutils.PropertyUtils.setNestedProperty(Object,String,Object)
org.apache.commons.beanutils.DynaResultSetTestCase.testGetDynaProperty()	org.apache.commons.beanutils.DynaProperty.getType()
org.apache.commons.beanutils.locale.LocaleConvertUtils.lookup(Locale)	org.apache.commons.beanutils.locale.LocaleConvertUtilsBean.getInstance()
org.apache.commons.beanutils.PropertyUtilsTestCase.testGetMappedSlashes()	org.apache.commons.beanutils.PropertyUtils.getMappedProperty(Object,String,String)
org.apache.commons.beanutils.MethodUtilsTestCase.testPublicSub()	org.apache.commons.beanutils.priv.PackageBean.getBar()
org.apache.commons.collections.ReferenceMap.getEntry(Object)	org.apache.commons.collections.ReferenceMap.Entry.getKey()
org.apache.commons.beanutils.TestBeanMap.makeFullMap()	org.apache.commons.beanutils.TestBeanMap.BeanWithProperties.setSomeCharValue(char)
org.apache.commons.beanutils.BeanUtilsTestCase.testPopulateScalar()	org.apache.commons.beanutils.TestBean.getStringProperty()
org.apache.commons.beanutils.MethodUtilsTestCase.testInvokeMethod()	org.apache.commons.beanutils.MethodUtils.invokeExactMethod(Object,String,Object[],Class[])
org.apache.commons.beanutils.PropertyUtilsTestCase.testSetSimpleFloat()	org.apache.commons.beanutils.PropertyUtils.setSimpleProperty(Object,String,Object)
org.apache.commons.beanutils.MethodUtilsTestCase.testSimpleStatic1()	org.apache.commons.beanutils.MethodUtils.invokeMethod(Object,String,Object[],Class[])
org.apache.commons.beanutils.locale.LocaleConvertUtils.convert(Object)	org.apache.commons.beanutils.locale.LocaleConvertUtilsBean.getInstance()
org.apache.commons.beanutils.locale.LocaleBeanificationTestCase.GetBeanUtilsBeanThread.run()	org.apache.commons.beanutils.locale.LocaleBeanificationTestCase.Signal.setSignal(int)
org.apache.commons.beanutils.PropertyUtilsTestCase.testGetNestedBoolean()	org.apache.commons.beanutils.TestBean.getNested()
org.apache.commons.beanutils.PropertyUtilsTestCase.testGetMappedValues()	org.apache.commons.beanutils.PropertyUtils.getMappedProperty(Object,String)
org.apache.commons.beanutils.LazyDynaBean.get(String,String)	org.apache.commons.beanutils.LazyDynaBean.set(String,Object)
org.apache.commons.beanutils.PropertyUtilsTestCase.testGetDescriptorLong()	org.apache.commons.beanutils.PropertyUtilsTestCase.testGetDescriptorBase(String,String,String)
org.apache.commons.beanutils.BeanUtilsBean.getProperty(Object,String)	org.apache.commons.beanutils.BeanUtilsBean.getNestedProperty(Object,String)
org.apache.commons.beanutils.BeanUtilsBean.setProperty(Object,String,Object)	org.apache.commons.beanutils.MappedPropertyDescriptor.getMappedWriteMethod()
org.apache.commons.beanutils.locale.converters.DoubleLocaleConverter.parse(Object,String)	org.apache.commons.beanutils.locale.converters.DecimalLocaleConverter.parse(Object,String)
org.apache.commons.beanutils.BeanComparator.compare(Object,Object)	org.apache.commons.beanutils.PropertyUtils.getProperty(Object,String)
org.apache.commons.beanutils.BeanificationTestCase.GetBeanUtilsBeanThread.run()	org.apache.commons.beanutils.BeanificationTestCase.Signal.setPropertyUtils(PropertyUtilsBean)
org.apache.commons.collections.ReferenceMap.toArray(Object[])	org.apache.commons.collections.ReferenceMap.Entry.getValue()
org.apache.commons.beanutils.LazyDynaClassTestCase.testAddPropertyRestricted2()	org.apache.commons.beanutils.LazyDynaClass.add(String,Class)
org.apache.commons.beanutils.PropertyUtilsTestCase.testSetMappedArguments()	org.apache.commons.beanutils.PropertyUtils.setMappedProperty(Object,String,String,Object)
org.apache.commons.beanutils.BeanificationTestCase.testMemoryLeak2()	org.apache.commons.beanutils.BeanificationTestCase.isPre14JVM()
org.apache.commons.beanutils.PropertyUtilsBenchCase.setUp()	org.apache.commons.beanutils.DynaClass.newInstance()
org.apache.commons.beanutils.PropertyUtils.getMappedProperty(Object,String)	org.apache.commons.beanutils.PropertyUtilsBean.getMappedProperty(Object,String)
org.apache.commons.beanutils.locale.LocaleBeanificationTestCase.GetBeanUtilsBeanThread.run()	org.apache.commons.beanutils.locale.LocaleConvertUtilsBean.getInstance()
org.apache.commons.beanutils.BasicDynaBeanTestCase.testSetIndexedValues()	org.apache.commons.beanutils.DynaBean.get(String,int)
org.apache.commons.beanutils.LazyDynaBeanTestCase.testIndexedObjectArray()	org.apache.commons.beanutils.LazyDynaBean.get(String)
org.apache.commons.beanutils.LazyDynaBean.set(String,String,Object)	org.apache.commons.beanutils.LazyDynaBean.set(String,Object)
org.apache.commons.beanutils.LazyDynaMapTestCase.testIndexedPrimitiveArray()	org.apache.commons.beanutils.LazyDynaMap.getDynaProperty(String)
org.apache.commons.beanutils.converters.BooleanArrayConverter.convert(Class,Object)	org.apache.commons.beanutils.converters.AbstractArrayConverter.parseElements(String)
org.apache.commons.beanutils.BasicDynaBeanTestCase.testSerialization()	org.apache.commons.beanutils.BasicDynaBeanTestCase.testGetDescriptorLong()
org.apache.commons.beanutils.DynaPropertyUtilsTestCase.testGetNestedBoolean()	org.apache.commons.beanutils.DynaBean.get(String)
org.apache.commons.beanutils.PropertyUtilsTestCase.testSetSimpleArguments()	org.apache.commons.beanutils.PropertyUtils.setSimpleProperty(Object,String,Object)
org.apache.commons.beanutils.ConvertUtilsTestCase.testNegativeIntegerArray()	org.apache.commons.beanutils.ConvertUtilsTestCase.checkIntegerArray(Object,int[])
org.apache.commons.beanutils.LazyDynaBeanTestCase.testIndexedDynaBeanArray()	org.apache.commons.beanutils.DynaBean.get(String)
org.apache.commons.beanutils.LazyDynaBeanTestCase.testIndexedPropertyRestricted()	org.apache.commons.beanutils.LazyDynaClass.getDynaProperty(String)
org.apache.commons.beanutils.DynaPropertyUtilsTestCase.testSetNestedShort()	org.apache.commons.beanutils.PropertyUtils.setNestedProperty(Object,String,Object)
org.apache.commons.beanutils.DynaBeanUtilsTestCase.testDescribe()	org.apache.commons.beanutils.PropertyUtils.describe(Object)
org.apache.commons.beanutils.BeanUtilsTestCase.testCopyPropertyFloat()	org.apache.commons.beanutils.BeanUtils.copyProperty(Object,String,Object)
org.apache.commons.beanutils.PropertyUtilsTestCase.testGetDescriptorBase(String,String,String)	org.apache.commons.beanutils.PropertyUtils.getPropertyDescriptor(Object,String)
org.apache.commons.beanutils.ConstructorUtils.invokeExactConstructor(Class,Object)	org.apache.commons.beanutils.ConstructorUtils.invokeExactConstructor(Class,Object[])
org.apache.commons.beanutils.BeanificationTestCase.GetBeanUtilsBeanThread.run()	org.apache.commons.beanutils.BeanificationTestCase.Signal.setBean(BeanUtilsBean)
org.apache.commons.collections.ReferenceMap.remove(Object)	org.apache.commons.collections.ReferenceMap.Entry.getKey()
org.apache.commons.beanutils.BeanToPropertyValueTransformerTest.testTransformWithNestedProperty()	org.apache.commons.beanutils.BeanToPropertyValueTransformer.transform(Object)
org.apache.commons.beanutils.locale.LocaleBeanUtils.setProperty(Object,String,Object,String)	org.apache.commons.beanutils.locale.LocaleBeanUtilsBean.getLocaleBeanUtilsInstance()
org.apache.commons.beanutils.LazyDynaClassTestCase.testAddPropertyRestricted1()	org.apache.commons.beanutils.LazyDynaClass.add(String)
org.apache.commons.beanutils.MethodUtils.invokeExactMethod(Object,String,Object[])	org.apache.commons.beanutils.MethodUtils.invokeExactMethod(Object,String,Object[],Class[])
org.apache.commons.beanutils.locale.LocaleBeanUtilsBean.getSimpleProperty(Object,String,String)	org.apache.commons.beanutils.locale.LocaleBeanUtilsBean.getLocaleConvertUtils()
org.apache.commons.beanutils.LazyDynaClassTestCase.testGetPropertyDoesntExist1()	org.apache.commons.beanutils.LazyDynaClass.getDynaProperty(String)
org.apache.commons.beanutils.JDBCDynaClass.introspect(ResultSet)	org.apache.commons.beanutils.DynaProperty.getName()
org.apache.commons.beanutils.DynaBeanUtilsTestCase.testCopyPropertyFloat()	org.apache.commons.beanutils.BeanUtils.setProperty(Object,String,Object)
org.apache.commons.collections.FastHashMap.CollectionView.contains(Object)	org.apache.commons.collections.FastHashMap.CollectionView.get(Map)
org.apache.commons.beanutils.PropertyUtilsTestCase.testGetNestedInt()	org.apache.commons.beanutils.PropertyUtils.getNestedProperty(Object,String)
org.apache.commons.beanutils.BasicDynaBeanTestCase.testMappedRemove()	org.apache.commons.beanutils.DynaBean.remove(String,String)
org.apache.commons.beanutils.BeanPropertyValueEqualsPredicateTest.testEvaluateWithPrimitiveAndNull()	org.apache.commons.beanutils.BeanPropertyValueEqualsPredicate.evaluate(Object)
org.apache.commons.beanutils.TestBeanMap.testBeanMapPutAllWriteable()	org.apache.commons.beanutils.BeanMap.putAllWriteable(BeanMap)
org.apache.commons.beanutils.ConvertUtils.setDefaultLong(long)	org.apache.commons.beanutils.ConvertUtilsBean.setDefaultLong(long)
org.apache.commons.beanutils.MethodUtilsTestCase.testInvokeMethod()	org.apache.commons.beanutils.MethodUtils.invokeMethod(Object,String,Object[])
org.apache.commons.beanutils.BeanUtilsTestCase.testSetPropertyWriteOnly()	org.apache.commons.beanutils.TestBean.getWriteOnlyPropertyValue()
org.apache.commons.beanutils.BeanUtilsTestCase.testPopulateScalar()	org.apache.commons.beanutils.BeanUtils.populate(Object,Map)
org.apache.commons.beanutils.DynaProperty.readObject(ObjectInputStream)	org.apache.commons.beanutils.DynaProperty.isMapped()
org.apache.commons.beanutils.locale.LocaleBeanUtilsBean.convert(Class,int,Object)	org.apache.commons.beanutils.ConvertUtils.convert(String,Class)
org.apache.commons.collections.ReferenceMap.KeyIterator.next()	org.apache.commons.collections.ReferenceMap.EntryIterator.nextEntry()
org.apache.commons.beanutils.BeanMap.put(Object,Object)	org.apache.commons.beanutils.BeanMap.firePropertyChange(Object,Object,Object)
org.apache.commons.beanutils.locale.LocaleBeanUtilsBean.getIndexedProperty(Object,String)	org.apache.commons.beanutils.locale.LocaleBeanUtilsBean.getIndexedProperty(Object,String,String)
org.apache.commons.beanutils.BeanUtilsBean.getNestedProperty(Object,String)	org.apache.commons.beanutils.BeanUtilsBean.getConvertUtils()
org.apache.commons.beanutils.DynaPropertyUtilsTestCase.testGetSimpleLong()	org.apache.commons.beanutils.PropertyUtils.getSimpleProperty(Object,String)
org.apache.commons.beanutils.locale.converters.DateLocaleConverter.convertLocalizedPattern(String,Locale)	org.apache.commons.beanutils.locale.converters.DateLocaleConverter.convertPattern(String,String,String)
org.apache.commons.beanutils.PropertyUtilsBean.setNestedProperty(Object,String,Object)	org.apache.commons.beanutils.PropertyUtilsBean.getIndexedProperty(Object,String)
org.apache.commons.beanutils.BeanUtilsTestCase.testCopyPropertiesMap()	org.apache.commons.beanutils.TestBean.getShortProperty()
org.apache.commons.beanutils.WrapDynaClass.introspect()	org.apache.commons.beanutils.DynaProperty.getName()
org.apache.commons.beanutils.PropertyUtilsBenchCase.testCopyPropertiesDyna()	org.apache.commons.beanutils.PropertyUtilsBean.copyProperties(Object,Object)
org.apache.commons.beanutils.locale.LocaleBeanUtilsBean.getMappedProperty(Object,String)	org.apache.commons.beanutils.locale.LocaleBeanUtilsBean.getMappedPropertyLocale(Object,String,String)
org.apache.commons.beanutils.locale.LocaleBeanUtilsBean.getMappedPropertyLocale(Object,String,String)	org.apache.commons.beanutils.BeanUtilsBean.getPropertyUtils()
org.apache.commons.beanutils.BeanUtilsBenchCase.testCopyPropertiesMap()	org.apache.commons.beanutils.BeanUtilsBean.copyProperties(Object,Object)
org.apache.commons.beanutils.DynaPropertyUtilsTestCase.testGetSimpleShort()	org.apache.commons.beanutils.PropertyUtils.getSimpleProperty(Object,String)
org.apache.commons.beanutils.PropertyUtils.getIndexedProperty(Object,String)	org.apache.commons.beanutils.PropertyUtilsBean.getInstance()
org.apache.commons.beanutils.LazyDynaMapTestCase.testMappedPropertyDefault()	org.apache.commons.beanutils.LazyDynaBean.set(String,String,Object)
org.apache.commons.beanutils.ConvertUtils.setDefaultByte(byte)	org.apache.commons.beanutils.ConvertUtilsBean.getInstance()
org.apache.commons.beanutils.DynaBeanUtilsTestCase.testCopyPropertyInteger()	org.apache.commons.beanutils.BeanUtils.setProperty(Object,String,Object)
org.apache.commons.collections.ReferenceMap.toArray(Object[])	org.apache.commons.collections.ReferenceMap.iterator()
org.apache.commons.beanutils.locale.LocaleBeanificationTestCase.testContextClassloaderIndependence()	org.apache.commons.beanutils.locale.LocaleBeanUtils.setProperty(Object,String,Object)
org.apache.commons.beanutils.LazyDynaBean.set(String,Object)	org.apache.commons.beanutils.DynaProperty.getType()
org.apache.commons.beanutils.BeanUtilsTestCase.testPopulateNested()	org.apache.commons.beanutils.TestBean.getIntProperty()
org.apache.commons.beanutils.PropertyUtilsTestCase.testThrowNestedNull()	org.apache.commons.beanutils.PropertyUtils.getProperty(Object,String)
org.apache.commons.beanutils.PropertyUtilsTestCase.testNestedWithIndex()	org.apache.commons.beanutils.PropertyUtils.getProperty(Object,String)
org.apache.commons.beanutils.locale.LocaleBeanUtilsBean.setProperty(Object,String,Object)	org.apache.commons.beanutils.locale.LocaleBeanUtilsBean.setProperty(Object,String,Object,String)
org.apache.commons.beanutils.BeanPropertyValueChangeClosureTest.testExecuteWithNullInPropertyPath()	org.apache.commons.beanutils.BeanPropertyValueChangeClosure.execute(Object)
org.apache.commons.beanutils.BeanUtilsTestCase.testGetIndexedProperty1()	org.apache.commons.beanutils.TestBean.getStringIndexed(int)
org.apache.commons.beanutils.BeanUtils.getMappedProperty(Object,String)	org.apache.commons.beanutils.BeanUtilsBean.getInstance()
org.apache.commons.beanutils.BeanUtilsTestCase.testCopyPropertiesStandard()	org.apache.commons.beanutils.TestBean.setStringProperty(String)
org.apache.commons.beanutils.BeanificationTestCase.testContextClassLoaderUnset()	org.apache.commons.beanutils.ContextClassLoaderLocal.unset()
org.apache.commons.beanutils.PropertyUtilsTestCase.testCopyPropertiesMap()	org.apache.commons.beanutils.TestBean.getDoubleProperty()
org.apache.commons.collections.ReferenceMap.EntryIterator.nextEntry()	org.apache.commons.collections.ReferenceMap.EntryIterator.nextNull()
org.apache.commons.beanutils.BeanUtilsBean.getIndexedProperty(Object,String,int)	org.apache.commons.beanutils.BeanUtilsBean.getConvertUtils()
org.apache.commons.beanutils.PropertyUtilsTestCase.testGetSimpleFloat()	org.apache.commons.beanutils.PropertyUtils.getSimpleProperty(Object,String)
org.apache.commons.beanutils.converters.ByteConverterTestCase.testSimpleConversion()	org.apache.commons.beanutils.Converter.convert(Class,Object)
org.apache.commons.beanutils.LazyDynaBeanTestCase.testSimpleProperty()	org.apache.commons.beanutils.LazyDynaBean.set(String,Object)
org.apache.commons.beanutils.PropertyUtilsBean.getIndexedProperty(Object,String,int)	org.apache.commons.beanutils.PropertyUtilsBean.getReadMethod(PropertyDescriptor)
org.apache.commons.beanutils.MappedPropertyDescriptor.findMethod(Class,String,int,Class[])	org.apache.commons.beanutils.MappedPropertyDescriptor.internalFindMethod(Class,String,int,Class[])
org.apache.commons.beanutils.BasicDynaBeanTestCase.testSerialization()	org.apache.commons.beanutils.BasicDynaBeanTestCase.testGetDescriptorInt()
org.apache.commons.beanutils.locale.converters.DoubleLocaleConverterTestCase.tearDown()	org.apache.commons.beanutils.locale.converters.BaseLocaleConverterTestCase.tearDown()
org.apache.commons.beanutils.BeanUtilsBenchCase.testPopulateMap()	org.apache.commons.beanutils.BeanUtilsBean.populate(Object,Map)
org.apache.commons.beanutils.DynaPropertyUtilsTestCase.testGetIndexedArguments()	org.apache.commons.beanutils.PropertyUtils.getIndexedProperty(Object,String,int)
org.apache.commons.beanutils.BeanUtilsBenchCase.testPopulateStrs()	org.apache.commons.beanutils.BeanUtilsBean.populate(Object,Map)
org.apache.commons.beanutils.BeanPropertyValueEqualsPredicate.evaluate(Object)	org.apache.commons.beanutils.PropertyUtils.getProperty(Object,String)
org.apache.commons.beanutils.locale.LocaleBeanUtils.definePropertyType(Object,String,String)	org.apache.commons.beanutils.locale.LocaleBeanUtilsBean.definePropertyType(Object,String,String)
org.apache.commons.beanutils.LazyDynaClassTestCase.testRemovePropertyRestricted()	org.apache.commons.beanutils.LazyDynaClass.remove(String)
org.apache.commons.beanutils.LazyDynaMap.add(DynaProperty)	org.apache.commons.beanutils.LazyDynaMap.add(String,Class)
org.apache.commons.beanutils.BeanificationTestCase.testContextClassloaderIndependence()	org.apache.commons.beanutils.ConvertUtils.register(Converter,Class)
org.apache.commons.collections.ReferenceMap.Entry.equals(Object)	org.apache.commons.collections.ReferenceMap.Entry.getKey()
org.apache.commons.beanutils.PropertyUtilsBenchCase.testCopyPropertiesBean()	org.apache.commons.beanutils.PropertyUtilsBean.copyProperties(Object,Object)
org.apache.commons.beanutils.LazyDynaMapTestCase.testSimplePropertyRestricted()	org.apache.commons.beanutils.LazyDynaMap.set(String,Object)
org.apache.commons.beanutils.PropertyUtils.setIndexedProperty(Object,String,int,Object)	org.apache.commons.beanutils.PropertyUtilsBean.setIndexedProperty(Object,String,int,Object)
org.apache.commons.beanutils.DynaBeanUtilsTestCase.testCopyPropertyNestedMappedMap()	org.apache.commons.beanutils.DynaBeanUtilsTestCase.checkMap(Map,Map)
org.apache.commons.beanutils.ConvertUtils.convert(String[],Class)	org.apache.commons.beanutils.ConvertUtilsBean.getInstance()
org.apache.commons.beanutils.PropertyUtilsTestCase.testGetSetInnerBean()	org.apache.commons.beanutils.BeanWithInnerBean.getInnerBean()
org.apache.commons.beanutils.BeanToPropertyValueTransformerTest.testTransformWithSimpleStringProperty()	org.apache.commons.beanutils.BeanToPropertyValueTransformer.transform(Object)
org.apache.commons.beanutils.PropertyUtilsTestCase.testNestedWithIndex()	org.apache.commons.beanutils.NestedTestBean.getTestString()
org.apache.commons.beanutils.BasicDynaBeanTestCase.testGetDescriptorFloat()	org.apache.commons.beanutils.BasicDynaBeanTestCase.testGetDescriptorBase(String,Class)
org.apache.commons.beanutils.LazyDynaMapTestCase.testIndexedDynaBeanArray()	org.apache.commons.beanutils.LazyDynaBean.set(String,int,Object)
org.apache.commons.beanutils.PropertyUtilsTestCase.testGetNestedBoolean()	org.apache.commons.beanutils.PropertyUtils.getNestedProperty(Object,String)
org.apache.commons.beanutils.PropertyUtilsTestCase.testGetMappedPeriods()	org.apache.commons.beanutils.PropertyUtils.getNestedProperty(Object,String)
org.apache.commons.beanutils.ConvertUtils.getDefaultByte()	org.apache.commons.beanutils.ConvertUtilsBean.getInstance()
org.apache.commons.beanutils.DynaPropertyUtilsTestCase.testGetSimpleIndexed()	org.apache.commons.beanutils.PropertyUtils.getSimpleProperty(Object,String)
org.apache.commons.beanutils.LazyDynaMapTestCase.testIndexedDynaBeanArray()	org.apache.commons.beanutils.DynaBean.get(String)
org.apache.commons.beanutils.PropertyUtilsTestCase.testGetNestedWriteOnly()	org.apache.commons.beanutils.PropertyUtils.getNestedProperty(Object,String)
org.apache.commons.beanutils.BeanUtilsTestCase.testSetPropertyFloat()	org.apache.commons.beanutils.BeanUtils.setProperty(Object,String,Object)
org.apache.commons.beanutils.BeanUtilsTestCase.testGetNestedProperty()	org.apache.commons.beanutils.TestBean.getStringProperty()
org.apache.commons.beanutils.DynaBeanUtilsTestCase.testCopyPropertyShort()	org.apache.commons.beanutils.DynaBean.get(String)
org.apache.commons.beanutils.PropertyUtilsTestCase.testGetNestedReadOnly()	org.apache.commons.beanutils.PropertyUtils.getNestedProperty(Object,String)
org.apache.commons.beanutils.BeanPropertyValueChangeClosureTest.testExecuteWithSimpleBooleanPropertyAndBooleanValue()	org.apache.commons.beanutils.TestBean.getBooleanProperty()
org.apache.commons.beanutils.BeanUtilsTestCase.testCopyPropertiesMap()	org.apache.commons.beanutils.TestBean.getFloatProperty()
org.apache.commons.beanutils.BeanUtilsTestCase.testPopulateScalar()	org.apache.commons.beanutils.TestBean.getIntProperty()
org.apache.commons.beanutils.locale.LocaleBeanUtils.getProperty(Object,String)	org.apache.commons.beanutils.locale.LocaleBeanUtilsBean.getLocaleBeanUtilsInstance()
org.apache.commons.beanutils.BeanPropertyValueChangeClosureTest.testExecuteWithWriteOnlyProperty()	org.apache.commons.beanutils.TestBean.getWriteOnlyPropertyValue()
org.apache.commons.beanutils.BeanToPropertyValueTransformerTest.testTransformWithSimpleLongProperty()	org.apache.commons.beanutils.BeanToPropertyValueTransformer.transform(Object)
org.apache.commons.beanutils.BeanificationTestCase.GetBeanUtilsBeanThread.run()	org.apache.commons.beanutils.BeanificationTestCase.Signal.setSignal(int)
org.apache.commons.beanutils.BasicDynaBeanTestCase.testGetDescriptorArguments()	org.apache.commons.beanutils.DynaBean.getDynaClass()
org.apache.commons.beanutils.BeanUtilsTestCase.testPopulateScalar()	org.apache.commons.beanutils.TestBean.getShortProperty()
org.apache.commons.beanutils.DynaBeanUtilsTestCase.testPopulateNested()	org.apache.commons.beanutils.DynaBean.get(String)
org.apache.commons.beanutils.BeanPropertyValueEqualsPredicateTest.testEvaluateWithDoubleProperty()	org.apache.commons.beanutils.BeanPropertyValueEqualsPredicate.evaluate(Object)
org.apache.commons.beanutils.BeanPropertyValueEqualsPredicateTest.testEvaluateWithReadOnlyProperty()	org.apache.commons.beanutils.BeanPropertyValueEqualsPredicate.evaluate(Object)
org.apache.commons.beanutils.WrapDynaBean.set(String,int,Object)	org.apache.commons.beanutils.PropertyUtils.setIndexedProperty(Object,String,int,Object)
org.apache.commons.beanutils.LazyDynaBean.set(String,String,Object)	org.apache.commons.beanutils.LazyDynaBean.isDynaProperty(String)
org.apache.commons.beanutils.BasicDynaBeanTestCase.testSetSimpleInt()	org.apache.commons.beanutils.DynaBean.set(String,Object)
org.apache.commons.beanutils.DynaPropertyUtilsTestCase.testSetSimpleLong()	org.apache.commons.beanutils.DynaBean.get(String)
org.apache.commons.beanutils.locale.LocaleBeanUtilsBean.getMappedProperty(Object,String,String,String)	org.apache.commons.beanutils.locale.LocaleBeanUtilsBean.getLocaleConvertUtils()
org.apache.commons.beanutils.BeanPropertyValueEqualsPredicateTest.testEvaluateWithBooleanProperty()	org.apache.commons.beanutils.BeanPropertyValueEqualsPredicate.evaluate(Object)
org.apache.commons.beanutils.BeanUtilsBean.describe(Object)	org.apache.commons.beanutils.PropertyUtilsBean.getPropertyDescriptors(Object)
org.apache.commons.beanutils.BasicDynaBean.getDynaProperty(String)	org.apache.commons.beanutils.BasicDynaBean.getDynaClass()
org.apache.commons.beanutils.PropertyUtilsTestCase.testSetNestedFloat()	org.apache.commons.beanutils.PropertyUtils.setNestedProperty(Object,String,Object)
org.apache.commons.beanutils.BeanUtilsBean.getMappedProperty(Object,String,String)	org.apache.commons.beanutils.BeanUtilsBean.getConvertUtils()
org.apache.commons.beanutils.BeanPropertyValueChangeClosureTest.testExecuteWithSimpleDoublePropertyAndStringValue()	org.apache.commons.beanutils.BeanPropertyValueChangeClosure.execute(Object)
org.apache.commons.beanutils.PropertyUtils.getPropertyType(Object,String)	org.apache.commons.beanutils.PropertyUtilsBean.getInstance()
org.apache.commons.beanutils.BeanMap.entryIterator()	org.apache.commons.beanutils.BeanMap.get(Object)
org.apache.commons.beanutils.BeanUtilsBean.getSimpleProperty(Object,String)	org.apache.commons.beanutils.BeanUtilsBean.getPropertyUtils()
org.apache.commons.beanutils.locale.LocaleBeanificationTestCase.testGetByContextClassLoader()	org.apache.commons.beanutils.locale.LocaleBeanificationTestCase.Signal.setConvertUtils(LocaleConvertUtilsBean)
org.apache.commons.beanutils.TestBean.incrementCounter()	org.apache.commons.beanutils.TestBean.incrementCounter(int)
org.apache.commons.beanutils.LazyDynaMapTestCase.testIndexedInvalidType()	org.apache.commons.beanutils.DynaProperty.isIndexed()
org.apache.commons.beanutils.ConvertUtilsBean.getInstance()	org.apache.commons.beanutils.BeanUtilsBean.getInstance()
org.apache.commons.beanutils.LazyDynaBean.get(String,String)	org.apache.commons.beanutils.LazyDynaBean.get(String)
org.apache.commons.beanutils.locale.LocaleBeanUtils.getNestedProperty(Object,String)	org.apache.commons.beanutils.locale.LocaleBeanUtilsBean.getLocaleBeanUtilsInstance()
org.apache.commons.beanutils.DynaPropertyUtilsTestCase.testSetSimpleShort()	org.apache.commons.beanutils.PropertyUtils.setSimpleProperty(Object,String,Object)
org.apache.commons.beanutils.PropertyUtilsTestCase.testSetNestedBoolean()	org.apache.commons.beanutils.TestBean.getNested()
org.apache.commons.beanutils.ConstructorUtilsTestCase.testInvokeConstructor()	org.apache.commons.beanutils.TestBean.getFloatProperty()
org.apache.commons.beanutils.locale.converters.ShortLocaleConverter.parse(Object,String)	org.apache.commons.beanutils.locale.converters.DecimalLocaleConverter.parse(Object,String)
org.apache.commons.beanutils.PropertyUtilsBean.setSimpleProperty(Object,String,Object)	org.apache.commons.beanutils.DynaBean.set(String,Object)
org.apache.commons.beanutils.BasicDynaBeanTestCase.testGetDescriptorArguments()	org.apache.commons.beanutils.DynaClass.getDynaProperty(String)
org.apache.commons.beanutils.PropertyUtilsTestCase.testSetNestedReadOnly()	org.apache.commons.beanutils.PropertyUtils.setNestedProperty(Object,String,Object)
org.apache.commons.collections.ReferenceMap.purge(Reference)	org.apache.commons.collections.ReferenceMap.indexFor(int)
org.apache.commons.beanutils.TestBeanMap.makeFullMap()	org.apache.commons.beanutils.TestBeanMap.BeanWithProperties.setSomeIntegerValue(Integer)
org.apache.commons.beanutils.RowSetDynaClass.copy(ResultSet)	org.apache.commons.beanutils.DynaBean.set(String,Object)
org.apache.commons.beanutils.locale.LocaleBeanificationTestCase.testContextClassloaderIndependence()	org.apache.commons.beanutils.locale.LocaleConvertUtils.register(LocaleConverter,Class,Locale)
org.apache.commons.beanutils.PropertyUtilsTestCase.testGetDescriptorUnknown()	org.apache.commons.beanutils.PropertyUtilsTestCase.testGetDescriptorBase(String,String,String)
org.apache.commons.beanutils.BeanificationTestCase.testContextClassLoaderLocal()	org.apache.commons.beanutils.ContextClassLoaderLocal.get()
org.apache.commons.beanutils.ConstructorUtilsTestCase.testInvokeExactConstructorWithTypeArray()	org.apache.commons.beanutils.TestBean.getFloatProperty()
org.apache.commons.beanutils.DynaPropertyUtilsTestCase.testSetNestedLong()	org.apache.commons.beanutils.TestBean.getLongProperty()
org.apache.commons.beanutils.PropertyUtils.getProperty(Object,String)	org.apache.commons.beanutils.PropertyUtilsBean.getInstance()
org.apache.commons.beanutils.locale.converters.DateLocaleConverterTestCase.testSetLenient()	org.apache.commons.beanutils.locale.BaseLocaleConverter.convert(Object)
org.apache.commons.beanutils.BeanUtils.getArrayProperty(Object,String)	org.apache.commons.beanutils.BeanUtilsBean.getInstance()
org.apache.commons.beanutils.PropertyUtilsBean.getPropertyDescriptor(Object,String)	org.apache.commons.collections.FastHashMap.get(Object)
org.apache.commons.beanutils.BeanificationTestCase.testContextClassloaderIndependence()	org.apache.commons.beanutils.PrimitiveBean.getInt()
org.apache.commons.beanutils.locale.converters.BigDecimalLocaleConverterTestCase.tearDown()	org.apache.commons.beanutils.locale.converters.BaseLocaleConverterTestCase.tearDown()
org.apache.commons.beanutils.DynaBeanUtilsTestCase.testCopyPropertyNestedMappedMap()	org.apache.commons.beanutils.BeanUtils.copyProperty(Object,String,Object)
org.apache.commons.beanutils.BasicDynaBeanTestCase.testSerialization()	org.apache.commons.beanutils.DynaBean.getDynaClass()
org.apache.commons.beanutils.BeanMap.next()	org.apache.commons.beanutils.BeanMap.get(Object)
org.apache.commons.beanutils.BeanPropertyValueEqualsPredicateTest.testEvaluateWithMappedProperty()	org.apache.commons.beanutils.BeanPropertyValueEqualsPredicate.evaluate(Object)
org.apache.commons.beanutils.locale.LocaleBeanificationTestCase.testContextClassloaderIndependence()	org.apache.commons.beanutils.locale.LocaleBeanificationTestCase.Signal.setSignal(int)
org.apache.commons.beanutils.BeanUtils.getProperty(Object,String)	org.apache.commons.beanutils.BeanUtilsBean.getInstance()
org.apache.commons.beanutils.PropertyUtilsTestCase.testGetDescriptorReadOnly()	org.apache.commons.beanutils.PropertyUtilsTestCase.testGetDescriptorBase(String,String,String)
org.apache.commons.beanutils.BeanPropertyValueChangeClosureTest.testExecuteWithSimpleBytePropertyAndByteValue()	org.apache.commons.beanutils.TestBean.getByteProperty()
org.apache.commons.beanutils.LazyDynaBeanTestCase.testIndexedObjectArray()	org.apache.commons.beanutils.LazyDynaBean.set(String,int,Object)
org.apache.commons.beanutils.DynaPropertyUtilsTestCase.testSetNestedLong()	org.apache.commons.beanutils.PropertyUtils.setNestedProperty(Object,String,Object)
org.apache.commons.beanutils.DynaBeanUtilsTestCase.testPopulateMapped()	org.apache.commons.beanutils.DynaBean.get(String,String)
org.apache.commons.beanutils.DynaPropertyUtilsTestCase.testGetMappedPeriods()	org.apache.commons.beanutils.DynaBean.get(String,String)
org.apache.commons.beanutils.BasicDynaBeanTestCase.testGetSimpleArguments()	org.apache.commons.beanutils.DynaBean.get(String)
org.apache.commons.beanutils.DynaPropertyUtilsTestCase.testSetNestedBoolean()	org.apache.commons.beanutils.TestBean.getBooleanProperty()
org.apache.commons.beanutils.locale.LocaleConvertUtils.convert(Object,String)	org.apache.commons.beanutils.locale.LocaleConvertUtilsBean.convert(Object,String)
org.apache.commons.beanutils.locale.LocaleConvertUtilsBean.register(LocaleConverter,Class,Locale)	org.apache.commons.beanutils.locale.LocaleConvertUtilsBean.lookup(Locale)
org.apache.commons.beanutils.BeanMap.Entry.setValue(Object)	org.apache.commons.collections.keyvalue.AbstractMapEntry.setValue(Object)
org.apache.commons.beanutils.LazyDynaClassTestCase.testRemoveProperty()	org.apache.commons.beanutils.LazyDynaClass.isDynaProperty(String)
org.apache.commons.beanutils.PropertyUtilsBean.isReadable(Object,String)	org.apache.commons.beanutils.DynaClass.getDynaProperty(String)
org.apache.commons.beanutils.BeanUtilsTestCase.testCopyPropertiesStandard()	org.apache.commons.beanutils.TestBean.setShortProperty(short)
org.apache.commons.beanutils.LazyDynaClassTestCase.testAddPropertyRestricted3()	org.apache.commons.beanutils.LazyDynaClass.isRestricted()
org.apache.commons.beanutils.PropertyUtils.setMappedProperty(Object,String,Object)	org.apache.commons.beanutils.PropertyUtilsBean.setMappedProperty(Object,String,Object)
org.apache.commons.beanutils.BeanPropertyValueChangeClosureTest.testExecuteWithSimpleBooleanPropertyAndBooleanValue()	org.apache.commons.beanutils.BeanPropertyValueChangeClosure.execute(Object)
org.apache.commons.beanutils.MethodUtilsTestCase.testInvokeMethodWithPrimitives()	org.apache.commons.beanutils.PrimitiveBean.setDouble(double)
org.apache.commons.beanutils.WrapDynaBean.get(String)	org.apache.commons.beanutils.PropertyUtils.getSimpleProperty(Object,String)
org.apache.commons.beanutils.PropertyUtilsTestCase.testSetSimpleLong()	org.apache.commons.beanutils.TestBean.getLongProperty()
org.apache.commons.beanutils.PropertyUtilsTestCase.testMappedPropertyType()	org.apache.commons.beanutils.PropertyUtils.getPropertyDescriptor(Object,String)
org.apache.commons.beanutils.BeanUtilsTestCase.testPopulateNested()	org.apache.commons.beanutils.TestBean.getBooleanProperty()
org.apache.commons.beanutils.LazyDynaBeanTestCase.testMappedPropertyRestricted()	org.apache.commons.beanutils.LazyDynaBean.set(String,String,Object)
org.apache.commons.beanutils.ConstructorUtils.invokeConstructor(Class,Object[],Class[])	org.apache.commons.beanutils.ConstructorUtils.getMatchingAccessibleConstructor(Class,Class[])
org.apache.commons.beanutils.PropertyUtilsTestCase.testSetIndexedValues()	org.apache.commons.beanutils.PropertyUtils.setIndexedProperty(Object,String,int,Object)
org.apache.commons.beanutils.ConvertUtilsBean.setDefaultBoolean(boolean)	org.apache.commons.beanutils.ConvertUtilsBean.register(Converter,Class)
org.apache.commons.collections.ReferenceMap.keySet()	org.apache.commons.collections.ReferenceMap.size()
org.apache.commons.beanutils.LazyDynaBeanTestCase.testIndexedDynaBeanArray()	org.apache.commons.beanutils.LazyDynaClass.add(String,Class)
org.apache.commons.beanutils.BeanToPropertyValueTransformerTest.testTransformWithReadOnlyProperty()	org.apache.commons.beanutils.TestBean.getReadOnlyProperty()
org.apache.commons.beanutils.BeanUtilsTestCase.testCopyPropertyFloat()	org.apache.commons.beanutils.TestBean.getFloatProperty()
org.apache.commons.collections.ReferenceMap.EntryIterator.nextEntry()	org.apache.commons.collections.ReferenceMap.EntryIterator.hasNext()
org.apache.commons.beanutils.ResultSetIterator.set(String,Object)	org.apache.commons.beanutils.JDBCDynaClass.getDynaProperty(String)
org.apache.commons.beanutils.ConstructorUtilsTestCase.testInvokeConstructor()	org.apache.commons.beanutils.TestBean.getStringProperty()
org.apache.commons.beanutils.BeanMap.initialise()	org.apache.commons.beanutils.BeanMap.logWarn(Exception)
org.apache.commons.beanutils.LazyDynaBeanTestCase.testMappedPropertyTreeMap()	org.apache.commons.beanutils.DynaProperty.getType()
org.apache.commons.beanutils.locale.converters.BaseLocaleConverterTestCase.convertValueToType(BaseLocaleConverter,String,Class,Object,String,Object)	org.apache.commons.beanutils.locale.BaseLocaleConverter.convert(Class,Object,String)
org.apache.commons.beanutils.DynaPropertyUtilsTestCase.testGetNestedString()	org.apache.commons.beanutils.TestBean.getStringProperty()
org.apache.commons.beanutils.PropertyUtilsBenchCase.setUp()	org.apache.commons.beanutils.PropertyUtilsBean.getInstance()
org.apache.commons.beanutils.locale.LocaleBeanUtilsBean.getMappedPropertyLocale(Object,String,String)	org.apache.commons.beanutils.PropertyUtilsBean.getMappedProperty(Object,String)
org.apache.commons.collections.ReferenceMap.entrySet()	org.apache.commons.collections.ReferenceMap.getEntry(Object)
org.apache.commons.beanutils.MethodUtils.getAccessibleMethod(Class,String,Class)	org.apache.commons.beanutils.MethodUtils.getAccessibleMethod(Class,String,Class[])
org.apache.commons.beanutils.DynaPropertyUtilsTestCase.testSetMappedValues()	org.apache.commons.beanutils.PropertyUtils.getMappedProperty(Object,String)
org.apache.commons.beanutils.BeanUtilsTestCase.testCopyPropertiesMap()	org.apache.commons.beanutils.TestBean.getBooleanProperty()
org.apache.commons.beanutils.BeanificationTestCase.TestIndependenceThread.run()	org.apache.commons.beanutils.BeanificationTestCase.Signal.setException(Exception)
org.apache.commons.beanutils.PropertyUtilsBean.getIndexedProperty(Object,String,int)	org.apache.commons.beanutils.DynaBean.get(String,int)
org.apache.commons.beanutils.BeanificationTestCase.testBeanUtilsBeanSetInstance()	org.apache.commons.beanutils.BeanUtilsBean.getInstance()
org.apache.commons.beanutils.locale.LocaleBeanificationTestCase.testContextClassloaderIndependence()	org.apache.commons.beanutils.locale.LocaleBeanificationTestCase.Signal.setException(Exception)
org.apache.commons.collections.ReferenceMap.clear()	org.apache.commons.collections.ReferenceMap.clear()
org.apache.commons.beanutils.DynaResultSetTestCase.testIteratorCount()	org.apache.commons.beanutils.ResultSetDynaClass.iterator()
org.apache.commons.beanutils.BeanUtilsTestCase.testCopyPropertiesDynaBean()	org.apache.commons.beanutils.TestBean.getByteProperty()
org.apache.commons.beanutils.PropertyUtilsBean.getPropertyDescriptor(Object,String)	org.apache.commons.beanutils.PropertyUtilsBean.getSimpleProperty(Object,String)
org.apache.commons.beanutils.PropertyUtilsTestCase.testSetNoGetter()	org.apache.commons.beanutils.BetaBean.setNoGetterProperty(String)
org.apache.commons.collections.ReferenceMap.getEntry(Object)	org.apache.commons.collections.ReferenceMap.indexFor(int)
org.apache.commons.beanutils.LazyDynaBeanTestCase.testIndexedPrimitiveArray()	org.apache.commons.beanutils.LazyDynaClass.getDynaProperty(String)
org.apache.commons.beanutils.BeanificationTestCase.testContextClassloaderIndependence()	org.apache.commons.beanutils.BeanificationTestCase.Signal.getException()
org.apache.commons.beanutils.DynaPropertyUtilsTestCase.testGetMappedValues()	org.apache.commons.beanutils.PropertyUtils.getNestedProperty(Object,String)
org.apache.commons.beanutils.LazyDynaBeanTestCase.testSimpleProperty()	org.apache.commons.beanutils.LazyDynaBean.get(String)
org.apache.commons.beanutils.ConvertUtils.setDefaultDouble(double)	org.apache.commons.beanutils.ConvertUtilsBean.setDefaultDouble(double)
org.apache.commons.beanutils.BasicDynaBeanTestCase.testGetDescriptorBoolean()	org.apache.commons.beanutils.BasicDynaBeanTestCase.testGetDescriptorBase(String,Class)
org.apache.commons.beanutils.BeanUtilsBean.getMappedProperty(Object,String,String)	org.apache.commons.beanutils.PropertyUtilsBean.getMappedProperty(Object,String,String)
org.apache.commons.beanutils.locale.LocaleConvertUtils.create(Locale)	org.apache.commons.beanutils.locale.LocaleConvertUtilsBean.getInstance()
org.apache.commons.beanutils.PropertyUtilsTestCase.testDescribe()	org.apache.commons.beanutils.PropertyUtils.describe(Object)
org.apache.commons.beanutils.DynaBeanUtilsTestCase.testCopyPropertyNestedIndexedArray()	org.apache.commons.beanutils.BeanUtils.copyProperty(Object,String,Object)
org.apache.commons.beanutils.BeanUtilsBean.cloneBean(Object)	org.apache.commons.beanutils.DynaBean.getDynaClass()
org.apache.commons.beanutils.DynaPropertyUtilsTestCase.testGetMappedSlashes()	org.apache.commons.beanutils.PropertyUtils.getMappedProperty(Object,String,String)
org.apache.commons.beanutils.locale.LocaleBeanUtilsBean.getIndexedProperty(Object,String,int,String)	org.apache.commons.beanutils.locale.LocaleConvertUtilsBean.convert(Object,String)
org.apache.commons.beanutils.BeanificationTestCase.TestIndependenceThread.run()	org.apache.commons.beanutils.ConvertUtils.register(Converter,Class)
org.apache.commons.beanutils.DynaBeanUtilsTestCase.testCopyPropertyNestedSimple()	org.apache.commons.beanutils.BeanUtils.copyProperty(Object,String,Object)
org.apache.commons.beanutils.DynaBeanUtilsTestCase.testCopyPropertyNestedSimple()	org.apache.commons.beanutils.TestBean.getIntProperty()
org.apache.commons.beanutils.locale.LocaleBeanUtilsBean.getLocaleBeanUtilsInstance()	org.apache.commons.beanutils.ContextClassLoaderLocal.get()
org.apache.commons.beanutils.locale.LocaleConvertUtilsBean.deregister()	org.apache.commons.beanutils.locale.LocaleConvertUtilsBean.lookup(Locale)
org.apache.commons.beanutils.BeanUtilsBenchCase.setUp()	org.apache.commons.beanutils.BenchBean.getShortProperty()
org.apache.commons.beanutils.DynaPropertyUtilsTestCase.testGetNestedDouble()	org.apache.commons.beanutils.TestBean.getDoubleProperty()
org.apache.commons.beanutils.BasicDynaBeanTestCase.testSerialization()	org.apache.commons.beanutils.BasicDynaBeanTestCase.testGetSimpleFloat()
org.apache.commons.beanutils.LazyDynaBeanTestCase.testIndexedPropertyDefault()	org.apache.commons.beanutils.LazyDynaClass.getDynaProperty(String)
org.apache.commons.beanutils.PropertyUtilsBean.getPropertyDescriptor(Object,String)	org.apache.commons.beanutils.PropertyUtilsBean.getMappedProperty(Object,String)
org.apache.commons.beanutils.locale.LocaleConvertUtils.lookup(Locale)	org.apache.commons.beanutils.locale.LocaleConvertUtilsBean.lookup(Locale)
org.apache.commons.beanutils.PropertyUtilsTestCase.testGetSimpleBoolean()	org.apache.commons.beanutils.PropertyUtils.getSimpleProperty(Object,String)
org.apache.commons.beanutils.LazyDynaBeanTestCase.testMappedPropertyUtils()	org.apache.commons.beanutils.LazyDynaClass.setReturnNull(boolean)
org.apache.commons.beanutils.BeanUtilsBean.copyProperties(Object,Object)	org.apache.commons.beanutils.PropertyUtilsBean.getPropertyDescriptors(Object)
org.apache.commons.beanutils.BeanUtilsTestCase.testPopulateMapped()	org.apache.commons.beanutils.TestBean.getMappedProperty(String)
org.apache.commons.beanutils.BeanUtilsTestCase.testCopyPropertiesMap()	org.apache.commons.beanutils.TestBean.getDupProperty()
org.apache.commons.beanutils.BeanPropertyValueChangeClosureTest.testExecuteWithSimpleStringProperty()	org.apache.commons.beanutils.TestBean.getStringProperty()
org.apache.commons.beanutils.BeanUtilsTestCase.testCopyPropertiesStandard()	org.apache.commons.beanutils.TestBean.getIntProperty()
org.apache.commons.beanutils.PropertyUtilsBean.getPropertyType(Object,String)	org.apache.commons.beanutils.PropertyUtilsBean.getPropertyDescriptor(Object,String)
org.apache.commons.beanutils.ConvertUtils.convert(String,Class)	org.apache.commons.beanutils.ConvertUtilsBean.convert(String,Class)
org.apache.commons.beanutils.PropertyUtilsBean.setMappedProperty(Object,String,Object)	org.apache.commons.beanutils.PropertyUtilsBean.setMappedProperty(Object,String,String,Object)
org.apache.commons.beanutils.DynaBeanUtilsTestCase.testCopyPropertiesMap()	org.apache.commons.beanutils.BeanUtils.copyProperties(Object,Object)
org.apache.commons.beanutils.BeanMap.createWriteMethodArguments(Method,Object)	org.apache.commons.beanutils.BeanMap.logInfo(Exception)
org.apache.commons.beanutils.locale.LocaleBeanUtilsBean.getMappedPropertyLocale(Object,String,String)	org.apache.commons.beanutils.locale.LocaleBeanUtilsBean.getLocaleConvertUtils()
org.apache.commons.beanutils.locale.LocaleBeanificationTestCase.testBeanUtilsBeanSetInstance()	org.apache.commons.beanutils.locale.LocaleBeanificationTestCase.Signal.setBean(LocaleBeanUtilsBean)
org.apache.commons.beanutils.BasicDynaBeanTestCase.testSetIndexedValues()	org.apache.commons.beanutils.DynaBean.set(String,int,Object)
org.apache.commons.beanutils.ConvertUtilsTestCase.testDeregisteringSingleConverter()	org.apache.commons.beanutils.ConvertUtils.convert(String,Class)
org.apache.commons.beanutils.BeanificationTestCase.testGetByContextClassLoader()	org.apache.commons.beanutils.BeanificationTestCase.Signal.getConvertUtils()
org.apache.commons.beanutils.LazyDynaClassTestCase.testRemovePropertyRestricted()	org.apache.commons.beanutils.LazyDynaClass.isDynaProperty(String)
org.apache.commons.beanutils.PropertyUtilsBean.setNestedProperty(Object,String,Object)	org.apache.commons.beanutils.PropertyUtilsBean.setSimpleProperty(Object,String,Object)
org.apache.commons.beanutils.BeanPropertyValueChangeClosureTest.testExecuteWithSimpleIntPropertyAndStringValue()	org.apache.commons.beanutils.BeanPropertyValueChangeClosure.execute(Object)
org.apache.commons.beanutils.ContextClassLoaderLocal.get()	org.apache.commons.beanutils.ContextClassLoaderLocal.initialValue()
org.apache.commons.beanutils.locale.LocaleBeanUtils.getProperty(Object,String)	org.apache.commons.beanutils.locale.LocaleBeanUtilsBean.getProperty(Object,String)
org.apache.commons.beanutils.DynaPropertyUtilsTestCase.testGetNestedFloat()	org.apache.commons.beanutils.TestBean.getFloatProperty()
org.apache.commons.beanutils.LazyDynaClassTestCase.testGetPropertyDoesntExist1()	org.apache.commons.beanutils.DynaProperty.getType()
org.apache.commons.beanutils.LazyDynaMapTestCase.testMappedPropertyTreeMap()	org.apache.commons.beanutils.LazyDynaBean.get(String)
org.apache.commons.beanutils.locale.converters.ShortLocaleConverterTestCase.tearDown()	org.apache.commons.beanutils.locale.converters.BaseLocaleConverterTestCase.tearDown()
org.apache.commons.beanutils.PropertyUtilsTestCase.testSetSimpleDouble()	org.apache.commons.beanutils.TestBean.getDoubleProperty()
org.apache.commons.beanutils.PropertyUtilsTestCase.testGetSimpleReadOnly()	org.apache.commons.beanutils.TestBean.getReadOnlyProperty()
org.apache.commons.beanutils.PropertyUtilsTestCase.testGetDescriptorInt()	org.apache.commons.beanutils.PropertyUtilsTestCase.testGetDescriptorBase(String,String,String)
org.apache.commons.beanutils.DynaPropertyUtilsTestCase.testSetMappedValues()	org.apache.commons.beanutils.PropertyUtils.setMappedProperty(Object,String,Object)
org.apache.commons.beanutils.locale.LocaleConvertUtils.convert(String,Class,Locale,String)	org.apache.commons.beanutils.locale.LocaleConvertUtilsBean.getInstance()
org.apache.commons.beanutils.BasicDynaBeanTestCase.testGetDescriptorSecond()	org.apache.commons.beanutils.BasicDynaBeanTestCase.testGetDescriptorBase(String,Class)
org.apache.commons.beanutils.DynaBeanUtilsTestCase.testPopulateNested()	org.apache.commons.beanutils.TestBean.getLongProperty()
org.apache.commons.beanutils.BeanUtilsBean.getIndexedProperty(Object,String)	org.apache.commons.beanutils.BeanUtilsBean.getPropertyUtils()
org.apache.commons.beanutils.LazyDynaBeanTestCase.testMappedPropertyTreeMap()	org.apache.commons.beanutils.LazyDynaBean.get(String,String)
org.apache.commons.beanutils.LazyDynaBean.get(String,String)	org.apache.commons.beanutils.LazyDynaBean.defaultMappedProperty(String)
org.apache.commons.beanutils.DynaBeanUtilsTestCase.testCopyPropertyLong()	org.apache.commons.beanutils.BeanUtils.setProperty(Object,String,Object)
org.apache.commons.beanutils.LazyDynaBean.get(String)	org.apache.commons.beanutils.DynaProperty.getType()
org.apache.commons.collections.ReferenceMap.writeObject(ObjectOutputStream)	org.apache.commons.collections.ReferenceMap.entrySet()
org.apache.commons.beanutils.LazyDynaBeanTestCase.testIndexedLinkedList()	org.apache.commons.beanutils.LazyDynaBean.get(String)
org.apache.commons.beanutils.ConvertUtils.getDefaultLong()	org.apache.commons.beanutils.ConvertUtilsBean.getDefaultLong()
org.apache.commons.beanutils.DynaPropertyUtilsTestCase.testGetNestedShort()	org.apache.commons.beanutils.DynaBean.get(String)
org.apache.commons.beanutils.PropertyUtilsBean.isWriteable(Object,String)	org.apache.commons.beanutils.DynaClass.getDynaProperty(String)
org.apache.commons.beanutils.locale.converters.DoubleLocaleConverterTestCase.setUp()	org.apache.commons.beanutils.locale.converters.BaseLocaleConverterTestCase.setUp()
org.apache.commons.beanutils.BeanMap.valueIterator()	org.apache.commons.beanutils.BeanMap.get(Object)
org.apache.commons.beanutils.locale.LocaleBeanificationTestCase.testGetByContextClassLoader()	org.apache.commons.beanutils.BeanUtilsBean.getInstance()
org.apache.commons.beanutils.PropertyUtils.describe(Object)	org.apache.commons.beanutils.PropertyUtilsBean.describe(Object)
org.apache.commons.beanutils.LazyDynaClassTestCase.testAddProperty3()	org.apache.commons.beanutils.LazyDynaClass.add(String,Class,boolean,boolean)
org.apache.commons.beanutils.BasicDynaBeanTestCase.testSerialization()	org.apache.commons.beanutils.BasicDynaBeanTestCase.testGetDescriptorFloat()
org.apache.commons.beanutils.DynaBeanUtilsTestCase.testCopyPropertiesStandard()	org.apache.commons.beanutils.TestBean.setDupProperty(String[])
org.apache.commons.beanutils.LazyDynaClassTestCase.testRemovePropertyRestricted()	org.apache.commons.beanutils.LazyDynaClass.isRestricted()
org.apache.commons.beanutils.BasicDynaBeanTestCase.testGetDescriptorLong()	org.apache.commons.beanutils.BasicDynaBeanTestCase.testGetDescriptorBase(String,Class)
org.apache.commons.beanutils.BasicDynaBeanTestCase.testSerialization()	org.apache.commons.beanutils.BasicDynaBeanTestCase.testGetIndexedArguments()
org.apache.commons.beanutils.BeanPredicateTestCase.testEqual()	org.apache.commons.beanutils.BeanPredicate.evaluate(Object)
org.apache.commons.collections.ReferenceMap.toArray()	org.apache.commons.collections.ReferenceMap.toArray(Object[])
org.apache.commons.beanutils.DynaPropertyUtilsTestCase.testGetMappedPeriods()	org.apache.commons.beanutils.PropertyUtils.getMappedProperty(Object,String,String)
org.apache.commons.beanutils.ConstructorUtilsTestCase.testInvokeExactConstructor()	org.apache.commons.beanutils.TestBean.isBooleanSecond()
org.apache.commons.beanutils.PropertyUtilsTestCase.testGetWriteMethodBasic()	org.apache.commons.beanutils.PropertyUtilsTestCase.testGetWriteMethod(Object,String[],String)
org.apache.commons.beanutils.locale.LocaleBeanUtils.getIndexedProperty(Object,String,String)	org.apache.commons.beanutils.locale.LocaleBeanUtilsBean.getIndexedProperty(Object,String,String)
org.apache.commons.beanutils.locale.converters.SqlTimeLocaleConverter.parse(Object,String)	org.apache.commons.beanutils.locale.converters.DateLocaleConverter.parse(Object,String)
org.apache.commons.beanutils.BeanificationTestCase.CCLLTesterThread.run()	org.apache.commons.beanutils.ContextClassLoaderLocal.set(Object)
org.apache.commons.collections.ReferenceMap.put(Object,Object)	org.apache.commons.collections.ReferenceMap.Entry.getValue()
org.apache.commons.beanutils.LazyDynaBean.growIndexedProperty(String,Object,int)	org.apache.commons.beanutils.LazyDynaBean.set(String,Object)
org.apache.commons.beanutils.BasicDynaBeanTestCase.testGetDescriptorString()	org.apache.commons.beanutils.BasicDynaBeanTestCase.testGetDescriptorBase(String,Class)
org.apache.commons.collections.ReferenceMap.keySet()	org.apache.commons.collections.ReferenceMap.iterator()
org.apache.commons.beanutils.BeanUtilsBean.copyProperties(Object,Object)	org.apache.commons.beanutils.PropertyUtilsBean.isReadable(Object,String)
org.apache.commons.beanutils.BasicDynaBeanTestCase.testGetDescriptorDouble()	org.apache.commons.beanutils.BasicDynaBeanTestCase.testGetDescriptorBase(String,Class)
org.apache.commons.beanutils.locale.LocaleConvertUtilsBean.convert(Object,Locale,String)	org.apache.commons.beanutils.locale.LocaleConverter.convert(Class,Object,String)
org.apache.commons.beanutils.LazyDynaBeanTestCase.testSimpleProperty()	org.apache.commons.beanutils.DynaProperty.getType()
org.apache.commons.beanutils.DynaBeanUtilsTestCase.testGetArrayProperty()	org.apache.commons.beanutils.DynaBean.get(String)
org.apache.commons.beanutils.LazyDynaClass.remove(String)	org.apache.commons.beanutils.BasicDynaClass.getDynaProperties()
org.apache.commons.beanutils.DynaPropertyUtilsTestCase.testSetMappedValues()	org.apache.commons.beanutils.PropertyUtils.getNestedProperty(Object,String)
org.apache.commons.beanutils.LazyDynaBean.set(String,int,Object)	org.apache.commons.beanutils.LazyDynaBean.defaultIndexedProperty(String)
org.apache.commons.beanutils.MethodUtilsTestCase.testPublicSub()	org.apache.commons.beanutils.priv.PublicSubBean.setFoo(String)
org.apache.commons.collections.ReferenceMap.toArray(Object[])	org.apache.commons.collections.ReferenceMap.iterator()
org.apache.commons.beanutils.LazyDynaBean.set(String,Object)	org.apache.commons.beanutils.MutableDynaClass.add(String,Class)
org.apache.commons.beanutils.BeanUtilsBean.getNestedProperty(Object,String)	org.apache.commons.beanutils.BeanUtilsBean.getPropertyUtils()
org.apache.commons.beanutils.PropertyUtilsBean.setMappedProperty(Object,String,String,Object)	org.apache.commons.beanutils.PropertyUtilsBean.getPropertyDescriptor(Object,String)
org.apache.commons.beanutils.BeanUtilsBean.getMappedProperty(Object,String,String)	org.apache.commons.beanutils.BeanUtilsBean.getPropertyUtils()
org.apache.commons.beanutils.PropertyUtilsBean.copyProperties(Object,Object)	org.apache.commons.beanutils.PropertyUtilsBean.getSimpleProperty(Object,String)
org.apache.commons.beanutils.LazyDynaClass.remove(String)	org.apache.commons.beanutils.BasicDynaClass.setProperties(DynaProperty[])
org.apache.commons.beanutils.LazyDynaBean.get(String,int)	org.apache.commons.beanutils.LazyDynaBean.set(String,Object)
org.apache.commons.beanutils.locale.converters.SqlDateLocaleConverter.parse(Object,String)	org.apache.commons.beanutils.locale.converters.DateLocaleConverter.parse(Object,String)
org.apache.commons.beanutils.BasicDynaBeanTestCase.testSerialization()	org.apache.commons.beanutils.BasicDynaBeanTestCase.testGetDescriptorArguments()
org.apache.commons.beanutils.BasicDynaBeanTestCase.testGetDescriptorInt()	org.apache.commons.beanutils.BasicDynaBeanTestCase.testGetDescriptorBase(String,Class)
org.apache.commons.beanutils.PropertyUtilsBean.copyProperties(Object,Object)	org.apache.commons.beanutils.DynaBean.get(String)
org.apache.commons.beanutils.locale.LocaleConvertUtils.convert(String[],Class,String)	org.apache.commons.beanutils.locale.LocaleConvertUtilsBean.convert(String[],Class,String)
org.apache.commons.beanutils.BeanUtilsTestCase.testMappedProperty()	org.apache.commons.beanutils.BeanUtils.setProperty(Object,String,Object)
org.apache.commons.beanutils.LazyDynaBean.get(String,int)	org.apache.commons.beanutils.DynaProperty.getName()
org.apache.commons.beanutils.BeanUtilsTestCase.testCopyPropertiesDynaBean()	org.apache.commons.beanutils.TestBean.getBooleanProperty()
org.apache.commons.beanutils.BeanUtilsTestCase.testPopulateNested()	org.apache.commons.beanutils.TestBean.getShortProperty()
org.apache.commons.beanutils.PropertyUtilsTestCase.testGetMappedValues()	org.apache.commons.beanutils.PropertyUtils.getMappedProperty(Object,String,String)
org.apache.commons.beanutils.BeanUtilsBean.setInstance(BeanUtilsBean)	org.apache.commons.beanutils.ContextClassLoaderLocal.set(Object)
org.apache.commons.beanutils.ConvertUtils.getDefaultShort()	org.apache.commons.beanutils.ConvertUtilsBean.getDefaultShort()
org.apache.commons.beanutils.BeanMap.containsKey(Object)	org.apache.commons.beanutils.BeanMap.getReadMethod(Object)
org.apache.commons.beanutils.LazyDynaMapTestCase.testSimpleProperty()	org.apache.commons.beanutils.LazyDynaMap.getDynaProperty(String)
org.apache.commons.beanutils.LazyDynaMapTestCase.testSimplePropertyRestricted()	org.apache.commons.beanutils.LazyDynaMap.setRestricted(boolean)
org.apache.commons.beanutils.locale.LocaleBeanificationTestCase.testGetByContextClassLoader()	org.apache.commons.beanutils.locale.LocaleBeanUtilsBean.getLocaleBeanUtilsInstance()
org.apache.commons.collections.ReferenceMap.Entry.setValue(Object)	org.apache.commons.collections.ReferenceMap.toReference(int,Object,int)
org.apache.commons.beanutils.LazyDynaBean.set(String,String,Object)	org.apache.commons.beanutils.DynaProperty.isMapped()
org.apache.commons.beanutils.LazyDynaMapTestCase.testMappedPropertyTreeMap()	org.apache.commons.beanutils.DynaProperty.getType()
org.apache.commons.beanutils.PropertyUtils.setSimpleProperty(Object,String,Object)	org.apache.commons.beanutils.PropertyUtilsBean.getInstance()
org.apache.commons.beanutils.locale.BaseLocaleConverter.convert(Class,Object,String)	org.apache.commons.beanutils.locale.BaseLocaleConverter.parse(Object,String)
org.apache.commons.beanutils.BeanMap.Entry.setValue(Object)	org.apache.commons.beanutils.BeanMap.get(Object)
org.apache.commons.beanutils.BeanUtilsTestCase.testCopyPropertiesMap()	org.apache.commons.beanutils.TestBean.getByteProperty()
org.apache.commons.beanutils.BeanUtilsTestCase.testGetIndexedProperty1()	org.apache.commons.beanutils.BeanUtils.getIndexedProperty(Object,String)
org.apache.commons.beanutils.locale.LocaleBeanUtils.invokeSetter(Object,String,String,int,Object)	org.apache.commons.beanutils.locale.LocaleBeanUtilsBean.getLocaleBeanUtilsInstance()
org.apache.commons.collections.ReferenceMap.values()	org.apache.commons.collections.ReferenceMap.toArray(Object[])
org.apache.commons.beanutils.DynaPropertyUtilsTestCase.testSetSimpleBoolean()	org.apache.commons.beanutils.PropertyUtils.setSimpleProperty(Object,String,Object)
org.apache.commons.collections.ReferenceMap.entrySet()	org.apache.commons.collections.ReferenceMap.remove(Object)
org.apache.commons.beanutils.BeanPropertyValueEqualsPredicateTest.testEvaluateWithNestedProperty()	org.apache.commons.beanutils.BeanPropertyValueEqualsPredicate.evaluate(Object)
org.apache.commons.beanutils.PropertyUtils.setMappedProperty(Object,String,String,Object)	org.apache.commons.beanutils.PropertyUtilsBean.setMappedProperty(Object,String,String,Object)
org.apache.commons.beanutils.BeanPropertyValueEqualsPredicateTest.testEvaluateWithNullInPath()	org.apache.commons.beanutils.BeanPropertyValueEqualsPredicate.evaluate(Object)
org.apache.commons.beanutils.BeanUtilsBean.copyProperty(Object,String,Object)	org.apache.commons.beanutils.BeanUtilsBean.getPropertyUtils()
org.apache.commons.beanutils.BeanificationTestCase.testGetByContextClassLoader()	org.apache.commons.beanutils.BeanificationTestCase.Signal.setBean(BeanUtilsBean)
org.apache.commons.beanutils.LazyDynaBeanTestCase.testIndexedInvalidType()	org.apache.commons.beanutils.LazyDynaClass.getDynaProperty(String)
org.apache.commons.beanutils.LazyDynaBeanTestCase.testSimplePropertyRestricted()	org.apache.commons.beanutils.LazyDynaClass.getDynaProperty(String)
org.apache.commons.beanutils.LazyDynaMapTestCase.testMappedInvalidType()	org.apache.commons.beanutils.LazyDynaMap.set(String,Object)
org.apache.commons.beanutils.PropertyUtilsTestCase.testSetNestedString()	org.apache.commons.beanutils.PropertyUtils.setNestedProperty(Object,String,Object)
org.apache.commons.beanutils.BeanPropertyValueChangeClosureTest.testExecuteWithSimpleBooleanPropertyAndStringValue()	org.apache.commons.beanutils.BeanPropertyValueChangeClosure.execute(Object)
org.apache.commons.beanutils.converters.LongArrayConverter.convert(Class,Object)	org.apache.commons.beanutils.converters.AbstractArrayConverter.parseElements(String)
org.apache.commons.beanutils.LazyDynaBeanTestCase.testIndexedObjectArray()	org.apache.commons.beanutils.DynaProperty.getType()
org.apache.commons.beanutils.DynaBeanUtilsTestCase.testCopyPropertyInteger()	org.apache.commons.beanutils.DynaBean.get(String)
org.apache.commons.beanutils.DynaPropertyUtilsTestCase.setUp()	org.apache.commons.beanutils.DynaPropertyUtilsTestCase.createDynaClass()
org.apache.commons.beanutils.BeanUtilsTestCase.testCopyPropertyNestedSimple()	org.apache.commons.beanutils.TestBean.getIntProperty()
org.apache.commons.beanutils.BeanToPropertyValueTransformerTest.testTransformWithSimpleByteProperty()	org.apache.commons.beanutils.BeanToPropertyValueTransformer.transform(Object)
org.apache.commons.beanutils.locale.LocaleBeanUtils.getIndexedProperty(Object,String,String)	org.apache.commons.beanutils.locale.LocaleBeanUtilsBean.getLocaleBeanUtilsInstance()
org.apache.commons.beanutils.converters.ShortArrayConverter.convert(Class,Object)	org.apache.commons.beanutils.converters.AbstractArrayConverter.parseElements(String)
org.apache.commons.beanutils.PropertyUtilsTestCase.testMappedPropertyType()	org.apache.commons.beanutils.MappedPropertyDescriptor.getMappedPropertyType()
org.apache.commons.beanutils.locale.LocaleBeanUtils.setDefaultLocale(Locale)	org.apache.commons.beanutils.locale.LocaleBeanUtilsBean.getLocaleBeanUtilsInstance()
org.apache.commons.beanutils.BeanPropertyValueChangeClosureTest.testExecuteWithSimplePrimitivePropertyAndNullValue()	org.apache.commons.beanutils.BeanPropertyValueChangeClosure.execute(Object)
org.apache.commons.beanutils.LazyDynaMapTestCase.testMappedPropertyTreeMap()	org.apache.commons.beanutils.DynaProperty.isMapped()
org.apache.commons.beanutils.BeanUtils.getMappedProperty(Object,String)	org.apache.commons.beanutils.BeanUtilsBean.getMappedProperty(Object,String)
org.apache.commons.beanutils.BeanMap.clone()	org.apache.commons.beanutils.BeanMap.get(Object)
org.apache.commons.beanutils.BasicDynaBeanTestCase.testMappedContains()	org.apache.commons.beanutils.DynaBean.contains(String,String)
org.apache.commons.beanutils.locale.LocaleBeanUtilsBean.setProperty(Object,String,Object,String)	org.apache.commons.beanutils.locale.LocaleBeanUtilsBean.convert(Class,int,Object,String)
org.apache.commons.beanutils.BeanificationTestCase.SetInstanceTesterThread.run()	org.apache.commons.beanutils.BeanificationTestCase.Signal.setBean(BeanUtilsBean)
org.apache.commons.beanutils.BeanUtilsTestCase.testCopyPropertiesStandard()	org.apache.commons.beanutils.TestBean.setBooleanProperty(boolean)
org.apache.commons.beanutils.DynaBeanUtilsTestCase.testGetNestedProperty()	org.apache.commons.beanutils.TestBean.getStringProperty()
org.apache.commons.beanutils.LazyDynaClass.add(DynaProperty)	org.apache.commons.beanutils.DynaProperty.getName()
org.apache.commons.beanutils.locale.LocaleBeanUtilsBean.getIndexedProperty(Object,String,String)	org.apache.commons.beanutils.locale.LocaleConvertUtilsBean.convert(Object,String)
org.apache.commons.beanutils.BeanificationTestCase.testGetByContextClassLoader()	org.apache.commons.beanutils.BeanificationTestCase.Signal.setPropertyUtils(PropertyUtilsBean)
org.apache.commons.beanutils.BeanUtilsTestCase.testCopyPropertyNestedSimple()	org.apache.commons.beanutils.BeanUtils.copyProperty(Object,String,Object)
org.apache.commons.beanutils.LazyDynaClassTestCase.testAddProperty1()	org.apache.commons.beanutils.DynaProperty.getType()
org.apache.commons.beanutils.BeanUtilsBean.populate(Object,Map)	org.apache.commons.beanutils.BeanUtilsBean.setProperty(Object,String,Object)
org.apache.commons.beanutils.ConvertUtilsBean.deregister()	org.apache.commons.collections.FastHashMap.clear()
org.apache.commons.beanutils.BeanUtilsBenchCase.setUp()	org.apache.commons.beanutils.DynaBean.set(String,Object)
org.apache.commons.beanutils.BeanUtilsTestCase.testCopyPropertyNull()	org.apache.commons.beanutils.TestBean.getNullProperty()
org.apache.commons.beanutils.DynaPropertyUtilsTestCase.testGetMappedValues()	org.apache.commons.beanutils.PropertyUtils.getMappedProperty(Object,String)
org.apache.commons.beanutils.TestBeanMap.testBeanMapPutAllWriteable()	org.apache.commons.beanutils.BeanMap.get(Object)
org.apache.commons.beanutils.locale.LocaleConvertUtils.register(LocaleConverter,Class,Locale)	org.apache.commons.beanutils.locale.LocaleConvertUtilsBean.getInstance()
org.apache.commons.beanutils.BeanUtilsTestCase.testSetPropertyShort()	org.apache.commons.beanutils.BeanUtils.setProperty(Object,String,Object)
org.apache.commons.beanutils.BeanToPropertyValueTransformerTest.testTransformWithSimpleFloatProperty()	org.apache.commons.beanutils.BeanToPropertyValueTransformer.transform(Object)
org.apache.commons.beanutils.DynaBeanUtilsTestCase.testCopyPropertyNestedIndexedArray()	org.apache.commons.beanutils.DynaBean.get(String)
org.apache.commons.beanutils.ConvertUtilsTestCase.testObjectToStringScalar()	org.apache.commons.beanutils.ConvertUtils.convert(Object)
org.apache.commons.beanutils.ConvertUtilsTestCase.testSeparateConvertInstances()	org.apache.commons.beanutils.ConvertUtilsBean.deregister()
org.apache.commons.beanutils.ConvertUtils.setDefaultFloat(float)	org.apache.commons.beanutils.ConvertUtilsBean.getInstance()
org.apache.commons.beanutils.BeanUtilsBean.getIndexedProperty(Object,String,int)	org.apache.commons.beanutils.ConvertUtilsBean.convert(Object)
org.apache.commons.beanutils.DynaPropertyUtilsTestCase.testSetNestedDouble()	org.apache.commons.beanutils.TestBean.getDoubleProperty()
org.apache.commons.beanutils.BeanUtilsTestCase.testCopyPropertiesDynaBean()	org.apache.commons.beanutils.TestBean.getLongProperty()
org.apache.commons.beanutils.PropertyUtilsBenchCase.setUp()	org.apache.commons.beanutils.BenchBean.getStringProperty()
org.apache.commons.beanutils.locale.LocaleBeanificationTestCase.GetBeanUtilsBeanThread.run()	org.apache.commons.beanutils.locale.LocaleBeanUtilsBean.getLocaleBeanUtilsInstance()
org.apache.commons.collections.ReferenceMap.toArray(Object[])	org.apache.commons.collections.ReferenceMap.Entry.getKey()
org.apache.commons.beanutils.PropertyUtilsTestCase.testSetNoGetter()	org.apache.commons.beanutils.BeanUtils.setProperty(Object,String,Object)
org.apache.commons.beanutils.locale.LocaleConvertUtils.convert(String[],Class,Locale,String)	org.apache.commons.beanutils.locale.LocaleConvertUtilsBean.getInstance()
org.apache.commons.beanutils.BeanificationTestCase.testMemoryLeak()	org.apache.commons.beanutils.BeanUtilsBean.getInstance()
org.apache.commons.beanutils.locale.LocaleBeanUtilsBean.getDefaultLocale()	org.apache.commons.beanutils.locale.LocaleBeanUtilsBean.getLocaleConvertUtils()
org.apache.commons.beanutils.BeanificationTestCase.CCLLTesterThread.run()	org.apache.commons.beanutils.ContextClassLoaderLocal.get()
org.apache.commons.beanutils.locale.LocaleBeanificationTestCase.testBeanUtilsBeanSetInstance()	org.apache.commons.beanutils.locale.LocaleBeanUtilsBean.getLocaleBeanUtilsInstance()
org.apache.commons.beanutils.BeanUtilsTestCase.testPopulateScalar()	org.apache.commons.beanutils.TestBean.getByteProperty()
org.apache.commons.beanutils.locale.LocaleConvertUtilsBean.deregister(Locale)	org.apache.commons.collections.FastHashMap.remove(Object)
org.apache.commons.beanutils.locale.LocaleBeanUtils.getDefaultLocale()	org.apache.commons.beanutils.locale.LocaleBeanUtilsBean.getDefaultLocale()
org.apache.commons.beanutils.BasicDynaBeanTestCase.testSetSimpleLong()	org.apache.commons.beanutils.DynaBean.get(String)
org.apache.commons.beanutils.BeanPropertyValueEqualsPredicateTest.testEvaluateWithReadOnlyProperty()	org.apache.commons.beanutils.TestBean.getReadOnlyProperty()
org.apache.commons.beanutils.PropertyUtils.getSimpleProperty(Object,String)	org.apache.commons.beanutils.PropertyUtilsBean.getSimpleProperty(Object,String)
org.apache.commons.beanutils.locale.converters.StringLocaleConverter.parse(Object,String)	org.apache.commons.beanutils.locale.converters.StringLocaleConverter.getDecimalFormat(Locale,String)
org.apache.commons.beanutils.BeanUtilsBean.getMappedProperty(Object,String,String)	org.apache.commons.beanutils.ConvertUtilsBean.convert(Object)
org.apache.commons.beanutils.PropertyUtils.getReadMethod(PropertyDescriptor)	org.apache.commons.beanutils.PropertyUtilsBean.getReadMethod(PropertyDescriptor)
org.apache.commons.beanutils.DynaPropertyUtilsTestCase.testGetMappedArguments()	org.apache.commons.beanutils.PropertyUtils.getMappedProperty(Object,String)
org.apache.commons.beanutils.DynaPropertyUtilsTestCase.testGetSimpleArguments()	org.apache.commons.beanutils.PropertyUtils.getSimpleProperty(Object,String)
org.apache.commons.beanutils.BasicDynaBeanTestCase.testSetSimpleBoolean()	org.apache.commons.beanutils.DynaBean.get(String)
org.apache.commons.beanutils.ConvertUtilsBean.convert(String,Class)	org.apache.commons.beanutils.Converter.convert(Class,Object)
org.apache.commons.beanutils.LazyDynaMapTestCase.testIndexedObjectArray()	org.apache.commons.beanutils.LazyDynaBean.get(String)
org.apache.commons.beanutils.locale.LocaleBeanUtilsBean.getNestedProperty(Object,String,String)	org.apache.commons.beanutils.locale.LocaleConvertUtilsBean.convert(Object,String)
org.apache.commons.beanutils.locale.LocaleConvertUtils.deregister(Locale)	org.apache.commons.beanutils.locale.LocaleConvertUtilsBean.deregister(Locale)
org.apache.commons.beanutils.locale.LocaleBeanUtilsBean.setProperty(Object,String,Object,String)	org.apache.commons.beanutils.locale.LocaleBeanUtilsBean.Descriptor.getTarget()
org.apache.commons.beanutils.BeanificationTestCase.testGetByContextClassLoader()	org.apache.commons.beanutils.BeanificationTestCase.Signal.getBean()
org.apache.commons.beanutils.LazyDynaMapTestCase.testIndexedInvalidType()	org.apache.commons.beanutils.LazyDynaMap.getDynaProperty(String)
org.apache.commons.beanutils.locale.LocaleConvertUtils.convert(String,Class)	org.apache.commons.beanutils.locale.LocaleConvertUtilsBean.getInstance()
org.apache.commons.beanutils.WrapDynaClass.introspect()	org.apache.commons.beanutils.PropertyUtils.getPropertyDescriptors(Class)
org.apache.commons.beanutils.BeanUtilsTestCase.testCopyPropertyNestedIndexedArray()	org.apache.commons.beanutils.TestBean.setIntArray(int[])
org.apache.commons.beanutils.PropertyUtilsTestCase.testGetSetInnerBean()	org.apache.commons.beanutils.PropertyUtils.setProperty(Object,String,Object)
org.apache.commons.beanutils.BeanUtilsBean.getInstance()	org.apache.commons.beanutils.ContextClassLoaderLocal.get()
org.apache.commons.beanutils.DynaPropertyUtilsTestCase.testSetNestedFloat()	org.apache.commons.beanutils.TestBean.getFloatProperty()
org.apache.commons.beanutils.PropertyUtilsBean.getNestedProperty(Object,String)	org.apache.commons.beanutils.PropertyUtilsBean.getIndexedProperty(Object,String)
org.apache.commons.beanutils.ConstructorUtilsTestCase.testInvokeConstructorWithTypeArray()	org.apache.commons.beanutils.TestBean.getStringProperty()
org.apache.commons.beanutils.PropertyUtils.copyProperties(Object,Object)	org.apache.commons.beanutils.PropertyUtilsBean.getInstance()
org.apache.commons.beanutils.BeanUtilsTestCase.testPopulateScalar()	org.apache.commons.beanutils.TestBean.getNullProperty()
org.apache.commons.beanutils.DynaPropertyUtilsTestCase.testGetNestedInt()	org.apache.commons.beanutils.PropertyUtils.getNestedProperty(Object,String)
org.apache.commons.beanutils.BasicDynaBeanTestCase.testSetSimpleString()	org.apache.commons.beanutils.DynaBean.get(String)
org.apache.commons.beanutils.PropertyUtilsBean.getMappedProperty(Object,String,String)	org.apache.commons.beanutils.DynaBean.get(String,String)
org.apache.commons.beanutils.DynaBeanUtilsTestCase.testCopyPropertiesStandard()	org.apache.commons.beanutils.TestBean.setBooleanProperty(boolean)
org.apache.commons.collections.FastHashMap.CollectionView.CollectionViewIterator.remove()	org.apache.commons.collections.FastHashMap.remove(Object)
org.apache.commons.beanutils.locale.LocaleConvertUtilsBean.deregister()	org.apache.commons.collections.FastHashMap.setFast(boolean)
org.apache.commons.beanutils.DynaBeanUtilsTestCase.testCopyPropertyByte()	org.apache.commons.beanutils.BeanUtils.setProperty(Object,String,Object)
org.apache.commons.beanutils.PropertyUtilsBean.setProperty(Object,String,Object)	org.apache.commons.beanutils.PropertyUtilsBean.setNestedProperty(Object,String,Object)
org.apache.commons.beanutils.LazyDynaBean.set(String,Object)	org.apache.commons.beanutils.DynaClass.getDynaProperty(String)
org.apache.commons.beanutils.MethodUtilsTestCase.testInvokeMethodWithPrimitives()	org.apache.commons.beanutils.PrimitiveBean.setBoolean(boolean)
org.apache.commons.beanutils.ConvertUtilsTestCase.testDeregisteringSingleConverter()	org.apache.commons.beanutils.ConvertUtils.lookup(Class)
org.apache.commons.beanutils.locale.LocaleBeanUtils.getDefaultLocale()	org.apache.commons.beanutils.locale.LocaleBeanUtilsBean.getLocaleBeanUtilsInstance()
org.apache.commons.beanutils.BeanToPropertyValueTransformerTest.testTransformWithNestedProperty()	org.apache.commons.beanutils.TestBean.setAnotherNested(TestBean)
org.apache.commons.beanutils.DynaBeanUtilsTestCase.testCopyPropertyNestedIndexedArray()	org.apache.commons.beanutils.TestBean.setIntArray(int[])
org.apache.commons.beanutils.DynaBeanUtilsTestCase.testSetPropertyNull()	org.apache.commons.beanutils.BeanUtils.setProperty(Object,String,Object)
org.apache.commons.collections.ReferenceMap.EntryIterator.remove()	org.apache.commons.collections.ReferenceMap.EntryIterator.checkMod()
org.apache.commons.beanutils.PropertyUtilsBean.getProperty(Object,String)	org.apache.commons.beanutils.PropertyUtilsBean.getNestedProperty(Object,String)
org.apache.commons.beanutils.PropertyUtilsTestCase.testSetNestedWriteOnly()	org.apache.commons.beanutils.PropertyUtils.setNestedProperty(Object,String,Object)
org.apache.commons.beanutils.ConvertUtilsBean.setDefaultFloat(float)	org.apache.commons.beanutils.ConvertUtilsBean.register(Converter,Class)
org.apache.commons.beanutils.locale.LocaleConvertUtilsBean.lookup(Locale)	org.apache.commons.collections.FastHashMap.get(Object)
org.apache.commons.beanutils.PropertyUtils.getPropertyDescriptors(Class)	org.apache.commons.beanutils.PropertyUtilsBean.getPropertyDescriptors(Class)
org.apache.commons.beanutils.BasicDynaBean.get(String)	org.apache.commons.beanutils.DynaProperty.getType()
org.apache.commons.beanutils.PropertyUtils.setProperty(Object,String,Object)	org.apache.commons.beanutils.PropertyUtilsBean.getInstance()
org.apache.commons.beanutils.BeanUtils.getMappedProperty(Object,String,String)	org.apache.commons.beanutils.BeanUtilsBean.getMappedProperty(Object,String,String)
org.apache.commons.beanutils.PropertyUtilsBean.getWriteMethod(PropertyDescriptor)	org.apache.commons.beanutils.MethodUtils.getAccessibleMethod(Method)
org.apache.commons.beanutils.LazyDynaMapTestCase.testIndexedDynaBeanArray()	org.apache.commons.beanutils.LazyDynaBean.get(String)
org.apache.commons.beanutils.BeanUtilsBenchCase.setUp()	org.apache.commons.beanutils.DynaClass.newInstance()
org.apache.commons.beanutils.BeanificationTestCase.testContextClassLoaderLocal()	org.apache.commons.beanutils.BeanificationTestCase.Signal.getSignal()
org.apache.commons.beanutils.LazyDynaClassTestCase.testAddPropertyRestricted1()	org.apache.commons.beanutils.LazyDynaClass.setRestricted(boolean)
org.apache.commons.beanutils.LazyDynaBeanTestCase.testIndexedPropertyUtils()	org.apache.commons.beanutils.LazyDynaClass.setReturnNull(boolean)
org.apache.commons.beanutils.DynaBeanUtilsTestCase.testCopyPropertiesDynaBean()	org.apache.commons.beanutils.DynaBeanUtilsTestCase.createDynaClass()
org.apache.commons.beanutils.locale.converters.DateLocaleConverterTestCase.testSetLenient()	org.apache.commons.beanutils.locale.converters.DateLocaleConverter.setLenient(boolean)
org.apache.commons.beanutils.LazyDynaBeanTestCase.testMappedPropertyDefault()	org.apache.commons.beanutils.LazyDynaBean.set(String,String,Object)
org.apache.commons.beanutils.DynaBeanUtilsTestCase.testCopyPropertyNull()	org.apache.commons.beanutils.DynaBean.set(String,Object)
org.apache.commons.beanutils.BeanUtilsTestCase.testSetPropertyDouble()	org.apache.commons.beanutils.BeanUtils.setProperty(Object,String,Object)
org.apache.commons.beanutils.LazyDynaBeanTestCase.main(String[])	org.apache.commons.beanutils.LazyDynaBeanTestCase.suite()
org.apache.commons.collections.keyvalue.AbstractMapEntry.hashCode()	org.apache.commons.collections.keyvalue.AbstractKeyValue.getValue()
org.apache.commons.collections.ReferenceMap.EntryIterator.next()	org.apache.commons.collections.ReferenceMap.EntryIterator.nextEntry()
org.apache.commons.beanutils.DynaBeanUtilsTestCase.testCopyPropertyFloat()	org.apache.commons.beanutils.DynaBean.get(String)
org.apache.commons.beanutils.MethodUtilsTestCase.testPublicSub()	org.apache.commons.beanutils.priv.PublicSubBean.getFoo()
org.apache.commons.beanutils.MethodUtilsTestCase.testSimpleStatic3()	org.apache.commons.beanutils.TestBean.currentCounter()
org.apache.commons.beanutils.locale.LocaleBeanUtilsBean.setApplyLocalized(boolean)	org.apache.commons.beanutils.locale.LocaleBeanUtilsBean.getLocaleConvertUtils()
org.apache.commons.beanutils.BeanUtilsTestCase.testSetPropertyInteger()	org.apache.commons.beanutils.BeanUtils.setProperty(Object,String,Object)
org.apache.commons.beanutils.LazyDynaClassTestCase.testAddProperty2()	org.apache.commons.beanutils.LazyDynaClass.add(String,Class)
org.apache.commons.beanutils.PropertyUtilsBean.getPropertyType(Object,String)	org.apache.commons.beanutils.MappedPropertyDescriptor.getMappedPropertyType()
org.apache.commons.beanutils.DynaPropertyUtilsTestCase.testGetIndexedValues()	org.apache.commons.beanutils.PropertyUtils.getIndexedProperty(Object,String,int)
org.apache.commons.beanutils.BeanPropertyValueEqualsPredicateTest.testEvaluateWithNestedMappedProperty()	org.apache.commons.beanutils.BeanPropertyValueEqualsPredicate.evaluate(Object)
org.apache.commons.beanutils.PropertyUtilsTestCase.testSetSimpleInt()	org.apache.commons.beanutils.TestBean.getIntProperty()
org.apache.commons.beanutils.LazyDynaMapTestCase.testMappedPropertyTreeMap()	org.apache.commons.beanutils.LazyDynaBean.set(String,String,Object)
org.apache.commons.beanutils.locale.converters.LongLocaleConverterTestCase.tearDown()	org.apache.commons.beanutils.locale.converters.BaseLocaleConverterTestCase.tearDown()
org.apache.commons.beanutils.LazyDynaClassTestCase.testGetPropertyDoesntExist2()	org.apache.commons.beanutils.LazyDynaClass.getDynaProperty(String)
org.apache.commons.beanutils.locale.LocaleBeanUtilsBean.setProperty(Object,String,Object,String)	org.apache.commons.beanutils.locale.LocaleBeanUtilsBean.Descriptor.getIndex()
org.apache.commons.beanutils.BeanificationTestCase.testGetByContextClassLoader()	org.apache.commons.beanutils.BeanificationTestCase.Signal.setSignal(int)
org.apache.commons.beanutils.DynaPropertyUtilsTestCase.testSetSimpleString()	org.apache.commons.beanutils.DynaBean.get(String)
org.apache.commons.collections.ReferenceMap.entrySet()	org.apache.commons.collections.ReferenceMap.clear()
org.apache.commons.beanutils.BeanUtilsTestCase.testCopyPropertiesDynaBean()	org.apache.commons.beanutils.TestBean.getIntArray()
org.apache.commons.beanutils.DynaBeanUtilsTestCase.testCopyPropertiesMap()	org.apache.commons.beanutils.DynaBean.get(String)
org.apache.commons.beanutils.BeanUtilsBean.setProperty(Object,String,Object)	org.apache.commons.beanutils.PropertyUtilsBean.setIndexedProperty(Object,String,int,Object)
org.apache.commons.beanutils.LazyDynaBeanTestCase.testMappedPropertyTreeMap()	org.apache.commons.beanutils.LazyDynaClass.getDynaProperty(String)
org.apache.commons.beanutils.MethodUtilsTestCase.testPublicSub()	org.apache.commons.beanutils.priv.PackageBean.setBar(String)
org.apache.commons.beanutils.BeanPropertyValueChangeClosureTest.testExecuteWithNullInPropertyPathAngIgnoreTrue()	org.apache.commons.beanutils.BeanPropertyValueChangeClosure.execute(Object)
org.apache.commons.beanutils.BasicDynaBeanTestCase.testSetSimpleDouble()	org.apache.commons.beanutils.DynaBean.set(String,Object)
org.apache.commons.beanutils.BasicDynaBeanTestCase.testGetMappedArguments()	org.apache.commons.beanutils.DynaBean.get(String,String)
org.apache.commons.beanutils.BeanUtilsTestCase.testSetPropertyNull()	org.apache.commons.beanutils.BeanUtils.setProperty(Object,String,Object)
org.apache.commons.beanutils.LazyDynaBeanTestCase.testIndexedPropertyDefault()	org.apache.commons.beanutils.LazyDynaBean.get(String,int)
org.apache.commons.beanutils.PropertyUtilsTestCase.testGetSimpleWriteOnly()	org.apache.commons.beanutils.PropertyUtils.getSimpleProperty(Object,String)
org.apache.commons.beanutils.TestBeanMap.testMethodMutator()	org.apache.commons.beanutils.BeanMap.getWriteMethod(String)
org.apache.commons.beanutils.LazyDynaClassTestCase.testRemovePropertyRestricted()	org.apache.commons.beanutils.LazyDynaClass.add(String)
org.apache.commons.beanutils.locale.converters.BaseLocaleConverterTestCase.convertInvalid(BaseLocaleConverter,Object)	org.apache.commons.beanutils.locale.converters.BaseLocaleConverterTestCase.convertInvalid(BaseLocaleConverter,String,Object)
org.apache.commons.beanutils.DynaPropertyUtilsTestCase.testSetNestedInt()	org.apache.commons.beanutils.PropertyUtils.setNestedProperty(Object,String,Object)
org.apache.commons.beanutils.ConvertUtilsBean.convert(String[],Class)	org.apache.commons.beanutils.Converter.convert(Class,Object)
org.apache.commons.beanutils.PropertyUtils.setNestedProperty(Object,String,Object)	org.apache.commons.beanutils.PropertyUtilsBean.getInstance()
org.apache.commons.beanutils.DynaPropertyUtilsTestCase.testGetNestedBoolean()	org.apache.commons.beanutils.TestBean.getBooleanProperty()
org.apache.commons.beanutils.locale.LocaleConvertUtils.getDefaultLocale()	org.apache.commons.beanutils.locale.LocaleConvertUtilsBean.getDefaultLocale()
org.apache.commons.beanutils.DynaPropertyUtilsTestCase.testGetSimpleString()	org.apache.commons.beanutils.PropertyUtils.getSimpleProperty(Object,String)
org.apache.commons.beanutils.MethodUtilsTestCase.testInvokeMethodWithPrimitives()	org.apache.commons.beanutils.PrimitiveBean.getFloat()
org.apache.commons.beanutils.LazyDynaMapTestCase.testIndexedPrimitiveArray()	org.apache.commons.beanutils.LazyDynaBean.get(String)
org.apache.commons.beanutils.locale.LocaleConvertUtilsTestCase.fixmetestPositiveIntegerArray()	org.apache.commons.beanutils.locale.LocaleConvertUtils.convert(String,Class)
org.apache.commons.beanutils.locale.LocaleBeanUtils.getSimpleProperty(Object,String,String)	org.apache.commons.beanutils.locale.LocaleBeanUtilsBean.getSimpleProperty(Object,String,String)
org.apache.commons.beanutils.BeanUtils.setProperty(Object,String,Object)	org.apache.commons.beanutils.BeanUtilsBean.getInstance()
org.apache.commons.beanutils.PropertyUtilsBean.getPropertyDescriptors(Object)	org.apache.commons.beanutils.PropertyUtilsBean.getPropertyDescriptors(Class)
org.apache.commons.beanutils.WrapDynaBeanTestCase.testGetInstance()	org.apache.commons.beanutils.WrapDynaBean.getInstance()
org.apache.commons.beanutils.DynaPropertyUtilsTestCase.testSetIndexedValues()	org.apache.commons.beanutils.PropertyUtils.setIndexedProperty(Object,String,Object)
org.apache.commons.beanutils.BeanPropertyValueChangeClosureTest.testExecuteWithSimpleFloatPropertyAndStringValue()	org.apache.commons.beanutils.BeanPropertyValueChangeClosure.execute(Object)
org.apache.commons.beanutils.TestBeanMap.testMethodAccessor()	org.apache.commons.beanutils.TestBeanMap.makeFullMap()
org.apache.commons.beanutils.PropertyUtilsTestCase.testGetReadMethodPackageSubclass()	org.apache.commons.beanutils.PropertyUtilsTestCase.testGetReadMethod(Object,String[],String)
org.apache.commons.beanutils.LazyDynaMapTestCase.testMappedPropertyTreeMap()	org.apache.commons.beanutils.LazyDynaMap.getDynaProperty(String)
org.apache.commons.beanutils.MethodUtilsTestCase.testInvokeExactMethod()	org.apache.commons.beanutils.TestBean.getStringProperty()
org.apache.commons.beanutils.PropertyUtilsTestCase.testGetSetParentBean()	org.apache.commons.beanutils.PropertyUtils.setProperty(Object,String,Object)
org.apache.commons.beanutils.MethodUtilsTestCase.testGetAccessibleMethod()	org.apache.commons.beanutils.priv.PrivateBeanFactory.createSubclass()
org.apache.commons.beanutils.BeanPropertyValueChangeClosureTest.testExecuteWithReadOnlyProperty()	org.apache.commons.beanutils.BeanPropertyValueChangeClosure.execute(Object)
org.apache.commons.beanutils.BeanUtilsTestCase.testSetPropertyLong()	org.apache.commons.beanutils.TestBean.getLongProperty()
org.apache.commons.beanutils.PropertyUtilsTestCase.testSetNestedReadOnly()	org.apache.commons.beanutils.TestBean.getWriteOnlyPropertyValue()
org.apache.commons.beanutils.LazyDynaBeanTestCase.testIndexedLinkedList()	org.apache.commons.beanutils.DynaProperty.isIndexed()
org.apache.commons.beanutils.LazyDynaMapTestCase.testIndexedPropertyDefault()	org.apache.commons.beanutils.LazyDynaBean.set(String,int,Object)
org.apache.commons.beanutils.BeanUtilsBean.copyProperty(Object,String,Object)	org.apache.commons.beanutils.PropertyUtilsBean.setSimpleProperty(Object,String,Object)
org.apache.commons.beanutils.ConvertUtilsBean.setDefaultCharacter(char)	org.apache.commons.beanutils.ConvertUtilsBean.register(Converter,Class)
org.apache.commons.beanutils.BeanUtilsTestCase.testSeparateInstances()	org.apache.commons.beanutils.TestBean.setBooleanProperty(boolean)
org.apache.commons.beanutils.DynaBeanUtilsTestCase.testPopulateNested()	org.apache.commons.beanutils.TestBean.getFloatProperty()
org.apache.commons.beanutils.PropertyUtilsTestCase.testGetNestedLong()	org.apache.commons.beanutils.TestBean.getNested()
org.apache.commons.beanutils.locale.LocaleBeanUtils.getMappedProperty(Object,String,String,String)	org.apache.commons.beanutils.locale.LocaleBeanUtilsBean.getLocaleBeanUtilsInstance()
org.apache.commons.beanutils.BeanUtilsTestCase.testPopulateScalar()	org.apache.commons.beanutils.TestBean.getBooleanProperty()
org.apache.commons.beanutils.BeanUtilsTestCase.testSetPropertyFloat()	org.apache.commons.beanutils.TestBean.getFloatProperty()
org.apache.commons.collections.ReferenceMap.EntryIterator.remove()	org.apache.commons.collections.ReferenceMap.remove(Object)
org.apache.commons.beanutils.PropertyUtilsTestCase.testSetSimpleReadOnly()	org.apache.commons.beanutils.TestBean.getWriteOnlyPropertyValue()
org.apache.commons.collections.ReferenceMap.contains(Object)	org.apache.commons.collections.ReferenceMap.getEntry(Object)
org.apache.commons.beanutils.DynaBeanUtilsTestCase.testGetIndexedProperty1()	org.apache.commons.beanutils.DynaBean.get(String,int)
org.apache.commons.beanutils.locale.LocaleBeanUtils.getMappedPropertyLocale(Object,String,String)	org.apache.commons.beanutils.locale.LocaleBeanUtilsBean.getLocaleBeanUtilsInstance()
org.apache.commons.beanutils.MappedPropertyDescriptor.internalFindMethod(Class,String,int)	org.apache.commons.beanutils.MappedPropertyDescriptor.getPublicDeclaredMethods(Class)
org.apache.commons.beanutils.PropertyUtilsTestCase.testGetNestedShort()	org.apache.commons.beanutils.TestBean.getNested()
org.apache.commons.beanutils.BeanUtilsBean.copyProperties(Object,Object)	org.apache.commons.beanutils.DynaBean.getDynaClass()
org.apache.commons.beanutils.PropertyUtilsTestCase.testSetNestedShort()	org.apache.commons.beanutils.TestBean.getNested()
org.apache.commons.beanutils.BeanToPropertyValueTransformerTest.testTransformWithIndexedProperty()	org.apache.commons.beanutils.TestBean.setIntIndexed(int,int)
org.apache.commons.beanutils.LazyDynaMapTestCase.testIndexedPropertyRestricted()	org.apache.commons.beanutils.LazyDynaBean.get(String)
org.apache.commons.beanutils.locale.LocaleConvertUtils.deregister(Locale)	org.apache.commons.beanutils.locale.LocaleConvertUtilsBean.getInstance()
org.apache.commons.beanutils.BeanUtilsTestCase.testCopyPropertiesStandard()	org.apache.commons.beanutils.TestBean.setIntArray(int[])
org.apache.commons.beanutils.BeanUtilsTestCase.testCopyPropertiesMap()	org.apache.commons.beanutils.TestBean.getIntArray()
org.apache.commons.beanutils.BeanUtilsBenchCase.setUp()	org.apache.commons.beanutils.BenchBean.getIntProperty()
org.apache.commons.collections.ReferenceMap.entrySet()	org.apache.commons.collections.ReferenceMap.contains(Object)
org.apache.commons.beanutils.PropertyUtils.copyProperties(Object,Object)	org.apache.commons.beanutils.PropertyUtilsBean.copyProperties(Object,Object)
org.apache.commons.beanutils.BeanPropertyValueChangeClosureTest.testExecuteWithSimpleDoublePropertyAndDoubleValue()	org.apache.commons.beanutils.TestBean.getDoubleProperty()
org.apache.commons.beanutils.MethodUtilsTestCase.testInvokeMethodWithPrimitives()	org.apache.commons.beanutils.PrimitiveBean.getLong()
org.apache.commons.beanutils.BeanPropertyValueChangeClosureTest.testExecuteWithNestedProperty()	org.apache.commons.beanutils.BeanPropertyValueChangeClosure.execute(Object)
org.apache.commons.beanutils.BeanUtilsBean.copyProperty(Object,String,Object)	org.apache.commons.beanutils.DynaBean.getDynaClass()
org.apache.commons.beanutils.BeanUtils.copyProperty(Object,String,Object)	org.apache.commons.beanutils.BeanUtilsBean.getInstance()
org.apache.commons.beanutils.LazyDynaMapTestCase.testMappedInvalidType()	org.apache.commons.beanutils.LazyDynaMap.getDynaProperty(String)
org.apache.commons.collections.FastHashMap.CollectionView.isEmpty()	org.apache.commons.collections.FastHashMap.CollectionView.get(Map)
org.apache.commons.beanutils.LazyDynaClassTestCase.testAddProperty1()	org.apache.commons.beanutils.LazyDynaClass.add(String)
org.apache.commons.beanutils.BeanUtilsTestCase.testCopyPropertyByte()	org.apache.commons.beanutils.BeanUtils.copyProperty(Object,String,Object)
org.apache.commons.beanutils.DynaRowSetTestCase.testNewInstance()	org.apache.commons.beanutils.JDBCDynaClass.newInstance()
org.apache.commons.beanutils.ConvertUtilsBean.lookup(Class)	org.apache.commons.collections.FastHashMap.get(Object)
org.apache.commons.beanutils.BeanUtils.populate(Object,Map)	org.apache.commons.beanutils.BeanUtilsBean.getInstance()
org.apache.commons.beanutils.BeanUtilsBean.setProperty(Object,String,Object)	org.apache.commons.beanutils.ConvertUtilsBean.lookup(Class)
org.apache.commons.beanutils.BeanificationTestCase.testGetByContextClassLoader()	org.apache.commons.beanutils.BeanificationTestCase.Signal.setConvertUtils(ConvertUtilsBean)
org.apache.commons.beanutils.DynaPropertyUtilsTestCase.testGetNestedString()	org.apache.commons.beanutils.PropertyUtils.getNestedProperty(Object,String)
org.apache.commons.beanutils.BasicDynaBeanTestCase.testGetDescriptors()	org.apache.commons.beanutils.DynaBean.getDynaClass()
org.apache.commons.beanutils.LazyDynaBean.get(String,String)	org.apache.commons.beanutils.LazyDynaBean.isDynaProperty(String)
org.apache.commons.beanutils.LazyDynaBeanTestCase.testMappedPropertyRestricted()	org.apache.commons.beanutils.LazyDynaClass.setRestricted(boolean)
org.apache.commons.beanutils.locale.LocaleBeanUtils.getNestedProperty(Object,String)	org.apache.commons.beanutils.locale.LocaleBeanUtilsBean.getNestedProperty(Object,String)
org.apache.commons.beanutils.LazyDynaMapTestCase.testMappedInvalidType()	org.apache.commons.beanutils.DynaProperty.isMapped()
org.apache.commons.beanutils.PropertyUtilsBean.setIndexedProperty(Object,String,int,Object)	org.apache.commons.beanutils.DynaClass.getDynaProperty(String)
org.apache.commons.beanutils.ConvertUtilsTestCase.testDeregisteringSingleConverter()	org.apache.commons.beanutils.ConvertUtils.deregister(Class)
org.apache.commons.beanutils.LazyDynaBeanTestCase.setUp()	org.apache.commons.beanutils.LazyDynaBean.getDynaClass()
org.apache.commons.beanutils.DynaBeanUtilsTestCase.testCloneDynaBean()	org.apache.commons.beanutils.BeanUtils.cloneBean(Object)
org.apache.commons.collections.ReferenceMap.EntryIterator.hasNext()	org.apache.commons.collections.ReferenceMap.EntryIterator.checkMod()
org.apache.commons.beanutils.LazyDynaClassTestCase.testAddPropertyNullName2()	org.apache.commons.beanutils.LazyDynaClass.add(String,Class)
org.apache.commons.beanutils.LazyDynaMapTestCase.testMappedInvalidType()	org.apache.commons.beanutils.LazyDynaBean.set(String,String,Object)
org.apache.commons.beanutils.locale.LocaleBeanUtilsBean.invokeSetter(Object,String,String,int,Object)	org.apache.commons.beanutils.PropertyUtilsBean.setIndexedProperty(Object,String,int,Object)
org.apache.commons.beanutils.PropertyUtilsBean.setMappedProperty(Object,String,String,Object)	org.apache.commons.beanutils.PropertyUtilsBean.invokeMethod(Method,Object,Object[])
org.apache.commons.beanutils.locale.LocaleBeanificationTestCase.SetInstanceTesterThread.run()	org.apache.commons.beanutils.locale.LocaleBeanUtilsBean.setInstance(LocaleBeanUtilsBean)
org.apache.commons.beanutils.BeanUtilsBean.getSimpleProperty(Object,String)	org.apache.commons.beanutils.PropertyUtilsBean.getSimpleProperty(Object,String)
org.apache.commons.beanutils.locale.LocaleBeanificationTestCase.testMemoryLeak()	org.apache.commons.beanutils.locale.LocaleBeanUtilsBean.getLocaleBeanUtilsInstance()
org.apache.commons.beanutils.BeanUtilsBean.copyProperty(Object,String,Object)	org.apache.commons.beanutils.BeanUtilsBean.getConvertUtils()
org.apache.commons.beanutils.BeanUtilsTestCase.testPopulateArrayProperties()	org.apache.commons.beanutils.TestBean.getIntArray()
org.apache.commons.beanutils.BeanificationTestCase.testGetByContextClassLoader()	org.apache.commons.beanutils.PropertyUtilsBean.getInstance()
org.apache.commons.beanutils.locale.LocaleBeanUtils.convert(Class,int,Object,String)	org.apache.commons.beanutils.locale.LocaleBeanUtilsBean.getLocaleBeanUtilsInstance()
org.apache.commons.beanutils.BasicDynaBeanTestCase.testSerialization()	org.apache.commons.beanutils.BasicDynaBeanTestCase.testGetDescriptorDouble()
org.apache.commons.beanutils.BeanPredicateTestCase.testInstanceOf()	org.apache.commons.beanutils.BeanPredicate.evaluate(Object)
org.apache.commons.beanutils.locale.LocaleConvertUtils.getDefaultLocale()	org.apache.commons.beanutils.locale.LocaleConvertUtilsBean.getInstance()
org.apache.commons.collections.ReferenceMap.put(Object,Object)	org.apache.commons.collections.ReferenceMap.purge()
org.apache.commons.beanutils.MethodUtils.invokeMethod(Object,String,Object)	org.apache.commons.beanutils.MethodUtils.invokeMethod(Object,String,Object[])
org.apache.commons.beanutils.TestBeanMap.testBeanMapClone()	org.apache.commons.beanutils.TestBeanMap.makeFullMap()
org.apache.commons.beanutils.BeanUtilsTestCase.testCopyPropertiesStandard()	org.apache.commons.beanutils.BeanUtils.copyProperties(Object,Object)
org.apache.commons.beanutils.locale.LocaleBeanUtils.getSimpleProperty(Object,String)	org.apache.commons.beanutils.locale.LocaleBeanUtilsBean.getLocaleBeanUtilsInstance()
org.apache.commons.collections.FastHashMap.CollectionView.toArray()	org.apache.commons.collections.FastHashMap.CollectionView.get(Map)
org.apache.commons.beanutils.ConstructorUtilsTestCase.testInvokeExactConstructorWithTypeArray()	org.apache.commons.beanutils.ConstructorUtils.invokeExactConstructor(Class,Object[],Class[])
org.apache.commons.collections.ReferenceMap.remove(Object)	org.apache.commons.collections.ReferenceMap.contains(Object)
org.apache.commons.beanutils.LazyDynaBean.set(String,int,Object)	org.apache.commons.beanutils.LazyDynaBean.set(String,Object)
org.apache.commons.beanutils.LazyDynaClass.getDynaProperty(String)	org.apache.commons.beanutils.LazyDynaClass.isReturnNull()
org.apache.commons.beanutils.locale.LocaleConvertUtils.lookup(Class,Locale)	org.apache.commons.beanutils.locale.LocaleConvertUtilsBean.lookup(Class,Locale)
org.apache.commons.beanutils.PropertyUtils.setSimpleProperty(Object,String,Object)	org.apache.commons.beanutils.PropertyUtilsBean.setSimpleProperty(Object,String,Object)
org.apache.commons.beanutils.PropertyUtilsBean.setMappedProperty(Object,String,String,Object)	org.apache.commons.beanutils.MappedPropertyDescriptor.getMappedWriteMethod()
org.apache.commons.beanutils.locale.converters.DateLocaleConverterTestCase.convertInvalid(BaseLocaleConverter,String,Object)	org.apache.commons.beanutils.locale.BaseLocaleConverter.convert(Object)
org.apache.commons.beanutils.locale.LocaleConvertUtilsBean.convert(String[],Class,String)	org.apache.commons.beanutils.locale.LocaleConvertUtilsBean.getDefaultLocale()
org.apache.commons.beanutils.BeanUtilsTestCase.testPopulateArrayElements()	org.apache.commons.beanutils.TestBean.getStringIndexed(int)
org.apache.commons.beanutils.BasicDynaBeanTestCase.testSetSimpleShort()	org.apache.commons.beanutils.DynaBean.set(String,Object)
org.apache.commons.beanutils.locale.LocaleConvertUtilsTestCase.setUp()	org.apache.commons.beanutils.locale.LocaleConvertUtils.deregister()
org.apache.commons.beanutils.PropertyUtilsTestCase.testGetIndexedArguments()	org.apache.commons.beanutils.PropertyUtils.getIndexedProperty(Object,String,int)
org.apache.commons.beanutils.JDBCDynaClass.introspect(ResultSet)	org.apache.commons.beanutils.JDBCDynaClass.createDynaProperty(ResultSetMetaData,int)
org.apache.commons.beanutils.LazyDynaBeanTestCase.testIndexedPrimitiveArray()	org.apache.commons.beanutils.LazyDynaClass.add(String,Class)
org.apache.commons.collections.ReferenceMap.get(Object)	org.apache.commons.collections.ReferenceMap.getEntry(Object)
org.apache.commons.beanutils.BeanificationTestCase.testContextClassLoaderLocal()	org.apache.commons.beanutils.BeanificationTestCase.Signal.setMarkerObject(Object)
org.apache.commons.beanutils.BeanUtilsBean.copyProperties(Object,Object)	org.apache.commons.beanutils.DynaProperty.getName()
org.apache.commons.beanutils.LazyDynaMapTestCase.testIndexedPropertyUtils()	org.apache.commons.beanutils.LazyDynaMap.isDynaProperty(String)
org.apache.commons.beanutils.ConstructorUtils.getAccessibleConstructor(Class,Class[])	org.apache.commons.beanutils.ConstructorUtils.getAccessibleConstructor(Constructor)
org.apache.commons.beanutils.BeanUtilsTestCase.testCopyPropertiesStandard()	org.apache.commons.beanutils.TestBean.setDupProperty(String[])
org.apache.commons.beanutils.LazyDynaBean.set(String,String,Object)	org.apache.commons.beanutils.DynaProperty.getType()
org.apache.commons.beanutils.DynaBeanUtilsTestCase.testCopyPropertiesStandard()	org.apache.commons.beanutils.TestBean.setStringArray(String[])
org.apache.commons.beanutils.BeanUtilsBean.getArrayProperty(Object,String)	org.apache.commons.beanutils.BeanUtilsBean.getPropertyUtils()
org.apache.commons.beanutils.WrapDynaBeanTestCase.testMappedRemove()	org.apache.commons.beanutils.DynaBean.contains(String,String)
org.apache.commons.beanutils.PropertyUtilsTestCase.testGetSimpleIndexed()	org.apache.commons.beanutils.PropertyUtils.getSimpleProperty(Object,String)
org.apache.commons.beanutils.BeanUtilsTestCase.testCopyPropertyNestedSimple()	org.apache.commons.beanutils.TestBean.getNested()
org.apache.commons.beanutils.BeanUtilsBean.copyProperty(Object,String,Object)	org.apache.commons.beanutils.DynaProperty.getType()
org.apache.commons.beanutils.LazyDynaBeanTestCase.testIndexedPrimitiveArray()	org.apache.commons.beanutils.LazyDynaBean.get(String)
org.apache.commons.beanutils.BeanUtilsTestCase.testPopulateNested()	org.apache.commons.beanutils.TestBean.getLongProperty()
org.apache.commons.beanutils.DynaBeanUtilsTestCase.testSetPropertyNullValues()	org.apache.commons.beanutils.BeanUtils.setProperty(Object,String,Object)
org.apache.commons.beanutils.locale.converters.SqlTimestampLocaleConverter.parse(Object,String)	org.apache.commons.beanutils.locale.converters.DateLocaleConverter.parse(Object,String)
org.apache.commons.beanutils.LazyDynaBean.set(String,String,Object)	org.apache.commons.beanutils.LazyDynaBean.defaultMappedProperty(String)
org.apache.commons.beanutils.BasicDynaBeanTestCase.testSerialization()	org.apache.commons.beanutils.BasicDynaBeanTestCase.testGetDescriptors()
org.apache.commons.beanutils.ConvertingWrapDynaBean.set(String,Object)	org.apache.commons.beanutils.BeanUtils.copyProperty(Object,String,Object)
org.apache.commons.beanutils.ConvertUtils.getDefaultBoolean()	org.apache.commons.beanutils.ConvertUtilsBean.getDefaultBoolean()
org.apache.commons.beanutils.DynaPropertyUtilsTestCase.testCopyPropertiesMap()	org.apache.commons.beanutils.PropertyUtils.copyProperties(Object,Object)
org.apache.commons.beanutils.PropertyUtils.getMappedPropertyDescriptors(Object)	org.apache.commons.beanutils.PropertyUtilsBean.getMappedPropertyDescriptors(Object)
org.apache.commons.beanutils.DynaPropertyUtilsTestCase.testGetMappedValues()	org.apache.commons.beanutils.PropertyUtils.getMappedProperty(Object,String,String)
org.apache.commons.beanutils.PropertyUtilsTestCase.testSetNestedBoolean()	org.apache.commons.beanutils.TestBean.getBooleanProperty()
org.apache.commons.collections.ReferenceMap.toArray(Object[])	org.apache.commons.collections.ReferenceMap.iterator()
org.apache.commons.beanutils.PropertyUtilsTestCase.testGetWriteMethod(Object,String[],String)	org.apache.commons.beanutils.PropertyUtils.getPropertyDescriptors(Object)
org.apache.commons.collections.ReferenceMap.isEmpty()	org.apache.commons.collections.ReferenceMap.purge()
org.apache.commons.collections.ReferenceMap.get(Object)	org.apache.commons.collections.ReferenceMap.purge()
org.apache.commons.beanutils.DynaBeanUtilsTestCase.testCopyPropertyNestedIndexedArray()	org.apache.commons.beanutils.DynaBeanUtilsTestCase.checkIntArray(int[],int[])
org.apache.commons.beanutils.PropertyUtilsTestCase.testSetNestedReadOnly()	org.apache.commons.beanutils.TestBean.getNested()
org.apache.commons.beanutils.DynaPropertyUtilsTestCase.testSetIndexedValues()	org.apache.commons.beanutils.PropertyUtils.setIndexedProperty(Object,String,int,Object)
org.apache.commons.beanutils.PropertyUtilsTestCase.testGetMappedPeriods()	org.apache.commons.beanutils.TestBean.getMappedObjects(String)
org.apache.commons.beanutils.LazyDynaClassTestCase.testGetPropertyDoesntExist1()	org.apache.commons.beanutils.LazyDynaClass.setReturnNull(boolean)
org.apache.commons.beanutils.ConvertUtilsTestCase.testSeparateConvertInstances()	org.apache.commons.beanutils.ConvertUtilsBean.register(Converter,Class)
org.apache.commons.beanutils.LazyDynaMapTestCase.testSimplePropertyRestricted()	org.apache.commons.beanutils.LazyDynaMap.isRestricted()
org.apache.commons.beanutils.PropertyUtilsTestCase.testSetNestedFloat()	org.apache.commons.beanutils.TestBean.getNested()
org.apache.commons.beanutils.BeanificationTestCase.TestIndependenceThread.run()	org.apache.commons.beanutils.BeanUtils.setProperty(Object,String,Object)
org.apache.commons.beanutils.PropertyUtilsTestCase.testGetNestedString()	org.apache.commons.beanutils.PropertyUtils.getNestedProperty(Object,String)
org.apache.commons.beanutils.PropertyUtilsBean.getPropertyType(Object,String)	org.apache.commons.beanutils.DynaProperty.getType()
org.apache.commons.beanutils.locale.LocaleBeanUtilsBean.convert(Class,int,Object,String)	org.apache.commons.beanutils.locale.LocaleConvertUtilsBean.convert(String[],Class,String)
org.apache.commons.beanutils.PropertyUtils.getMappedProperty(Object,String,String)	org.apache.commons.beanutils.PropertyUtilsBean.getInstance()
org.apache.commons.beanutils.ConstructorUtilsTestCase.testGetAccessibleConstructorWithTypeArray()	org.apache.commons.beanutils.ConstructorUtils.getAccessibleConstructor(Class,Class[])
org.apache.commons.beanutils.LazyDynaBeanTestCase.testIndexedObjectArray()	org.apache.commons.beanutils.LazyDynaBean.get(String,int)
org.apache.commons.beanutils.BeanMap.put(Object,Object)	org.apache.commons.beanutils.BeanMap.logInfo(Exception)
org.apache.commons.beanutils.BeanUtilsTestCase.testPopulateNested()	org.apache.commons.beanutils.TestBean.getStringProperty()
org.apache.commons.beanutils.DynaPropertyUtilsTestCase.testGetNestedArguments()	org.apache.commons.beanutils.PropertyUtils.getNestedProperty(Object,String)
org.apache.commons.beanutils.LazyDynaBeanTestCase.testIndexedDynaBeanArray()	org.apache.commons.beanutils.DynaProperty.getType()
org.apache.commons.beanutils.DynaBeanUtilsTestCase.testSetPropertyNullValues()	org.apache.commons.beanutils.PropertyUtils.getSimpleProperty(Object,String)
org.apache.commons.beanutils.locale.LocaleConvertUtilsBean.deregister()	org.apache.commons.collections.FastHashMap.clear()
org.apache.commons.beanutils.WrapDynaBeanTestCase.testMappedContains()	org.apache.commons.beanutils.DynaBean.contains(String,String)
org.apache.commons.beanutils.RowSetDynaClass.copy(ResultSet)	org.apache.commons.beanutils.DynaProperty.getName()
org.apache.commons.beanutils.BeanUtilsTestCase.testCopyPropertyNestedMappedMap()	org.apache.commons.beanutils.BeanUtils.copyProperty(Object,String,Object)
org.apache.commons.beanutils.BeanUtilsTestCase.testGetIndexedProperty2()	org.apache.commons.beanutils.TestBean.getStringIndexed(int)
org.apache.commons.beanutils.BeanComparatorTestCase.testCompareOnBooleanProperty()	org.apache.commons.beanutils.TestBean.setBooleanProperty(boolean)
org.apache.commons.beanutils.LazyDynaBeanTestCase.testMappedInvalidType()	org.apache.commons.beanutils.LazyDynaBean.set(String,String,Object)
org.apache.commons.collections.keyvalue.AbstractMapEntry.equals(Object)	org.apache.commons.collections.keyvalue.AbstractKeyValue.getValue()
org.apache.commons.beanutils.locale.LocaleBeanUtils.getProperty(Object,String,String)	org.apache.commons.beanutils.locale.LocaleBeanUtilsBean.getLocaleBeanUtilsInstance()
org.apache.commons.beanutils.PropertyUtilsTestCase.testGetSimpleInt()	org.apache.commons.beanutils.PropertyUtils.getSimpleProperty(Object,String)
org.apache.commons.beanutils.BeanMap.setBean(Object)	org.apache.commons.beanutils.BeanMap.reinitialise()
org.apache.commons.beanutils.locale.LocaleBeanUtilsBean.convert(Class,int,Object,String)	org.apache.commons.beanutils.locale.LocaleConvertUtilsBean.convert(String,Class,String)
org.apache.commons.beanutils.locale.LocaleBeanUtilsBean.getIndexedProperty(Object,String,int,String)	org.apache.commons.beanutils.locale.LocaleBeanUtilsBean.getLocaleConvertUtils()
org.apache.commons.beanutils.PropertyUtilsTestCase.testGetNestedFloat()	org.apache.commons.beanutils.TestBean.getNested()
org.apache.commons.beanutils.PropertyUtilsTestCase.testGetNestedString()	org.apache.commons.beanutils.TestBean.getStringProperty()
org.apache.commons.beanutils.converters.LongConverterTestCase.testSimpleConversion()	org.apache.commons.beanutils.Converter.convert(Class,Object)
org.apache.commons.beanutils.DynaBeanUtilsTestCase.testCopyPropertyLong()	org.apache.commons.beanutils.DynaBean.get(String)
org.apache.commons.beanutils.LazyDynaBeanTestCase.testIndexedInvalidType()	org.apache.commons.beanutils.DynaProperty.isIndexed()
org.apache.commons.beanutils.locale.LocaleConvertUtilsTestCase.testObjectToStringScalar()	org.apache.commons.beanutils.locale.LocaleConvertUtils.convert(Object)
org.apache.commons.beanutils.BeanUtilsTestCase.testGetIndexedProperty2()	org.apache.commons.beanutils.BeanUtils.getIndexedProperty(Object,String,int)
org.apache.commons.beanutils.AbstractParent.testAddChild(Child)	org.apache.commons.beanutils.Child.getName()
org.apache.commons.beanutils.BeanUtilsTestCase.testCopyPropertyDouble()	org.apache.commons.beanutils.TestBean.getDoubleProperty()
org.apache.commons.beanutils.PropertyUtilsTestCase.testCopyPropertiesMap()	org.apache.commons.beanutils.TestBean.getIntArray()
org.apache.commons.beanutils.PropertyUtilsTestCase.testGetNestedDouble()	org.apache.commons.beanutils.TestBean.getNested()
org.apache.commons.beanutils.BeanPropertyValueChangeClosureTest.testExecuteWithSimpleDoublePropertyAndFloatValue()	org.apache.commons.beanutils.BeanPropertyValueChangeClosure.execute(Object)
org.apache.commons.beanutils.ConvertUtilsTestCase.testNegativeStringArray()	org.apache.commons.beanutils.ConvertUtils.convert(String,Class)
org.apache.commons.beanutils.LazyDynaMapTestCase.testIndexedLinkedList()	org.apache.commons.beanutils.LazyDynaMap.getDynaProperty(String)
org.apache.commons.collections.ReferenceMap.toArray()	org.apache.commons.collections.ReferenceMap.toArray(Object[])
org.apache.commons.beanutils.DynaPropertyUtilsTestCase.testGetMappedPeriods()	org.apache.commons.beanutils.PropertyUtils.getNestedProperty(Object,String)
org.apache.commons.beanutils.LazyDynaClassTestCase.testAddPropertyRestricted2()	org.apache.commons.beanutils.LazyDynaClass.isRestricted()
org.apache.commons.beanutils.DynaPropertyUtilsTestCase.testSetSimpleLong()	org.apache.commons.beanutils.PropertyUtils.setSimpleProperty(Object,String,Object)
org.apache.commons.beanutils.LazyDynaMapTestCase.testMappedPropertyUtils()	org.apache.commons.beanutils.LazyDynaMap.isDynaProperty(String)
org.apache.commons.beanutils.BasicDynaBeanTestCase.testSetIndexedArguments()	org.apache.commons.beanutils.DynaBean.set(String,int,Object)
org.apache.commons.beanutils.ConvertUtils.getDefaultInteger()	org.apache.commons.beanutils.ConvertUtilsBean.getInstance()
org.apache.commons.beanutils.locale.LocaleConvertUtils.setApplyLocalized(boolean)	org.apache.commons.beanutils.locale.LocaleConvertUtilsBean.getInstance()
org.apache.commons.beanutils.LazyDynaMapTestCase.testIndexedLinkedList()	org.apache.commons.beanutils.DynaProperty.isIndexed()
org.apache.commons.beanutils.locale.LocaleBeanUtilsBean.setDefaultLocale(Locale)	org.apache.commons.beanutils.locale.LocaleBeanUtilsBean.getLocaleConvertUtils()
org.apache.commons.beanutils.locale.converters.BaseLocaleConverterTestCase.convertValueNoPattern(BaseLocaleConverter,Object,Object)	org.apache.commons.beanutils.locale.converters.BaseLocaleConverterTestCase.convertValueNoPattern(BaseLocaleConverter,String,Object,Object)
org.apache.commons.beanutils.BeanUtilsTestCase.testCopyPropertiesMap()	org.apache.commons.beanutils.TestBean.getStringProperty()
org.apache.commons.collections.keyvalue.AbstractMapEntry.hashCode()	org.apache.commons.collections.keyvalue.AbstractKeyValue.getKey()
org.apache.commons.beanutils.BeanToPropertyValueTransformerTest.testTransformWithNullInPath()	org.apache.commons.beanutils.BeanToPropertyValueTransformer.transform(Object)
org.apache.commons.beanutils.BeanificationTestCase.testContextClassloaderIndependence()	org.apache.commons.beanutils.BeanificationTestCase.Signal.setSignal(int)
org.apache.commons.beanutils.locale.LocaleBeanUtils.getMappedProperty(Object,String,String,String)	org.apache.commons.beanutils.locale.LocaleBeanUtilsBean.getMappedProperty(Object,String,String,String)
org.apache.commons.beanutils.BeanMap.Entry.setValue(Object)	org.apache.commons.collections.keyvalue.AbstractKeyValue.getKey()
org.apache.commons.beanutils.BeanUtils.getSimpleProperty(Object,String)	org.apache.commons.beanutils.BeanUtilsBean.getSimpleProperty(Object,String)
org.apache.commons.beanutils.LazyDynaBeanTestCase.testIndexedDynaBeanArray()	org.apache.commons.beanutils.LazyDynaBean.get(String,int)
org.apache.commons.beanutils.locale.converters.BaseLocaleConverterTestCase.convertValueWithPattern(BaseLocaleConverter,Object,String,Object)	org.apache.commons.beanutils.locale.converters.BaseLocaleConverterTestCase.convertValueWithPattern(BaseLocaleConverter,String,Object,String,Object)
org.apache.commons.collections.FastHashMap.CollectionView.retainAll(Collection)	org.apache.commons.collections.FastHashMap.CollectionView.get(Map)
org.apache.commons.beanutils.BeanMap.put(Object,Object)	org.apache.commons.beanutils.BeanMap.getWriteMethod(Object)
org.apache.commons.beanutils.PropertyUtils.isReadable(Object,String)	org.apache.commons.beanutils.PropertyUtilsBean.isReadable(Object,String)
org.apache.commons.beanutils.DynaPropertyUtilsTestCase.testSetNestedString()	org.apache.commons.beanutils.PropertyUtils.setNestedProperty(Object,String,Object)
org.apache.commons.beanutils.LazyDynaBean.set(String,int,Object)	org.apache.commons.beanutils.LazyDynaBean.get(String)
org.apache.commons.beanutils.ConstructorUtils.invokeExactConstructor(Class,Object[],Class[])	org.apache.commons.beanutils.ConstructorUtils.getAccessibleConstructor(Class,Class[])
org.apache.commons.beanutils.LazyDynaBeanTestCase.testIndexedPropertyDefault()	org.apache.commons.beanutils.LazyDynaBean.set(String,int,Object)
org.apache.commons.beanutils.PropertyUtilsTestCase.testSetSimpleString()	org.apache.commons.beanutils.PropertyUtils.setSimpleProperty(Object,String,Object)
org.apache.commons.beanutils.LazyDynaBean.set(String,int,Object)	org.apache.commons.beanutils.DynaProperty.isIndexed()
org.apache.commons.beanutils.BeanUtilsTestCase.testSetPropertyNullValues()	org.apache.commons.beanutils.PropertyUtils.setProperty(Object,String,Object)
org.apache.commons.beanutils.locale.LocaleBeanificationTestCase.TestIndependenceThread.run()	org.apache.commons.beanutils.locale.LocaleBeanificationTestCase.Signal.setSignal(int)
org.apache.commons.beanutils.locale.LocaleBeanificationTestCase.testContextClassloaderIndependence()	org.apache.commons.beanutils.locale.LocaleBeanificationTestCase.Signal.getSignal()
org.apache.commons.beanutils.LazyDynaBean.growIndexedProperty(String,Object,int)	org.apache.commons.beanutils.LazyDynaBean.createProperty(String,Class)
org.apache.commons.beanutils.locale.LocaleBeanUtilsBean.getNestedProperty(Object,String)	org.apache.commons.beanutils.locale.LocaleBeanUtilsBean.getNestedProperty(Object,String,String)
org.apache.commons.beanutils.locale.LocaleConvertUtilsTestCase.fixmetestNegativeStringArray()	org.apache.commons.beanutils.locale.LocaleConvertUtils.convert(String,Class)
org.apache.commons.beanutils.PropertyUtilsTestCase.testGetReadMethod(Object,String[],String)	org.apache.commons.beanutils.PropertyUtils.getReadMethod(PropertyDescriptor)
org.apache.commons.beanutils.BeanUtilsTestCase.testPopulateScalar()	org.apache.commons.beanutils.TestBean.getLongProperty()
org.apache.commons.beanutils.LazyDynaClassTestCase.testRemovePropertyRestricted()	org.apache.commons.beanutils.LazyDynaClass.setRestricted(boolean)
org.apache.commons.beanutils.DynaPropertyUtilsTestCase.testSetMappedValues()	org.apache.commons.beanutils.PropertyUtils.getMappedProperty(Object,String,String)
org.apache.commons.beanutils.PropertyUtilsBean.getMappedProperty(Object,String)	org.apache.commons.beanutils.PropertyUtilsBean.getMappedProperty(Object,String,String)
org.apache.commons.beanutils.converters.DoubleArrayConverter.convert(Class,Object)	org.apache.commons.beanutils.converters.AbstractArrayConverter.parseElements(String)
org.apache.commons.beanutils.locale.LocaleConvertUtils.convert(Object)	org.apache.commons.beanutils.locale.LocaleConvertUtilsBean.convert(Object)
org.apache.commons.beanutils.BeanificationTestCase.testGetByContextClassLoader()	org.apache.commons.beanutils.BeanUtilsBean.getInstance()
org.apache.commons.beanutils.BeanUtilsTestCase.testMappedProperty()	org.apache.commons.beanutils.MappedPropertyTestBean.getMapproperty(String)
org.apache.commons.beanutils.DynaPropertyUtilsTestCase.testSetSimpleArguments()	org.apache.commons.beanutils.PropertyUtils.setSimpleProperty(Object,String,Object)
org.apache.commons.beanutils.BeanPropertyValueChangeClosureTest.testExecuteWithSimpleIntPropertyAndIntegerValue()	org.apache.commons.beanutils.TestBean.getIntProperty()
org.apache.commons.beanutils.PropertyUtils.getIndexedProperty(Object,String)	org.apache.commons.beanutils.PropertyUtilsBean.getIndexedProperty(Object,String)
org.apache.commons.collections.ReferenceMap.put(Object,Object)	org.apache.commons.collections.ReferenceMap.Entry.getKey()
org.apache.commons.beanutils.DynaBeanUtilsTestCase.testCloneDynaBean()	org.apache.commons.beanutils.DynaBeanUtilsTestCase.createDynaClass()
org.apache.commons.beanutils.TestBeanMap.testBeanMapClone()	org.apache.commons.beanutils.BeanMap.containsKey(Object)
org.apache.commons.beanutils.ConvertUtils.setDefaultDouble(double)	org.apache.commons.beanutils.ConvertUtilsBean.getInstance()
org.apache.commons.beanutils.BasicDynaBeanTestCase.testSerialization()	org.apache.commons.beanutils.BasicDynaBeanTestCase.testGetSimpleArguments()
org.apache.commons.beanutils.BeanUtilsTestCase.testPopulateArrayElements()	org.apache.commons.beanutils.TestBean.getIntIndexed(int)
org.apache.commons.beanutils.WrapDynaClass.introspect()	org.apache.commons.beanutils.PropertyUtils.getMappedPropertyDescriptors(Class)
org.apache.commons.beanutils.locale.LocaleBeanificationTestCase.CCLLTesterThread.run()	org.apache.commons.beanutils.ContextClassLoaderLocal.get()
org.apache.commons.beanutils.BeanificationTestCase.testContextClassloaderIndependence()	org.apache.commons.beanutils.BeanUtils.setProperty(Object,String,Object)
org.apache.commons.beanutils.PropertyUtilsTestCase.testSetSimpleBoolean()	org.apache.commons.beanutils.PropertyUtils.setSimpleProperty(Object,String,Object)
org.apache.commons.beanutils.locale.LocaleBeanUtilsBean.getSimpleProperty(Object,String,String)	org.apache.commons.beanutils.BeanUtilsBean.getPropertyUtils()
org.apache.commons.beanutils.BeanUtilsBean.copyProperty(Object,String,Object)	org.apache.commons.beanutils.Converter.convert(Class,Object)
org.apache.commons.beanutils.locale.LocaleBeanificationTestCase.testContextClassLoaderLocal()	org.apache.commons.beanutils.locale.LocaleBeanificationTestCase.Signal.getMarkerObject()
org.apache.commons.beanutils.LazyDynaMapTestCase.testIndexedPropertyDefault()	org.apache.commons.beanutils.LazyDynaBean.get(String,int)
org.apache.commons.beanutils.LazyDynaBeanTestCase.testIndexedPropertyUtils()	org.apache.commons.beanutils.LazyDynaBean.get(String)
org.apache.commons.beanutils.PropertyUtilsBean.setMappedProperty(Object,String,String,Object)	org.apache.commons.beanutils.DynaClass.getDynaProperty(String)
org.apache.commons.beanutils.PropertyUtilsTestCase.testSetNestedShort()	org.apache.commons.beanutils.TestBean.getShortProperty()
org.apache.commons.beanutils.converters.CharacterArrayConverter.convert(Class,Object)	org.apache.commons.beanutils.converters.AbstractArrayConverter.parseElements(String)
org.apache.commons.beanutils.LazyDynaMapTestCase.testIndexedInvalidType()	org.apache.commons.beanutils.LazyDynaMap.set(String,Object)
org.apache.commons.beanutils.locale.LocaleBeanUtils.setApplyLocalized(boolean)	org.apache.commons.beanutils.locale.LocaleBeanUtilsBean.setApplyLocalized(boolean)
org.apache.commons.beanutils.DynaRowSetTestCase.testGetDynaProperty()	org.apache.commons.beanutils.JDBCDynaClass.getDynaProperty(String)
org.apache.commons.beanutils.PropertyUtilsTestCase.testSetNestedDouble()	org.apache.commons.beanutils.TestBean.getNested()
org.apache.commons.beanutils.LazyDynaBean.isDynaProperty(String)	org.apache.commons.beanutils.DynaClass.getDynaProperty(String)
org.apache.commons.beanutils.locale.LocaleBeanUtils.convert(Class,int,Object)	org.apache.commons.beanutils.locale.LocaleBeanUtilsBean.getLocaleBeanUtilsInstance()
org.apache.commons.beanutils.PropertyUtils.setProperty(Object,String,Object)	org.apache.commons.beanutils.PropertyUtilsBean.setProperty(Object,String,Object)
org.apache.commons.beanutils.DynaBeanUtilsTestCase.testCloneDynaBean()	org.apache.commons.beanutils.DynaBean.get(String)
org.apache.commons.beanutils.locale.LocaleBeanificationTestCase.testGetByContextClassLoader()	org.apache.commons.beanutils.locale.LocaleBeanificationTestCase.Signal.getBean()
org.apache.commons.beanutils.PropertyUtilsTestCase.testGetMappedPeriods()	org.apache.commons.beanutils.PropertyUtils.getMappedProperty(Object,String,String)
org.apache.commons.beanutils.BeanPropertyValueChangeClosureTest.testExecuteWithSimpleIntPropertyAndDoubleValue()	org.apache.commons.beanutils.BeanPropertyValueChangeClosure.execute(Object)
org.apache.commons.beanutils.DynaBeanUtilsTestCase.testCopyPropertiesStandard()	org.apache.commons.beanutils.TestBean.setDoubleProperty(double)
org.apache.commons.beanutils.LazyDynaMapTestCase.testIndexedPropertyRestricted()	org.apache.commons.beanutils.LazyDynaMap.isRestricted()
org.apache.commons.beanutils.PropertyUtilsTestCase.testGetNestedShort()	org.apache.commons.beanutils.TestBean.getShortProperty()
org.apache.commons.beanutils.BeanUtilsBean.copyProperties(Object,Object)	org.apache.commons.beanutils.BeanUtilsBean.getPropertyUtils()
org.apache.commons.beanutils.WrapDynaBean.getDynaProperty(String)	org.apache.commons.beanutils.WrapDynaBean.getDynaClass()
org.apache.commons.beanutils.DynaBeanUtilsTestCase.testSetPropertyNull()	org.apache.commons.beanutils.DynaBean.get(String)
org.apache.commons.beanutils.PropertyUtilsBean.getInstance()	org.apache.commons.beanutils.BeanUtilsBean.getInstance()
org.apache.commons.collections.ReferenceMap.keySet()	org.apache.commons.collections.ReferenceMap.containsKey(Object)
org.apache.commons.beanutils.locale.LocaleBeanUtils.getIndexedProperty(Object,String,int,String)	org.apache.commons.beanutils.locale.LocaleBeanUtilsBean.getIndexedProperty(Object,String,int,String)
org.apache.commons.beanutils.locale.LocaleConvertUtils.register(LocaleConverter,Class,Locale)	org.apache.commons.beanutils.locale.LocaleConvertUtilsBean.register(LocaleConverter,Class,Locale)
org.apache.commons.beanutils.LazyDynaMapTestCase.testSimplePropertyRestricted()	org.apache.commons.beanutils.LazyDynaBean.get(String)
org.apache.commons.beanutils.PropertyUtilsBean.setNestedProperty(Object,String,Object)	org.apache.commons.beanutils.PropertyUtilsBean.getPropertyDescriptor(Object,String)
org.apache.commons.collections.keyvalue.AbstractKeyValue.toString()	org.apache.commons.collections.keyvalue.AbstractKeyValue.getValue()
org.apache.commons.beanutils.BeanUtilsTestCase.testCopyPropertiesDynaBean()	org.apache.commons.beanutils.DynaBean.set(String,Object)
org.apache.commons.beanutils.BeanUtilsTestCase.testGetGeneralProperty()	org.apache.commons.beanutils.BeanUtils.getProperty(Object,String)
org.apache.commons.beanutils.BeanUtilsTestCase.testSetPropertyNull()	org.apache.commons.beanutils.TestBean.setNullProperty(String)
org.apache.commons.beanutils.BeanUtilsBenchCase.testCopyPropertiesDyna()	org.apache.commons.beanutils.BeanUtilsBean.copyProperties(Object,Object)
org.apache.commons.beanutils.locale.LocaleBeanUtils.getApplyLocalized()	org.apache.commons.beanutils.locale.LocaleBeanUtilsBean.getLocaleBeanUtilsInstance()
org.apache.commons.beanutils.PropertyUtils.getWriteMethod(PropertyDescriptor)	org.apache.commons.beanutils.PropertyUtilsBean.getInstance()
org.apache.commons.beanutils.BeanUtilsTestCase.testSetPropertyInteger()	org.apache.commons.beanutils.TestBean.getIntProperty()
org.apache.commons.beanutils.DynaPropertyUtilsTestCase.setUp()	org.apache.commons.beanutils.DynaBean.set(String,Object)
org.apache.commons.beanutils.ConvertUtils.convert(String,Class)	org.apache.commons.beanutils.ConvertUtilsBean.getInstance()
org.apache.commons.beanutils.LazyDynaBeanTestCase.testMappedPropertyUtils()	org.apache.commons.beanutils.PropertyUtils.setProperty(Object,String,Object)
org.apache.commons.beanutils.BeanPropertyValueChangeClosureTest.testExecuteWithSimpleDoublePropertyAndIntegerValue()	org.apache.commons.beanutils.BeanPropertyValueChangeClosure.execute(Object)
org.apache.commons.beanutils.ConstructorUtilsTestCase.testInvokeConstructorWithArgArray()	org.apache.commons.beanutils.TestBean.getFloatProperty()
org.apache.commons.beanutils.ConvertUtilsBean.getInstance()	org.apache.commons.beanutils.BeanUtilsBean.getConvertUtils()
org.apache.commons.beanutils.BeanUtilsTestCase.testSeparateInstances()	org.apache.commons.beanutils.BeanUtilsBean.setProperty(Object,String,Object)
org.apache.commons.beanutils.BeanPropertyValueChangeClosureTest.testExecuteWithSimpleBytePropertyAndByteValue()	org.apache.commons.beanutils.BeanPropertyValueChangeClosure.execute(Object)
org.apache.commons.beanutils.ResultSetIterator.set(String,Object)	org.apache.commons.beanutils.ResultSetDynaClass.getResultSet()
org.apache.commons.beanutils.PropertyUtilsTestCase.testSetNestedDouble()	org.apache.commons.beanutils.TestBean.getDoubleProperty()
org.apache.commons.beanutils.ConvertUtils.deregister()	org.apache.commons.beanutils.ConvertUtilsBean.getInstance()
org.apache.commons.beanutils.ConvertUtils.setDefaultBoolean(boolean)	org.apache.commons.beanutils.ConvertUtilsBean.setDefaultBoolean(boolean)
org.apache.commons.beanutils.PropertyUtilsBean.setIndexedProperty(Object,String,Object)	org.apache.commons.beanutils.PropertyUtilsBean.setIndexedProperty(Object,String,int,Object)
org.apache.commons.beanutils.PropertyUtilsTestCase.testGetMappedPeriods()	org.apache.commons.beanutils.TestBean.setMappedProperty(String,String)
org.apache.commons.beanutils.BeanUtilsTestCase.testSetPropertyOnPrimitiveWrappers()	org.apache.commons.beanutils.BeanUtils.setProperty(Object,String,Object)
org.apache.commons.beanutils.BeanUtilsTestCase.testCopyPropertyNestedMappedMap()	org.apache.commons.beanutils.TestBean.getNested()
org.apache.commons.beanutils.BeanificationTestCase.testMemoryLeak()	org.apache.commons.beanutils.BeanificationTestCase.isPre14JVM()
org.apache.commons.beanutils.LazyDynaClassTestCase.testAddProperty1()	org.apache.commons.beanutils.DynaProperty.getName()
org.apache.commons.beanutils.LazyDynaBeanTestCase.testIndexedLinkedList()	org.apache.commons.beanutils.LazyDynaClass.getDynaProperty(String)
org.apache.commons.collections.FastHashMap.clone()	org.apache.commons.collections.FastHashMap.getFast()
org.apache.commons.beanutils.DynaBeanUtilsTestCase.testCopyPropertiesDynaBean()	org.apache.commons.beanutils.DynaClass.newInstance()
org.apache.commons.beanutils.BasicDynaBeanTestCase.testSetMappedValues()	org.apache.commons.beanutils.DynaBean.get(String,String)
org.apache.commons.beanutils.BeanToPropertyValueTransformerTest.testTransformWithNullInPathAndIgnoreTrue()	org.apache.commons.beanutils.BeanToPropertyValueTransformer.transform(Object)
org.apache.commons.beanutils.ConstructorUtilsTestCase.testInvokeConstructorWithTypeArray()	org.apache.commons.beanutils.TestBean.isBooleanSecond()
org.apache.commons.beanutils.locale.LocaleBeanUtilsBean.getMappedProperty(Object,String,String,String)	org.apache.commons.beanutils.BeanUtilsBean.getPropertyUtils()
org.apache.commons.beanutils.PropertyUtils.isReadable(Object,String)	org.apache.commons.beanutils.PropertyUtilsBean.getInstance()
org.apache.commons.beanutils.BeanUtilsTestCase.testCopyPropertyNestedIndexedArray()	org.apache.commons.beanutils.TestBean.getIntArray()
org.apache.commons.beanutils.PropertyUtilsBean.getSimpleProperty(Object,String)	org.apache.commons.beanutils.DynaBean.get(String)
org.apache.commons.beanutils.MethodUtils.invokeMethod(Object,String,Object[],Class[])	org.apache.commons.beanutils.MethodUtils.getMatchingAccessibleMethod(Class,String,Class[])
org.apache.commons.beanutils.PropertyUtils.getProperty(Object,String)	org.apache.commons.beanutils.PropertyUtilsBean.getProperty(Object,String)
org.apache.commons.beanutils.PropertyUtils.setIndexedProperty(Object,String,Object)	org.apache.commons.beanutils.PropertyUtilsBean.getInstance()
org.apache.commons.beanutils.DynaBeanUtilsTestCase.testGetGeneralProperty()	org.apache.commons.beanutils.BeanUtils.getProperty(Object,String)
org.apache.commons.beanutils.PropertyUtilsTestCase.testSetMapExtension()	org.apache.commons.beanutils.ExtendMapBean.getUnusuallyNamedProperty()
org.apache.commons.beanutils.locale.converters.FloatLocaleConverterTestCase.setUp()	org.apache.commons.beanutils.locale.converters.BaseLocaleConverterTestCase.setUp()
org.apache.commons.beanutils.LazyDynaMapTestCase.testIndexedDynaBeanArray()	org.apache.commons.beanutils.LazyDynaBean.set(String,Object)
org.apache.commons.beanutils.ConvertUtils.getDefaultLong()	org.apache.commons.beanutils.ConvertUtilsBean.getInstance()
org.apache.commons.beanutils.PropertyUtils.clearDescriptors()	org.apache.commons.beanutils.PropertyUtilsBean.getInstance()
org.apache.commons.beanutils.locale.LocaleConvertUtilsTestCase.fixmetestPositiveArray()	org.apache.commons.beanutils.locale.LocaleConvertUtils.convert(String[],Class)
org.apache.commons.beanutils.DynaBeanUtilsTestCase.testCopyPropertyShort()	org.apache.commons.beanutils.BeanUtils.setProperty(Object,String,Object)
org.apache.commons.beanutils.locale.LocaleBeanificationTestCase.testContextClassLoaderUnset()	org.apache.commons.beanutils.ContextClassLoaderLocal.get()
org.apache.commons.beanutils.BeanToPropertyValueTransformerTest.testTransformWithSimpleByteProperty()	org.apache.commons.beanutils.TestBean.setByteProperty(byte)
org.apache.commons.beanutils.BeanUtilsTestCase.testCopyPropertiesStandard()	org.apache.commons.beanutils.TestBean.setLongProperty(long)
org.apache.commons.beanutils.locale.LocaleConvertUtilsTestCase.fixmetestObjectToStringArray()	org.apache.commons.beanutils.locale.LocaleConvertUtils.convert(Object)
org.apache.commons.beanutils.DynaPropertyUtilsTestCase.testGetNestedLong()	org.apache.commons.beanutils.PropertyUtils.getNestedProperty(Object,String)
org.apache.commons.collections.keyvalue.AbstractKeyValue.toString()	org.apache.commons.collections.keyvalue.AbstractKeyValue.getKey()
org.apache.commons.beanutils.BeanUtilsBean.getArrayProperty(Object,String)	org.apache.commons.beanutils.BeanUtilsBean.getConvertUtils()
org.apache.commons.beanutils.DynaPropertyUtilsTestCase.testSetNestedShort()	org.apache.commons.beanutils.TestBean.getShortProperty()
org.apache.commons.beanutils.PropertyUtils.getMappedPropertyDescriptors(Class)	org.apache.commons.beanutils.PropertyUtilsBean.getMappedPropertyDescriptors(Class)
org.apache.commons.beanutils.locale.LocaleBeanUtilsBean.setInstance(LocaleBeanUtilsBean)	org.apache.commons.beanutils.ContextClassLoaderLocal.set(Object)
org.apache.commons.beanutils.BeanificationTestCase.testContextClassLoaderLocal()	org.apache.commons.beanutils.BeanificationTestCase.Signal.getMarkerObject()
org.apache.commons.beanutils.DynaBeanUtilsTestCase.testPopulateNested()	org.apache.commons.beanutils.TestBean.isBooleanSecond()
org.apache.commons.beanutils.LazyDynaMap.add(String,Class)	org.apache.commons.beanutils.LazyDynaBean.createProperty(String,Class)
org.apache.commons.beanutils.BeanificationTestCase.testMemoryLeak()	org.apache.commons.beanutils.PropertyUtilsBean.getInstance()
org.apache.commons.beanutils.DynaBeanUtilsTestCase.testCopyPropertiesStandard()	org.apache.commons.beanutils.TestBean.setByteProperty(byte)
org.apache.commons.beanutils.BasicDynaBean.set(String,Object)	org.apache.commons.beanutils.BasicDynaBean.isAssignable(Class,Class)
org.apache.commons.beanutils.DynaBeanUtilsTestCase.testCopyPropertiesStandard()	org.apache.commons.beanutils.TestBean.setShortProperty(short)
org.apache.commons.beanutils.BeanComparatorTestCase.testSetProperty()	org.apache.commons.beanutils.TestBean.setStringProperty(String)
org.apache.commons.beanutils.DynaPropertyUtilsTestCase.testSetSimpleIndexed()	org.apache.commons.beanutils.PropertyUtils.setSimpleProperty(Object,String,Object)
org.apache.commons.beanutils.locale.LocaleBeanificationTestCase.testGetByContextClassLoader()	org.apache.commons.beanutils.locale.LocaleBeanificationTestCase.Signal.setSignal(int)
org.apache.commons.beanutils.MethodUtilsTestCase.testInvokeMethod()	org.apache.commons.beanutils.AbstractParent.testAddChild2(String,Child)
org.apache.commons.beanutils.locale.converters.DateLocaleConverterTestCase.testSetLenient()	org.apache.commons.beanutils.locale.converters.DateLocaleConverter.isLenient()
org.apache.commons.beanutils.BeanUtilsTestCase.testGetNestedProperty()	org.apache.commons.beanutils.BeanUtils.getNestedProperty(Object,String)
org.apache.commons.beanutils.PropertyUtilsTestCase.testGetNestedDouble()	org.apache.commons.beanutils.TestBean.getDoubleProperty()
org.apache.commons.beanutils.BasicDynaBeanTestCase.testGetMappedValues()	org.apache.commons.beanutils.DynaBean.get(String,String)
org.apache.commons.beanutils.LazyDynaBean.get(String)	org.apache.commons.beanutils.LazyDynaBean.createProperty(String,Class)
org.apache.commons.beanutils.LazyDynaClass.add(String,Class)	org.apache.commons.beanutils.LazyDynaClass.add(DynaProperty)
org.apache.commons.beanutils.MappedPropertyDescriptor.internalFindMethod(Class,String,int,Class[])	org.apache.commons.beanutils.MappedPropertyDescriptor.getPublicDeclaredMethods(Class)
org.apache.commons.beanutils.DynaPropertyUtilsTestCase.setUp()	org.apache.commons.beanutils.DynaClass.newInstance()
org.apache.commons.beanutils.BeanUtilsBean.setProperty(Object,String,Object)	org.apache.commons.beanutils.DynaClass.getDynaProperty(String)
org.apache.commons.beanutils.DynaPropertyUtilsTestCase.testSetSimpleString()	org.apache.commons.beanutils.PropertyUtils.setSimpleProperty(Object,String,Object)
org.apache.commons.beanutils.locale.LocaleConvertUtilsBean.convert(String[],Class)	org.apache.commons.beanutils.locale.LocaleConvertUtilsBean.getDefaultLocale()
org.apache.commons.beanutils.DynaBeanUtilsTestCase.testCopyPropertiesDynaBean()	org.apache.commons.beanutils.DynaBean.set(String,Object)
org.apache.commons.beanutils.BasicDynaBeanTestCase.testGetDescriptors()	org.apache.commons.beanutils.DynaClass.getDynaProperties()
org.apache.commons.beanutils.BeanToPropertyValueTransformerTest.testTransformWithSimpleDoubleProperty()	org.apache.commons.beanutils.BeanToPropertyValueTransformer.transform(Object)
org.apache.commons.beanutils.BasicDynaBeanTestCase.testSetSimpleFloat()	org.apache.commons.beanutils.DynaBean.set(String,Object)
org.apache.commons.beanutils.BeanPropertyValueChangeClosureTest.testExecuteWithSimpleFloatPropertyAndIntegerValue()	org.apache.commons.beanutils.TestBean.getFloatProperty()
org.apache.commons.beanutils.LazyDynaMapTestCase.testMappedPropertyDefault()	org.apache.commons.beanutils.LazyDynaMap.getDynaProperty(String)
org.apache.commons.beanutils.PropertyUtilsBean.setIndexedProperty(Object,String,int,Object)	org.apache.commons.beanutils.DynaBean.set(String,int,Object)
org.apache.commons.collections.ReferenceMap.remove(Object)	org.apache.commons.collections.ReferenceMap.remove(Object)
org.apache.commons.collections.ReferenceMap.put(Object,Object)	org.apache.commons.collections.ReferenceMap.resize()
org.apache.commons.beanutils.BeanPropertyValueChangeClosureTest.testExecuteWithSimpleFloatPropertyAndIntegerValue()	org.apache.commons.beanutils.BeanPropertyValueChangeClosure.execute(Object)
org.apache.commons.beanutils.BeanPropertyValueChangeClosureTest.testExecuteWithSimpleBytePropertyAndStringValue()	org.apache.commons.beanutils.BeanPropertyValueChangeClosure.execute(Object)
org.apache.commons.beanutils.PropertyUtilsTestCase.testSetSimpleFloat()	org.apache.commons.beanutils.TestBean.getFloatProperty()
org.apache.commons.beanutils.locale.LocaleBeanUtilsBean.getMappedProperty(Object,String,String,String)	org.apache.commons.beanutils.PropertyUtilsBean.getMappedProperty(Object,String,String)
org.apache.commons.beanutils.DynaRowSetTestCase.testGetName()	org.apache.commons.beanutils.JDBCDynaClass.getName()
org.apache.commons.beanutils.locale.LocaleBeanUtils.calculate(Object,String)	org.apache.commons.beanutils.PropertyUtils.getProperty(Object,String)
org.apache.commons.beanutils.BeanUtilsTestCase.testCopyPropertiesDynaBean()	org.apache.commons.beanutils.TestBean.getStringProperty()
org.apache.commons.beanutils.BeanUtils.getIndexedProperty(Object,String)	org.apache.commons.beanutils.BeanUtilsBean.getInstance()
org.apache.commons.beanutils.BeanUtilsTestCase.testSetPropertyWriteOnly()	org.apache.commons.beanutils.BeanUtils.setProperty(Object,String,Object)
org.apache.commons.beanutils.DynaPropertyUtilsTestCase.testGetNestedShort()	org.apache.commons.beanutils.TestBean.getShortProperty()
org.apache.commons.beanutils.ResultSetIterator.hasNext()	org.apache.commons.beanutils.ResultSetIterator.advance()
org.apache.commons.beanutils.PropertyUtilsTestCase.testGetSimpleUnknown()	org.apache.commons.beanutils.PropertyUtils.getSimpleProperty(Object,String)
org.apache.commons.beanutils.ConstructorUtils.getMatchingAccessibleConstructor(Class,Class[])	org.apache.commons.beanutils.ConstructorUtils.getAccessibleConstructor(Constructor)
org.apache.commons.beanutils.BeanUtilsTestCase.testCopyPropertiesStandard()	org.apache.commons.beanutils.TestBean.setIntProperty(int)
org.apache.commons.beanutils.PropertyUtilsTestCase.testNestedWithIndex()	org.apache.commons.beanutils.PropertyUtils.setProperty(Object,String,Object)
org.apache.commons.beanutils.BeanPredicate.evaluate(Object)	org.apache.commons.beanutils.PropertyUtils.getProperty(Object,String)
org.apache.commons.beanutils.ConvertUtilsTestCase.testPositiveStringArray()	org.apache.commons.beanutils.ConvertUtils.convert(String,Class)
org.apache.commons.beanutils.BeanMap.get(Object)	org.apache.commons.beanutils.BeanMap.getReadMethod(Object)
org.apache.commons.beanutils.BeanUtilsBean.describe(Object)	org.apache.commons.beanutils.DynaClass.getDynaProperties()
org.apache.commons.beanutils.DynaBeanUtilsTestCase.testPopulateScalar()	org.apache.commons.beanutils.DynaBean.set(String,Object)
org.apache.commons.beanutils.BeanUtilsTestCase.testCopyPropertyByte()	org.apache.commons.beanutils.TestBean.getByteProperty()
org.apache.commons.beanutils.PropertyUtils.getReadMethod(PropertyDescriptor)	org.apache.commons.beanutils.PropertyUtilsBean.getInstance()
org.apache.commons.beanutils.locale.LocaleBeanUtilsBean.getIndexedProperty(Object,String,String)	org.apache.commons.beanutils.locale.LocaleBeanUtilsBean.getLocaleConvertUtils()
org.apache.commons.beanutils.BeanToPropertyValueTransformerTest.testTransformWithIndexedProperty()	org.apache.commons.beanutils.BeanToPropertyValueTransformer.transform(Object)
org.apache.commons.beanutils.BeanUtilsBean.setProperty(Object,String,Object)	org.apache.commons.beanutils.BeanUtilsBean.findLastNestedIndex(String)
org.apache.commons.collections.ReferenceMap.Entry.hashCode()	org.apache.commons.collections.ReferenceMap.Entry.getValue()
org.apache.commons.beanutils.locale.LocaleBeanUtils.convert(Class,int,Object)	org.apache.commons.beanutils.locale.LocaleBeanUtilsBean.convert(Class,int,Object)
org.apache.commons.beanutils.PropertyUtilsBean.getMappedProperty(Object,String,String)	org.apache.commons.beanutils.PropertyUtilsBean.getPropertyDescriptor(Object,String)
org.apache.commons.beanutils.PropertyUtilsTestCase.testGetMappedPeriods()	org.apache.commons.beanutils.TestBean.getMappedProperty(String)
org.apache.commons.beanutils.ConvertUtilsBean.setDefaultInteger(int)	org.apache.commons.beanutils.ConvertUtilsBean.register(Converter,Class)
org.apache.commons.beanutils.locale.LocaleBeanificationTestCase.testContextClassLoaderLocal()	org.apache.commons.beanutils.locale.LocaleBeanificationTestCase.Signal.getSignal()
org.apache.commons.beanutils.locale.LocaleBeanUtils.setApplyLocalized(boolean)	org.apache.commons.beanutils.locale.LocaleBeanUtilsBean.getLocaleBeanUtilsInstance()
org.apache.commons.beanutils.LazyDynaBeanTestCase.testIndexedObjectArray()	org.apache.commons.beanutils.LazyDynaClass.getDynaProperty(String)
org.apache.commons.beanutils.locale.converters.DateLocaleConverterTestCase.setUp()	org.apache.commons.beanutils.locale.converters.BaseLocaleConverterTestCase.setUp()
org.apache.commons.beanutils.PropertyUtilsBean.getSimpleProperty(Object,String)	org.apache.commons.beanutils.DynaClass.getDynaProperty(String)
org.apache.commons.beanutils.locale.converters.ShortLocaleConverterTestCase.setUp()	org.apache.commons.beanutils.locale.converters.BaseLocaleConverterTestCase.setUp()
org.apache.commons.beanutils.PropertyUtilsTestCase.testGetDescriptorArguments()	org.apache.commons.beanutils.PropertyUtils.getPropertyDescriptor(Object,String)
org.apache.commons.beanutils.DynaPropertyUtilsTestCase.testSetNestedReadOnly()	org.apache.commons.beanutils.TestBean.getWriteOnlyPropertyValue()
org.apache.commons.beanutils.PropertyUtilsTestCase.testGetSimpleString()	org.apache.commons.beanutils.PropertyUtils.getSimpleProperty(Object,String)
org.apache.commons.beanutils.locale.converters.LongLocaleConverterTestCase.setUp()	org.apache.commons.beanutils.locale.converters.BaseLocaleConverterTestCase.setUp()
org.apache.commons.beanutils.BeanUtilsTestCase.testCopyPropertyNestedIndexedArray()	org.apache.commons.beanutils.BeanUtilsTestCase.checkIntArray(int[],int[])
org.apache.commons.beanutils.DynaBeanUtilsTestCase.testPopulateArrayElements()	org.apache.commons.beanutils.DynaBean.get(String,int)
org.apache.commons.beanutils.LazyDynaBeanTestCase.testSimpleProperty()	org.apache.commons.beanutils.LazyDynaClass.getDynaProperty(String)
org.apache.commons.beanutils.locale.LocaleBeanificationTestCase.testBeanUtilsBeanSetInstance()	org.apache.commons.beanutils.locale.LocaleBeanificationTestCase.Signal.getSignal()
org.apache.commons.beanutils.LazyDynaBeanTestCase.testIndexedPropertyRestricted()	org.apache.commons.beanutils.LazyDynaBean.get(String)
org.apache.commons.beanutils.ResultSetIterator.get(String)	org.apache.commons.beanutils.JDBCDynaClass.getDynaProperty(String)
org.apache.commons.beanutils.locale.LocaleBeanificationTestCase.SetInstanceTesterThread.run()	org.apache.commons.beanutils.locale.LocaleBeanificationTestCase.Signal.setSignal(int)
org.apache.commons.beanutils.ConvertUtils.deregister(Class)	org.apache.commons.beanutils.ConvertUtilsBean.getInstance()
org.apache.commons.beanutils.BeanUtils.getIndexedProperty(Object,String)	org.apache.commons.beanutils.BeanUtilsBean.getIndexedProperty(Object,String)
org.apache.commons.beanutils.ConstructorUtilsTestCase.testInvokeExactConstructorWithArgArray()	org.apache.commons.beanutils.TestBean.isBooleanSecond()
org.apache.commons.beanutils.DynaResultSetTestCase.testGetName()	org.apache.commons.beanutils.JDBCDynaClass.getName()
org.apache.commons.beanutils.PropertyUtilsTestCase.testCopyPropertiesMap()	org.apache.commons.beanutils.TestBean.getFloatProperty()
org.apache.commons.beanutils.PropertyUtils.isWriteable(Object,String)	org.apache.commons.beanutils.PropertyUtilsBean.isWriteable(Object,String)
org.apache.commons.beanutils.MethodUtils.getAccessibleMethod(Class,String,Class[])	org.apache.commons.beanutils.MethodUtils.getAccessibleMethod(Method)
org.apache.commons.beanutils.locale.LocaleBeanUtilsBean.getNestedProperty(Object,String,String)	org.apache.commons.beanutils.locale.LocaleBeanUtilsBean.getLocaleConvertUtils()
org.apache.commons.beanutils.BeanUtilsTestCase.testCopyPropertiesDynaBean()	org.apache.commons.beanutils.DynaClass.newInstance()
org.apache.commons.beanutils.PropertyUtilsTestCase.testGetDescriptorSecond()	org.apache.commons.beanutils.PropertyUtilsTestCase.testGetDescriptorBase(String,String,String)
org.apache.commons.beanutils.BeanUtilsBean.getIndexedProperty(Object,String)	org.apache.commons.beanutils.PropertyUtilsBean.getIndexedProperty(Object,String)
org.apache.commons.beanutils.LazyDynaMap.remove(String)	org.apache.commons.beanutils.LazyDynaMap.isRestricted()
org.apache.commons.beanutils.locale.LocaleBeanificationTestCase.testContextClassLoaderUnset()	org.apache.commons.beanutils.ContextClassLoaderLocal.unset()
org.apache.commons.beanutils.LazyDynaBeanTestCase.testIndexedPropertyDefault()	org.apache.commons.beanutils.LazyDynaBean.get(String)
org.apache.commons.beanutils.locale.LocaleBeanificationTestCase.testGetByContextClassLoader()	org.apache.commons.beanutils.locale.LocaleConvertUtilsBean.getInstance()
org.apache.commons.beanutils.PropertyUtilsTestCase.testSetIndexedValues()	org.apache.commons.beanutils.PropertyUtils.getIndexedProperty(Object,String,int)
org.apache.commons.beanutils.BasicDynaClass.setProperties(DynaProperty[])	org.apache.commons.beanutils.DynaProperty.getName()
org.apache.commons.beanutils.LazyDynaMapTestCase.testMappedPropertyRestricted()	org.apache.commons.beanutils.LazyDynaBean.set(String,String,Object)
org.apache.commons.beanutils.ConvertUtilsTestCase.testPositiveScalar()	org.apache.commons.beanutils.ConvertUtils.convert(String,Class)
org.apache.commons.beanutils.ConstructorUtilsTestCase.testInvokeConstructorWithTypeArray()	org.apache.commons.beanutils.ConstructorUtils.invokeConstructor(Class,Object[],Class[])
org.apache.commons.beanutils.MethodUtilsTestCase.testInvokeExactMethod()	org.apache.commons.beanutils.priv.PrivateBeanFactory.create()
org.apache.commons.collections.ReferenceMap.Entry.toString()	org.apache.commons.collections.ReferenceMap.Entry.getKey()
org.apache.commons.beanutils.ConvertUtils.getDefaultFloat()	org.apache.commons.beanutils.ConvertUtilsBean.getDefaultFloat()
org.apache.commons.beanutils.locale.LocaleBeanUtilsBean.setProperty(Object,String,Object,String)	org.apache.commons.beanutils.locale.LocaleBeanUtilsBean.definePropertyType(Object,String,String)
org.apache.commons.beanutils.LazyDynaBeanTestCase.testMappedPropertyDefault()	org.apache.commons.beanutils.LazyDynaClass.getDynaProperty(String)
org.apache.commons.beanutils.DynaBeanUtilsTestCase.testCopyPropertyNestedMappedMap()	org.apache.commons.beanutils.TestBean.getMapProperty()
org.apache.commons.beanutils.LazyDynaMapTestCase.testIndexedPropertyDefault()	org.apache.commons.beanutils.LazyDynaMap.getDynaProperty(String)
org.apache.commons.beanutils.PropertyUtilsTestCase.testGetSimpleBoolean()	org.apache.commons.beanutils.TestBean.getBooleanProperty()
org.apache.commons.beanutils.ConvertUtils.convert(String[],Class)	org.apache.commons.beanutils.ConvertUtilsBean.convert(String[],Class)
org.apache.commons.beanutils.DynaRowSetTestCase.testListResults()	org.apache.commons.beanutils.RowSetDynaClass.getRows()
org.apache.commons.beanutils.ConvertUtilsBean.convert(Object)	org.apache.commons.beanutils.Converter.convert(Class,Object)
org.apache.commons.beanutils.LazyDynaBean.get(String,int)	org.apache.commons.beanutils.DynaClass.getDynaProperty(String)
org.apache.commons.beanutils.PropertyUtilsTestCase.testCopyPropertiesMap()	org.apache.commons.beanutils.TestBean.getDupProperty()
org.apache.commons.beanutils.locale.LocaleBeanUtilsBean.getApplyLocalized()	org.apache.commons.beanutils.locale.LocaleConvertUtilsBean.getApplyLocalized()
org.apache.commons.beanutils.ContextClassLoaderLocal.unset()	org.apache.commons.beanutils.ContextClassLoaderLocal.unset(ClassLoader)
org.apache.commons.beanutils.locale.LocaleConvertUtils.convert(String[],Class,String)	org.apache.commons.beanutils.locale.LocaleConvertUtilsBean.getInstance()
org.apache.commons.beanutils.BeanUtilsTestCase.testCopyPropertyNestedMappedMap()	org.apache.commons.beanutils.TestBean.getMapProperty()
org.apache.commons.beanutils.locale.LocaleConvertUtilsBean.lookup(Class,Locale)	org.apache.commons.beanutils.locale.LocaleConvertUtilsBean.lookup(Locale)
org.apache.commons.beanutils.DynaPropertyUtilsTestCase.testCopyPropertiesMap()	org.apache.commons.beanutils.DynaBean.get(String)
org.apache.commons.beanutils.BeanUtilsBean.setProperty(Object,String,Object)	org.apache.commons.beanutils.ConvertUtilsBean.convert(String[],Class)
org.apache.commons.collections.ReferenceMap.get(Object)	org.apache.commons.collections.ReferenceMap.Entry.getValue()
org.apache.commons.beanutils.BeanUtilsTestCase.testCopyPropertiesStandard()	org.apache.commons.beanutils.TestBean.setDoubleProperty(double)
org.apache.commons.beanutils.PropertyUtilsBean.copyProperties(Object,Object)	org.apache.commons.beanutils.DynaClass.getDynaProperties()
org.apache.commons.beanutils.DynaPropertyUtilsTestCase.testGetNestedReadOnly()	org.apache.commons.beanutils.DynaBean.get(String)
org.apache.commons.beanutils.ConvertUtils.register(Converter,Class)	org.apache.commons.beanutils.ConvertUtilsBean.getInstance()
org.apache.commons.beanutils.ConstructorUtilsTestCase.testInvokeExactConstructor()	org.apache.commons.beanutils.TestBean.getStringProperty()
org.apache.commons.beanutils.LazyDynaMapTestCase.testIndexedPropertyUtils()	org.apache.commons.beanutils.LazyDynaMap.setReturnNull(boolean)
org.apache.commons.beanutils.BeanUtilsBean.getMappedProperty(Object,String)	org.apache.commons.beanutils.PropertyUtilsBean.getMappedProperty(Object,String)
org.apache.commons.beanutils.PropertyUtilsTestCase.testGetSimpleDouble()	org.apache.commons.beanutils.PropertyUtils.getSimpleProperty(Object,String)
org.apache.commons.beanutils.DynaPropertyUtilsTestCase.testSetMappedValues()	org.apache.commons.beanutils.PropertyUtils.setMappedProperty(Object,String,String,Object)
org.apache.commons.beanutils.BeanUtilsBean.cloneBean(Object)	org.apache.commons.beanutils.BeanUtilsBean.getPropertyUtils()
org.apache.commons.beanutils.PropertyUtils.getIndexedProperty(Object,String,int)	org.apache.commons.beanutils.PropertyUtilsBean.getInstance()
org.apache.commons.beanutils.locale.LocaleBeanificationTestCase.testGetByContextClassLoader()	org.apache.commons.beanutils.locale.LocaleBeanificationTestCase.Signal.getConvertUtils()
org.apache.commons.beanutils.MappedPropertyDescriptor.isSubclass(Class,Class)	org.apache.commons.beanutils.MappedPropertyDescriptor.isSubclass(Class,Class)
org.apache.commons.beanutils.ConvertUtilsTestCase.testObjectToStringArray()	org.apache.commons.beanutils.ConvertUtils.convert(Object)
org.apache.commons.beanutils.locale.LocaleBeanUtils.getMappedPropertyLocale(Object,String,String)	org.apache.commons.beanutils.locale.LocaleBeanUtilsBean.getMappedPropertyLocale(Object,String,String)
org.apache.commons.beanutils.WrapDynaBeanTestCase.testMappedRemove()	org.apache.commons.beanutils.DynaBean.remove(String,String)
org.apache.commons.beanutils.locale.LocaleBeanificationTestCase.testContextClassLoaderLocal()	org.apache.commons.beanutils.ContextClassLoaderLocal.get()
org.apache.commons.beanutils.PropertyUtilsBean.describe(Object)	org.apache.commons.beanutils.PropertyUtilsBean.getProperty(Object,String)
org.apache.commons.beanutils.DynaResultSetTestCase.testNewInstance()	org.apache.commons.beanutils.JDBCDynaClass.newInstance()
org.apache.commons.beanutils.TestBeanMap.testMethodAccessor()	org.apache.commons.beanutils.BeanMap.getReadMethod(String)
org.apache.commons.beanutils.PropertyUtilsTestCase.testGetMappedSlashes()	org.apache.commons.beanutils.TestBean.setMappedObjects(String,Object)
org.apache.commons.collections.ReferenceMap.values()	org.apache.commons.collections.ReferenceMap.size()
org.apache.commons.beanutils.WrapDynaBean.getDynaProperty(String)	org.apache.commons.beanutils.DynaClass.getDynaProperty(String)
org.apache.commons.beanutils.converters.NumberConverterTestBase.testConvertNull()	org.apache.commons.beanutils.Converter.convert(Class,Object)
org.apache.commons.beanutils.PropertyUtilsTestCase.testGetDescriptorBoolean()	org.apache.commons.beanutils.PropertyUtilsTestCase.testGetDescriptorBase(String,String,String)
org.apache.commons.beanutils.PropertyUtilsTestCase.testGetSimpleFloat()	org.apache.commons.beanutils.TestBean.getFloatProperty()
org.apache.commons.beanutils.LazyDynaClassTestCase.testRemoveProperty()	org.apache.commons.beanutils.LazyDynaClass.getDynaProperty(String)
org.apache.commons.beanutils.converters.StringArrayConverter.convert(Class,Object)	org.apache.commons.beanutils.converters.AbstractArrayConverter.parseElements(String)
org.apache.commons.beanutils.BasicDynaBeanTestCase.testGetIndexedArguments()	org.apache.commons.beanutils.DynaBean.get(String,int)
org.apache.commons.beanutils.PropertyUtilsTestCase.testSetNestedString()	org.apache.commons.beanutils.TestBean.getStringProperty()
org.apache.commons.beanutils.locale.LocaleBeanUtils.getProperty(Object,String,String)	org.apache.commons.beanutils.locale.LocaleBeanUtilsBean.getProperty(Object,String,String)
org.apache.commons.beanutils.PropertyUtilsBenchCase.setUp()	org.apache.commons.beanutils.BenchBean.getFloatProperty()
org.apache.commons.beanutils.PropertyUtilsBenchCase.setUp()	org.apache.commons.beanutils.BenchBean.getIntProperty()
org.apache.commons.beanutils.PropertyUtilsTestCase.testNestedWithIndex()	org.apache.commons.beanutils.NestedTestBean.getSimpleBeanProperty()
org.apache.commons.beanutils.PropertyUtilsBean.getMappedProperty(Object,String,String)	org.apache.commons.beanutils.MappedPropertyDescriptor.getMappedReadMethod()
org.apache.commons.beanutils.PropertyUtilsTestCase.testSetIndexedValues()	org.apache.commons.beanutils.PropertyUtils.setIndexedProperty(Object,String,Object)
org.apache.commons.beanutils.PropertyUtilsTestCase.testGetWriteMethodPublicSubclass()	org.apache.commons.beanutils.PropertyUtilsTestCase.testGetWriteMethod(Object,String[],String)
org.apache.commons.beanutils.PropertyUtilsTestCase.testCopyPropertiesMap()	org.apache.commons.beanutils.TestBean.getIntProperty()
org.apache.commons.beanutils.PropertyUtilsTestCase.testGetWriteMethod(Object,String[],String)	org.apache.commons.beanutils.PropertyUtils.getWriteMethod(PropertyDescriptor)
org.apache.commons.collections.FastHashMap.CollectionView.remove(Object)	org.apache.commons.collections.FastHashMap.CollectionView.get(Map)
org.apache.commons.beanutils.LazyDynaMapTestCase.testIndexedLinkedList()	org.apache.commons.beanutils.LazyDynaBean.get(String)
org.apache.commons.beanutils.LazyDynaBean.createMappedProperty(String,Class)	org.apache.commons.beanutils.LazyDynaBean.defaultMappedProperty(String)
org.apache.commons.collections.FastHashMap.CollectionView.containsAll(Collection)	org.apache.commons.collections.FastHashMap.CollectionView.get(Map)
org.apache.commons.beanutils.PropertyUtilsTestCase.testGetIndexedValues()	org.apache.commons.beanutils.PropertyUtils.getIndexedProperty(Object,String,int)
org.apache.commons.beanutils.locale.LocaleConvertUtils.create(Locale)	org.apache.commons.beanutils.locale.LocaleConvertUtilsBean.create(Locale)
org.apache.commons.beanutils.DynaPropertyUtilsTestCase.testGetNestedFloat()	org.apache.commons.beanutils.DynaBean.get(String)
org.apache.commons.beanutils.BeanUtilsBean.copyProperty(Object,String,Object)	org.apache.commons.beanutils.PropertyUtilsBean.getProperty(Object,String)
org.apache.commons.beanutils.ConvertUtilsBean.setDefaultByte(byte)	org.apache.commons.beanutils.ConvertUtilsBean.register(Converter,Class)
org.apache.commons.beanutils.ConvertUtils.register(Converter,Class)	org.apache.commons.beanutils.ConvertUtilsBean.register(Converter,Class)
org.apache.commons.beanutils.PropertyUtilsTestCase.testGetNestedArguments()	org.apache.commons.beanutils.PropertyUtils.getNestedProperty(Object,String)
org.apache.commons.beanutils.ConvertUtils.getDefaultDouble()	org.apache.commons.beanutils.ConvertUtilsBean.getInstance()
org.apache.commons.beanutils.BeanificationTestCase.testGetByContextClassLoader()	org.apache.commons.beanutils.BeanificationTestCase.Signal.getPropertyUtils()
org.apache.commons.beanutils.DynaPropertyUtilsTestCase.testSetSimpleDouble()	org.apache.commons.beanutils.PropertyUtils.setSimpleProperty(Object,String,Object)
org.apache.commons.beanutils.LazyDynaMapTestCase.testIndexedDynaBeanArray()	org.apache.commons.beanutils.LazyDynaMap.getDynaProperty(String)
org.apache.commons.beanutils.LazyDynaMapTestCase.testMappedPropertyTreeMap()	org.apache.commons.beanutils.LazyDynaMap.add(String,Class)
org.apache.commons.collections.FastHashMap.CollectionView.equals(Object)	org.apache.commons.collections.FastHashMap.CollectionView.get(Map)
org.apache.commons.beanutils.BeanUtilsTestCase.testSetPropertyOnPrimitiveWrappers()	org.apache.commons.beanutils.TestBean.getIntProperty()
org.apache.commons.beanutils.PropertyUtilsTestCase.testSetNestedLong()	org.apache.commons.beanutils.TestBean.getLongProperty()
org.apache.commons.beanutils.PropertyUtils.getMappedProperty(Object,String,String)	org.apache.commons.beanutils.PropertyUtilsBean.getMappedProperty(Object,String,String)
org.apache.commons.beanutils.PropertyUtilsBean.getIndexedProperty(Object,String,int)	org.apache.commons.beanutils.PropertyUtilsBean.invokeMethod(Method,Object,Object[])
org.apache.commons.collections.ReferenceMap.values()	org.apache.commons.collections.ReferenceMap.iterator()
org.apache.commons.beanutils.locale.LocaleConvertUtils.convert(String[],Class)	org.apache.commons.beanutils.locale.LocaleConvertUtilsBean.getInstance()
org.apache.commons.beanutils.PropertyUtilsTestCase.testGetSetParentBean()	org.apache.commons.beanutils.AlphaBean.getName()
org.apache.commons.beanutils.BasicDynaBeanTestCase.testSerialization()	org.apache.commons.beanutils.BasicDynaBeanTestCase.testMappedRemove()
org.apache.commons.beanutils.BeanUtilsTestCase.testSetPropertyByte()	org.apache.commons.beanutils.TestBean.getByteProperty()
org.apache.commons.beanutils.DynaResultSetTestCase.testIteratorResults()	org.apache.commons.beanutils.DynaBean.get(String)
org.apache.commons.beanutils.locale.LocaleBeanUtilsBean.getIndexedProperty(Object,String,int)	org.apache.commons.beanutils.locale.LocaleBeanUtilsBean.getIndexedProperty(Object,String,int,String)
org.apache.commons.beanutils.DynaBeanUtilsTestCase.testPopulateNested()	org.apache.commons.beanutils.BeanUtils.populate(Object,Map)
org.apache.commons.beanutils.BeanUtilsTestCase.testGetIndexedProperty2()	org.apache.commons.beanutils.TestBean.getIntIndexed(int)
org.apache.commons.beanutils.BeanUtilsTestCase.testSetPropertyShort()	org.apache.commons.beanutils.TestBean.getShortProperty()
org.apache.commons.beanutils.BeanUtilsBean.getSimpleProperty(Object,String)	org.apache.commons.beanutils.ConvertUtilsBean.convert(Object)
org.apache.commons.beanutils.DynaProperty.writeObject(ObjectOutputStream)	org.apache.commons.beanutils.DynaProperty.writeAnyClass(Class,ObjectOutputStream)
org.apache.commons.beanutils.PropertyUtilsBean.getReadMethod(PropertyDescriptor)	org.apache.commons.beanutils.MethodUtils.getAccessibleMethod(Method)
org.apache.commons.beanutils.PropertyUtilsTestCase.testGetNestedBoolean()	org.apache.commons.beanutils.TestBean.getBooleanProperty()
org.apache.commons.beanutils.locale.LocaleConvertUtils.convert(String,Class,Locale,String)	org.apache.commons.beanutils.locale.LocaleConvertUtilsBean.convert(String,Class,Locale,String)
org.apache.commons.beanutils.DynaBeanUtilsTestCase.testCopyPropertyDouble()	org.apache.commons.beanutils.DynaBean.get(String)
org.apache.commons.beanutils.PropertyUtilsTestCase.testGetNestedUnknown()	org.apache.commons.beanutils.PropertyUtils.getNestedProperty(Object,String)
org.apache.commons.beanutils.MappedPropertyDescriptor.internalFindMethod(Class,String,int)	org.apache.commons.beanutils.MappedPropertyDescriptor.internalFindMethod(Class,String,int)
org.apache.commons.beanutils.PropertyUtilsTestCase.testSetIndexedArguments()	org.apache.commons.beanutils.PropertyUtils.setIndexedProperty(Object,String,int,Object)
org.apache.commons.beanutils.BeanToPropertyValueTransformerTest.testTransformWithNestedIndexedProperty()	org.apache.commons.beanutils.TestBean.setIntIndexed(int,int)
org.apache.commons.beanutils.PropertyUtils.getNestedProperty(Object,String)	org.apache.commons.beanutils.PropertyUtilsBean.getInstance()
org.apache.commons.beanutils.PropertyUtilsTestCase.testSetNestedInt()	org.apache.commons.beanutils.PropertyUtils.setNestedProperty(Object,String,Object)
org.apache.commons.beanutils.LazyDynaBeanTestCase.testMappedPropertyDefault()	org.apache.commons.beanutils.LazyDynaBean.get(String,String)
org.apache.commons.beanutils.ConvertUtils.getDefaultDouble()	org.apache.commons.beanutils.ConvertUtilsBean.getDefaultDouble()
org.apache.commons.beanutils.locale.LocaleConvertUtilsBean.convert(String,Class,Locale,String)	org.apache.commons.beanutils.locale.LocaleConvertUtilsBean.lookup(Class,Locale)
org.apache.commons.beanutils.PropertyUtilsBean.describe(Object)	org.apache.commons.beanutils.DynaProperty.getName()
org.apache.commons.beanutils.MethodUtilsTestCase.testSimpleStatic2()	org.apache.commons.beanutils.TestBean.currentCounter()
org.apache.commons.beanutils.locale.LocaleBeanUtils.convert(Class,int,Object,String)	org.apache.commons.beanutils.locale.LocaleBeanUtilsBean.convert(Class,int,Object,String)
org.apache.commons.beanutils.BeanToPropertyValueTransformerTest.testTransformWithSimpleIntProperty()	org.apache.commons.beanutils.BeanToPropertyValueTransformer.transform(Object)
org.apache.commons.collections.ReferenceMap.entrySet()	org.apache.commons.collections.ReferenceMap.Entry.getValue()
org.apache.commons.beanutils.locale.LocaleBeanificationTestCase.GetBeanUtilsBeanThread.run()	org.apache.commons.beanutils.locale.LocaleBeanificationTestCase.Signal.setBean(LocaleBeanUtilsBean)
org.apache.commons.beanutils.locale.LocaleConvertUtilsBean.convert(Object,String)	org.apache.commons.beanutils.locale.LocaleConvertUtilsBean.convert(Object,Locale,String)
org.apache.commons.beanutils.DynaBeanUtilsTestCase.testGetArrayProperty()	org.apache.commons.beanutils.BeanUtils.getArrayProperty(Object,String)
org.apache.commons.collections.ReferenceMap.ValueIterator.next()	org.apache.commons.collections.ReferenceMap.Entry.getValue()
org.apache.commons.beanutils.LazyDynaBean.set(String,int,Object)	org.apache.commons.beanutils.LazyDynaBean.isDynaProperty(String)
org.apache.commons.beanutils.locale.LocaleBeanificationTestCase.testContextClassLoaderLocal()	org.apache.commons.beanutils.locale.LocaleBeanificationTestCase.Signal.setSignal(int)
org.apache.commons.beanutils.MethodUtilsTestCase.testInvokeMethod()	org.apache.commons.beanutils.AbstractParent.testAddChild(Child)
org.apache.commons.beanutils.BasicDynaBeanTestCase.testGetDescriptorBase(String,Class)	org.apache.commons.beanutils.DynaClass.getDynaProperty(String)
org.apache.commons.beanutils.DynaBeanUtilsTestCase.testSetPropertyNullValues()	org.apache.commons.beanutils.BeanUtils.getProperty(Object,String)
org.apache.commons.beanutils.BeanPropertyValueChangeClosureTest.testExecuteWithIndexedProperty()	org.apache.commons.beanutils.BeanPropertyValueChangeClosure.execute(Object)
org.apache.commons.beanutils.BeanUtilsTestCase.testCopyPropertiesStandard()	org.apache.commons.beanutils.TestBean.getIntArray()
org.apache.commons.beanutils.LazyDynaBeanTestCase.testMappedPropertyTreeMap()	org.apache.commons.beanutils.LazyDynaBean.set(String,String,Object)
org.apache.commons.beanutils.locale.LocaleBeanificationTestCase.testBeanUtilsBeanSetInstance()	org.apache.commons.beanutils.locale.LocaleBeanificationTestCase.Signal.setSignal(int)
org.apache.commons.beanutils.PropertyUtilsBean.getMappedProperty(Object,String,String)	org.apache.commons.beanutils.PropertyUtilsBean.invokeMethod(Method,Object,Object[])
org.apache.commons.beanutils.DynaPropertyUtilsTestCase.testGetNestedFloat()	org.apache.commons.beanutils.PropertyUtils.getNestedProperty(Object,String)
org.apache.commons.beanutils.locale.converters.BaseLocaleConverterTestCase.convertInvalid(BaseLocaleConverter,String,Object)	org.apache.commons.beanutils.locale.BaseLocaleConverter.convert(Object)
org.apache.commons.beanutils.converters.URLConverterTestCase.setUp()	org.apache.commons.beanutils.converters.URLConverterTestCase.makeConverter()
org.apache.commons.beanutils.LazyDynaBeanTestCase.testMappedPropertyTreeMap()	org.apache.commons.beanutils.DynaProperty.isMapped()
org.apache.commons.beanutils.BeanificationTestCase.GetBeanUtilsBeanThread.run()	org.apache.commons.beanutils.ConvertUtilsBean.getInstance()
org.apache.commons.beanutils.locale.LocaleBeanificationTestCase.CCLLTesterThread.run()	org.apache.commons.beanutils.ContextClassLoaderLocal.set(Object)
org.apache.commons.beanutils.MethodUtils.invokeExactMethod(Object,String,Object[],Class[])	org.apache.commons.beanutils.MethodUtils.getAccessibleMethod(Class,String,Class[])
org.apache.commons.beanutils.PropertyUtilsTestCase.testSetSimpleBoolean()	org.apache.commons.beanutils.TestBean.getBooleanProperty()
org.apache.commons.beanutils.ConvertUtils.setDefaultShort(short)	org.apache.commons.beanutils.ConvertUtilsBean.getInstance()
org.apache.commons.beanutils.PropertyUtilsTestCase.testSetSimpleReadOnly()	org.apache.commons.beanutils.PropertyUtils.setSimpleProperty(Object,String,Object)
org.apache.commons.beanutils.DynaBeanUtilsTestCase.testPopulateScalar()	org.apache.commons.beanutils.BeanUtils.populate(Object,Map)
org.apache.commons.beanutils.LazyDynaMapTestCase.testIndexedPropertyUtils()	org.apache.commons.beanutils.PropertyUtils.setProperty(Object,String,Object)
org.apache.commons.beanutils.locale.LocaleBeanUtilsBean.convert(Class,int,Object,String)	org.apache.commons.beanutils.locale.LocaleBeanUtilsBean.getLocaleConvertUtils()
org.apache.commons.beanutils.PropertyUtilsTestCase.testSetSimpleUnknown()	org.apache.commons.beanutils.PropertyUtils.setSimpleProperty(Object,String,Object)
org.apache.commons.beanutils.LazyDynaMapTestCase.main(String[])	org.apache.commons.beanutils.LazyDynaMapTestCase.suite()
org.apache.commons.beanutils.PropertyUtils.getPropertyDescriptors(Class)	org.apache.commons.beanutils.PropertyUtilsBean.getInstance()
org.apache.commons.beanutils.PropertyUtilsBean.getPropertyType(Object,String)	org.apache.commons.beanutils.DynaBean.getDynaClass()
org.apache.commons.beanutils.PropertyUtilsTestCase.testGetSimpleNested()	org.apache.commons.beanutils.PropertyUtils.getSimpleProperty(Object,String)
org.apache.commons.beanutils.BeanUtilsBean.getMappedProperty(Object,String)	org.apache.commons.beanutils.BeanUtilsBean.getConvertUtils()
org.apache.commons.beanutils.PropertyUtilsTestCase.testSetNestedInt()	org.apache.commons.beanutils.TestBean.getNested()
org.apache.commons.beanutils.BeanificationTestCase.GetBeanUtilsBeanThread.run()	org.apache.commons.beanutils.PropertyUtilsBean.getInstance()
org.apache.commons.beanutils.BeanUtilsBean.setProperty(Object,String,Object)	org.apache.commons.beanutils.PropertyUtilsBean.setProperty(Object,String,Object)
org.apache.commons.beanutils.locale.LocaleBeanUtils.getMappedProperty(Object,String,String)	org.apache.commons.beanutils.locale.LocaleBeanUtilsBean.getMappedProperty(Object,String,String)
org.apache.commons.beanutils.BeanUtilsTestCase.testCopyPropertyDouble()	org.apache.commons.beanutils.BeanUtils.copyProperty(Object,String,Object)
org.apache.commons.beanutils.LazyDynaClassTestCase.testAddProperty1()	org.apache.commons.beanutils.LazyDynaClass.getDynaProperty(String)
org.apache.commons.beanutils.LazyDynaMapTestCase.testMappedPropertyRestricted()	org.apache.commons.beanutils.LazyDynaMap.setRestricted(boolean)
org.apache.commons.beanutils.MethodUtils.getMatchingAccessibleMethod(Class,String,Class[])	org.apache.commons.beanutils.MethodUtils.isAssignmentCompatible(Class,Class)
org.apache.commons.beanutils.locale.LocaleBeanUtils.getIndexedProperty(Object,String,int,String)	org.apache.commons.beanutils.locale.LocaleBeanUtilsBean.getLocaleBeanUtilsInstance()
org.apache.commons.collections.ReferenceMap.ValueIterator.next()	org.apache.commons.collections.ReferenceMap.EntryIterator.nextEntry()
org.apache.commons.beanutils.BeanMap.get(Object)	org.apache.commons.beanutils.BeanMap.logWarn(Exception)
org.apache.commons.beanutils.DynaProperty.toString()	org.apache.commons.beanutils.DynaProperty.isIndexed()
org.apache.commons.beanutils.locale.LocaleBeanUtils.getMappedProperty(Object,String)	org.apache.commons.beanutils.locale.LocaleBeanUtilsBean.getLocaleBeanUtilsInstance()
org.apache.commons.beanutils.AbstractParent.testAddChild2(String,Child)	org.apache.commons.beanutils.Child.getName()
org.apache.commons.beanutils.PropertyUtilsBean.setNestedProperty(Object,String,Object)	org.apache.commons.beanutils.PropertyUtilsBean.getMappedProperty(Object,String)
org.apache.commons.beanutils.BeanMap.entrySet()	org.apache.commons.beanutils.BeanMap.entryIterator()
org.apache.commons.beanutils.ConvertUtils.setDefaultShort(short)	org.apache.commons.beanutils.ConvertUtilsBean.setDefaultShort(short)
org.apache.commons.beanutils.LazyDynaClassTestCase.testRemovePropertyDoesntExist()	org.apache.commons.beanutils.LazyDynaClass.isDynaProperty(String)
org.apache.commons.beanutils.locale.LocaleBeanUtilsBean.getNestedProperty(Object,String,String)	org.apache.commons.beanutils.BeanUtilsBean.getPropertyUtils()
org.apache.commons.beanutils.BeanUtilsTestCase.testGetSimpleProperty()	org.apache.commons.beanutils.TestBean.getShortProperty()
org.apache.commons.beanutils.DynaProperty.writeObject(ObjectOutputStream)	org.apache.commons.beanutils.DynaProperty.isMapped()
org.apache.commons.beanutils.DynaBeanUtilsTestCase.testPopulateNested()	org.apache.commons.beanutils.TestBean.getIntProperty()
org.apache.commons.beanutils.BeanUtilsTestCase.testArrayPropertyConversion()	org.apache.commons.beanutils.ConvertUtilsBean.register(Converter,Class)
org.apache.commons.beanutils.locale.LocaleConvertUtils.convert(String,Class,String)	org.apache.commons.beanutils.locale.LocaleConvertUtilsBean.convert(String,Class,String)
org.apache.commons.beanutils.BeanMap.putAllWriteable(BeanMap)	org.apache.commons.beanutils.BeanMap.getWriteMethod(Object)
org.apache.commons.beanutils.BeanUtilsBean.setProperty(Object,String,Object)	org.apache.commons.beanutils.DynaBean.getDynaClass()
org.apache.commons.beanutils.DynaBeanUtilsTestCase.setUp()	org.apache.commons.beanutils.DynaBean.set(String,Object)
org.apache.commons.beanutils.ConvertUtilsBean.convert(String,Class)	org.apache.commons.beanutils.ConvertUtilsBean.lookup(Class)
org.apache.commons.collections.ReferenceMap.put(Object,Object)	org.apache.commons.collections.ReferenceMap.Entry.setValue(Object)
org.apache.commons.beanutils.DynaResultSetTestCase.testGetDynaProperties()	org.apache.commons.beanutils.DynaProperty.getName()
org.apache.commons.beanutils.ConvertUtils.setDefaultByte(byte)	org.apache.commons.beanutils.ConvertUtilsBean.setDefaultByte(byte)
org.apache.commons.beanutils.LazyDynaMapTestCase.testIndexedPropertyUtils()	org.apache.commons.beanutils.LazyDynaBean.get(String,int)
org.apache.commons.beanutils.BasicDynaBeanTestCase.testSerialization()	org.apache.commons.beanutils.BasicDynaBeanTestCase.testGetSimpleInt()
org.apache.commons.beanutils.DynaBeanUtilsTestCase.testCopyPropertiesStandard()	org.apache.commons.beanutils.TestBean.setIntProperty(int)
org.apache.commons.beanutils.BeanUtilsBean.getNestedProperty(Object,String)	org.apache.commons.beanutils.ConvertUtilsBean.convert(Object)
org.apache.commons.beanutils.DynaBeanUtilsTestCase.testCopyPropertyNestedSimple()	org.apache.commons.beanutils.DynaBean.get(String)
org.apache.commons.beanutils.BeanUtilsTestCase.testCopyPropertiesStandard()	org.apache.commons.beanutils.TestBean.getLongProperty()
org.apache.commons.beanutils.TestBeanMap.makeFullMap()	org.apache.commons.beanutils.TestBeanMap.BeanWithProperties.setSomeStringValue(String)
org.apache.commons.beanutils.BeanUtilsTestCase.testCopyPropertyInteger()	org.apache.commons.beanutils.TestBean.getIntProperty()
org.apache.commons.beanutils.converters.StringArrayConverterTestCase.testIntToString()	org.apache.commons.beanutils.converters.StringArrayConverter.convert(Class,Object)
org.apache.commons.beanutils.BasicDynaBeanTestCase.testSerialization()	org.apache.commons.beanutils.BasicDynaBeanTestCase.testGetSimpleDouble()
org.apache.commons.beanutils.locale.LocaleBeanificationTestCase.testMemoryLeak()	org.apache.commons.beanutils.locale.LocaleConvertUtilsBean.getInstance()
org.apache.commons.beanutils.BeanUtilsBean.getIndexedProperty(Object,String)	org.apache.commons.beanutils.ConvertUtilsBean.convert(Object)
org.apache.commons.beanutils.DynaPropertyUtilsTestCase.testSetSimpleDouble()	org.apache.commons.beanutils.DynaBean.get(String)
org.apache.commons.beanutils.locale.LocaleConvertUtils.convert(String,Class,String)	org.apache.commons.beanutils.locale.LocaleConvertUtilsBean.getInstance()
org.apache.commons.beanutils.BasicDynaBeanTestCase.testGetSimpleDouble()	org.apache.commons.beanutils.DynaBean.get(String)
org.apache.commons.beanutils.DynaPropertyUtilsTestCase.testGetIndexedArguments()	org.apache.commons.beanutils.PropertyUtils.getIndexedProperty(Object,String)
org.apache.commons.beanutils.ConvertUtils.lookup(Class)	org.apache.commons.beanutils.ConvertUtilsBean.getInstance()
org.apache.commons.beanutils.MethodUtilsTestCase.testParentMethod()	org.apache.commons.beanutils.MethodUtils.invokeMethod(Object,String,Object)
org.apache.commons.beanutils.locale.LocaleBeanUtilsBean.setProperty(Object,String,Object,String)	org.apache.commons.beanutils.locale.LocaleBeanUtilsBean.invokeSetter(Object,String,String,int,Object)
org.apache.commons.beanutils.PropertyUtilsTestCase.testSetMappedArguments()	org.apache.commons.beanutils.PropertyUtils.setMappedProperty(Object,String,Object)
org.apache.commons.beanutils.PropertyUtilsTestCase.setUp()	org.apache.commons.beanutils.priv.PrivateBeanFactory.create()
org.apache.commons.beanutils.BeanPropertyValueEqualsPredicateTest.testEvaluateWithByteProperty()	org.apache.commons.beanutils.TestBean.setByteProperty(byte)
org.apache.commons.beanutils.locale.LocaleBeanUtils.invokeSetter(Object,String,String,int,Object)	org.apache.commons.beanutils.locale.LocaleBeanUtilsBean.invokeSetter(Object,String,String,int,Object)
org.apache.commons.beanutils.PropertyUtilsTestCase.testSetNestedFloat()	org.apache.commons.beanutils.TestBean.getFloatProperty()
org.apache.commons.beanutils.MappedPropertyDescriptor.findMethod(Class,String,int)	org.apache.commons.beanutils.MappedPropertyDescriptor.internalFindMethod(Class,String,int)
org.apache.commons.beanutils.DynaBeanUtilsTestCase.setUp()	org.apache.commons.beanutils.DynaClass.newInstance()
org.apache.commons.beanutils.DynaPropertyUtilsTestCase.testGetNestedString()	org.apache.commons.beanutils.DynaBean.get(String)
org.apache.commons.beanutils.DynaPropertyUtilsTestCase.testGetNestedReadOnly()	org.apache.commons.beanutils.PropertyUtils.getNestedProperty(Object,String)
org.apache.commons.beanutils.locale.LocaleConvertUtilsTestCase.fixmetestNegativeIntegerArray()	org.apache.commons.beanutils.locale.LocaleConvertUtilsTestCase.checkIntegerArray(Object,int[])
org.apache.commons.beanutils.BeanUtilsTestCase.testCopyPropertyWriteOnly()	org.apache.commons.beanutils.TestBean.getWriteOnlyPropertyValue()
org.apache.commons.beanutils.BeanUtils.cloneBean(Object)	org.apache.commons.beanutils.BeanUtilsBean.getInstance()
org.apache.commons.collections.ReferenceMap.toArray(Object[])	org.apache.commons.collections.ReferenceMap.size()
org.apache.commons.beanutils.ConvertUtils.getDefaultBoolean()	org.apache.commons.beanutils.ConvertUtilsBean.getInstance()
org.apache.commons.beanutils.locale.LocaleBeanUtils.getSimpleProperty(Object,String,String)	org.apache.commons.beanutils.locale.LocaleBeanUtilsBean.getLocaleBeanUtilsInstance()
org.apache.commons.beanutils.DynaBeanUtilsTestCase.testPopulateMapped()	org.apache.commons.beanutils.BeanUtils.populate(Object,Map)
org.apache.commons.beanutils.BeanUtilsTestCase.testSetPropertyLong()	org.apache.commons.beanutils.BeanUtils.setProperty(Object,String,Object)
org.apache.commons.beanutils.PropertyUtilsTestCase.testGetNestedFloat()	org.apache.commons.beanutils.TestBean.getFloatProperty()
org.apache.commons.beanutils.LazyDynaMap.add(String)	org.apache.commons.beanutils.LazyDynaMap.add(String,Class)
org.apache.commons.beanutils.converters.FloatConverterTestCase.testSimpleConversion()	org.apache.commons.beanutils.Converter.convert(Class,Object)
org.apache.commons.beanutils.PropertyUtils.setIndexedProperty(Object,String,int,Object)	org.apache.commons.beanutils.PropertyUtilsBean.getInstance()
org.apache.commons.beanutils.BeanUtilsBenchCase.setUp()	org.apache.commons.beanutils.BeanUtilsBean.getInstance()
org.apache.commons.beanutils.locale.LocaleBeanUtils.getMappedProperty(Object,String,String)	org.apache.commons.beanutils.locale.LocaleBeanUtilsBean.getLocaleBeanUtilsInstance()
org.apache.commons.beanutils.PropertyUtilsBean.getPropertyDescriptors(Class)	org.apache.commons.collections.FastHashMap.get(Object)
org.apache.commons.beanutils.LazyDynaClassTestCase.testAddPropertyNullName1()	org.apache.commons.beanutils.LazyDynaClass.add(String)
org.apache.commons.beanutils.BeanPropertyValueEqualsPredicateTest.testEvaluateWithSimpleStringPropertyWithNullValues()	org.apache.commons.beanutils.BeanPropertyValueEqualsPredicate.evaluate(Object)
org.apache.commons.beanutils.BeanPropertyValueEqualsPredicateTest.testEvaluateWithInvalidPropertyName()	org.apache.commons.beanutils.BeanPropertyValueEqualsPredicate.evaluate(Object)
org.apache.commons.beanutils.locale.converters.BaseLocaleConverterTestCase.convertValueWithPattern(BaseLocaleConverter,String,Object,String,Object)	org.apache.commons.beanutils.locale.BaseLocaleConverter.convert(Object,String)
org.apache.commons.beanutils.DynaPropertyUtilsTestCase.testGetSimpleInt()	org.apache.commons.beanutils.PropertyUtils.getSimpleProperty(Object,String)
org.apache.commons.beanutils.BeanMap.values()	org.apache.commons.beanutils.BeanMap.valueIterator()
org.apache.commons.beanutils.LazyDynaClassTestCase.main(String[])	org.apache.commons.beanutils.LazyDynaClassTestCase.suite()
org.apache.commons.beanutils.LazyDynaMapTestCase.testIndexedPrimitiveArray()	org.apache.commons.beanutils.LazyDynaBean.get(String,int)
org.apache.commons.beanutils.BeanToPropertyValueTransformerTest.testTransformWithNestedIndexedProperty()	org.apache.commons.beanutils.TestBean.setAnotherNested(TestBean)
org.apache.commons.collections.ReferenceMap.purge(Reference)	org.apache.commons.collections.ReferenceMap.Entry.purge(Reference)
org.apache.commons.beanutils.LazyDynaBeanTestCase.testMappedPropertyTreeMap()	org.apache.commons.beanutils.LazyDynaBean.get(String)
org.apache.commons.beanutils.DynaPropertyUtilsTestCase.testSetSimpleNested()	org.apache.commons.beanutils.PropertyUtils.setSimpleProperty(Object,String,Object)
org.apache.commons.beanutils.LazyDynaClassTestCase.testRemoveProperty()	org.apache.commons.beanutils.LazyDynaClass.add(String)
org.apache.commons.beanutils.locale.LocaleBeanUtilsBean.definePropertyType(Object,String,String)	org.apache.commons.beanutils.DynaClass.getDynaProperty(String)
org.apache.commons.beanutils.BeanificationTestCase.GetBeanUtilsBeanThread.run()	org.apache.commons.beanutils.BeanificationTestCase.Signal.setConvertUtils(ConvertUtilsBean)
org.apache.commons.beanutils.locale.LocaleBeanificationTestCase.testMemoryLeak2()	org.apache.commons.beanutils.locale.LocaleBeanificationTestCase.isPre14JVM()
org.apache.commons.beanutils.BeanUtilsTestCase.testCopyPropertiesDynaBean()	org.apache.commons.beanutils.BeanUtils.copyProperties(Object,Object)
org.apache.commons.beanutils.BeanUtilsTestCase.testCopyPropertyInteger()	org.apache.commons.beanutils.BeanUtils.copyProperty(Object,String,Object)
org.apache.commons.beanutils.BeanUtilsTestCase.testArrayPropertyConversion()	org.apache.commons.beanutils.BeanUtilsBean.getConvertUtils()
org.apache.commons.beanutils.BeanUtilsTestCase.testCopyPropertiesMap()	org.apache.commons.beanutils.TestBean.getLongProperty()
org.apache.commons.collections.ReferenceMap.entrySet()	org.apache.commons.collections.ReferenceMap.toArray(Object[])
org.apache.commons.beanutils.locale.converters.IntegerLocaleConverter.parse(Object,String)	org.apache.commons.beanutils.locale.converters.DecimalLocaleConverter.parse(Object,String)
org.apache.commons.beanutils.LazyDynaBeanTestCase.testSimplePropertyRestricted()	org.apache.commons.beanutils.LazyDynaBean.set(String,Object)
org.apache.commons.beanutils.LazyDynaMapTestCase.testMappedPropertyTreeMap()	org.apache.commons.beanutils.LazyDynaBean.get(String,String)
org.apache.commons.beanutils.DynaPropertyUtilsTestCase.testSetIndexedArguments()	org.apache.commons.beanutils.PropertyUtils.setIndexedProperty(Object,String,int,Object)
org.apache.commons.beanutils.locale.LocaleBeanUtilsBean.setDefaultLocale(Locale)	org.apache.commons.beanutils.locale.LocaleConvertUtilsBean.setDefaultLocale(Locale)
org.apache.commons.beanutils.BeanUtilsTestCase.testCopyPropertyLong()	org.apache.commons.beanutils.TestBean.getLongProperty()
org.apache.commons.beanutils.PropertyUtilsTestCase.testSetSimpleWriteOnly()	org.apache.commons.beanutils.PropertyUtils.setSimpleProperty(Object,String,Object)
org.apache.commons.beanutils.locale.LocaleBeanUtilsBean.invokeSetter(Object,String,String,int,Object)	org.apache.commons.beanutils.PropertyUtilsBean.setProperty(Object,String,Object)
org.apache.commons.beanutils.DynaBeanUtilsTestCase.testCloneDynaBean()	org.apache.commons.beanutils.DynaClass.newInstance()
org.apache.commons.beanutils.ConvertUtils.lookup(Class)	org.apache.commons.beanutils.ConvertUtilsBean.lookup(Class)
org.apache.commons.beanutils.LazyDynaMapTestCase.testIndexedLinkedList()	org.apache.commons.beanutils.LazyDynaBean.set(String,int,Object)
org.apache.commons.beanutils.locale.LocaleConvertUtilsBean.deregister(Class,Locale)	org.apache.commons.beanutils.locale.LocaleConvertUtilsBean.lookup(Locale)
org.apache.commons.beanutils.locale.converters.FloatLocaleConverter.parse(Object,String)	org.apache.commons.beanutils.locale.converters.DecimalLocaleConverter.parse(Object,String)
org.apache.commons.collections.FastHashMap.CollectionView.size()	org.apache.commons.collections.FastHashMap.CollectionView.get(Map)
org.apache.commons.beanutils.locale.converters.ByteLocaleConverter.parse(Object,String)	org.apache.commons.beanutils.locale.converters.DecimalLocaleConverter.parse(Object,String)
org.apache.commons.beanutils.locale.LocaleBeanUtils.getIndexedProperty(Object,String,int)	org.apache.commons.beanutils.locale.LocaleBeanUtilsBean.getLocaleBeanUtilsInstance()
org.apache.commons.beanutils.DynaPropertyUtilsTestCase.testGetSimpleNested()	org.apache.commons.beanutils.PropertyUtils.getSimpleProperty(Object,String)
org.apache.commons.beanutils.PropertyUtilsBean.setNestedProperty(Object,String,Object)	org.apache.commons.beanutils.PropertyUtilsBean.getSimpleProperty(Object,String)
org.apache.commons.beanutils.priv.PrivateBeanSubclass.getBar()	org.apache.commons.beanutils.priv.PrivateBean.getBar()
org.apache.commons.beanutils.DynaBeanUtilsTestCase.testCopyPropertiesStandard()	org.apache.commons.beanutils.BeanUtils.copyProperties(Object,Object)
org.apache.commons.beanutils.ConvertUtilsTestCase.testPositiveIntegerArray()	org.apache.commons.beanutils.ConvertUtilsTestCase.checkIntegerArray(Object,int[])
org.apache.commons.beanutils.DynaPropertyUtilsTestCase.testGetNestedLong()	org.apache.commons.beanutils.DynaBean.get(String)
org.apache.commons.beanutils.converters.NumberConverterTestBase.testConvertNull()	org.apache.commons.beanutils.converters.NumberConverterTestBase.getExpectedType()
org.apache.commons.beanutils.locale.LocaleBeanUtilsBean.convert(Class,int,Object)	org.apache.commons.beanutils.ConvertUtils.convert(String[],Class)
org.apache.commons.beanutils.BeanPropertyValueEqualsPredicateTest.testEvaluateWithWriteOnlyProperty()	org.apache.commons.beanutils.BeanPropertyValueEqualsPredicate.evaluate(Object)
org.apache.commons.beanutils.ConstructorUtils.invokeConstructor(Class,Object)	org.apache.commons.beanutils.ConstructorUtils.invokeConstructor(Class,Object[])
org.apache.commons.beanutils.BeanUtils.setProperty(Object,String,Object)	org.apache.commons.beanutils.BeanUtilsBean.setProperty(Object,String,Object)
org.apache.commons.beanutils.PropertyUtilsTestCase.testSetNestedWriteOnly()	org.apache.commons.beanutils.TestBean.getWriteOnlyPropertyValue()
org.apache.commons.beanutils.LazyDynaClassTestCase.testGetPropertyDoesntExist2()	org.apache.commons.beanutils.LazyDynaClass.setReturnNull(boolean)
org.apache.commons.beanutils.PropertyUtilsTestCase.testGetDescriptorString()	org.apache.commons.beanutils.PropertyUtilsTestCase.testGetDescriptorBase(String,String,String)
org.apache.commons.beanutils.LazyDynaBeanTestCase.testMappedPropertyRestricted()	org.apache.commons.beanutils.LazyDynaClass.isRestricted()
org.apache.commons.beanutils.BeanUtilsBenchCase.testCopyPropertiesStrs()	org.apache.commons.beanutils.BeanUtilsBean.copyProperties(Object,Object)
org.apache.commons.beanutils.BeanUtilsTestCase.testCopyPropertyWriteOnly()	org.apache.commons.beanutils.TestBean.setWriteOnlyProperty(String)
org.apache.commons.beanutils.ConvertUtilsBean.setDefaultDouble(double)	org.apache.commons.beanutils.ConvertUtilsBean.register(Converter,Class)
org.apache.commons.beanutils.PropertyUtilsTestCase.testGetReadMethodPublicSubclass()	org.apache.commons.beanutils.PropertyUtilsTestCase.testGetReadMethod(Object,String[],String)
org.apache.commons.beanutils.ConvertUtils.deregister(Class)	org.apache.commons.beanutils.ConvertUtilsBean.deregister(Class)
org.apache.commons.beanutils.BeanUtilsBean.copyProperty(Object,String,Object)	org.apache.commons.beanutils.PropertyUtilsBean.getPropertyDescriptor(Object,String)
org.apache.commons.beanutils.PropertyUtilsTestCase.testGetDescriptorDouble()	org.apache.commons.beanutils.PropertyUtilsTestCase.testGetDescriptorBase(String,String,String)
org.apache.commons.beanutils.BeanPredicateTestCase.testNotEqual()	org.apache.commons.beanutils.BeanPredicate.evaluate(Object)
org.apache.commons.beanutils.converters.IntegerConverterTestCase.testSimpleConversion()	org.apache.commons.beanutils.Converter.convert(Class,Object)
org.apache.commons.beanutils.LazyDynaMapTestCase.testIndexedPropertyRestricted()	org.apache.commons.beanutils.LazyDynaBean.set(String,int,Object)
org.apache.commons.beanutils.BeanUtilsTestCase.testGetArrayProperty()	org.apache.commons.beanutils.TestBean.getIntArray()
org.apache.commons.beanutils.ConvertUtils.setDefaultCharacter(char)	org.apache.commons.beanutils.ConvertUtilsBean.setDefaultCharacter(char)
org.apache.commons.beanutils.LazyDynaBean.createProperty(String,Class)	org.apache.commons.beanutils.LazyDynaBean.createMappedProperty(String,Class)
org.apache.commons.beanutils.LazyDynaMapTestCase.testSimplePropertyRestricted()	org.apache.commons.beanutils.LazyDynaMap.getDynaProperty(String)
org.apache.commons.beanutils.PropertyUtilsTestCase.testGetReadMethodPublicInterface()	org.apache.commons.beanutils.PropertyUtils.getPropertyDescriptors(Object)
org.apache.commons.beanutils.ConvertUtilsBean.register(Class,Converter)	org.apache.commons.beanutils.ConvertUtilsBean.register(Converter,Class)
org.apache.commons.beanutils.BeanUtilsTestCase.testCopyPropertiesStandard()	org.apache.commons.beanutils.TestBean.getDoubleProperty()
org.apache.commons.beanutils.MethodUtilsTestCase.testInvokeMethod()	org.apache.commons.beanutils.MethodUtils.invokeExactMethod(Object,String,Object)
org.apache.commons.beanutils.converters.FileConverterTestCase.testSimpleConversion()	org.apache.commons.beanutils.Converter.convert(Class,Object)
org.apache.commons.beanutils.DynaResultSetTestCase.testGetDynaProperty()	org.apache.commons.beanutils.DynaProperty.getName()
org.apache.commons.beanutils.BeanUtils.populate(Object,Map)	org.apache.commons.beanutils.BeanUtilsBean.populate(Object,Map)
org.apache.commons.beanutils.BeanUtilsBean.copyProperties(Object,Object)	org.apache.commons.beanutils.DynaClass.getDynaProperties()
org.apache.commons.beanutils.locale.converters.BigIntegerLocaleConverterTestCase.setUp()	org.apache.commons.beanutils.locale.converters.BaseLocaleConverterTestCase.setUp()
org.apache.commons.beanutils.LazyDynaBean.get(String,String)	org.apache.commons.beanutils.DynaProperty.getType()
org.apache.commons.beanutils.ConstructorUtilsTestCase.testInvokeConstructorWithArgArray()	org.apache.commons.beanutils.TestBean.getStringProperty()
org.apache.commons.beanutils.DynaPropertyUtilsTestCase.testGetNestedInt()	org.apache.commons.beanutils.TestBean.getIntProperty()
org.apache.commons.beanutils.LazyDynaMapTestCase.testIndexedInvalidType()	org.apache.commons.beanutils.LazyDynaBean.set(String,int,Object)
org.apache.commons.collections.ReferenceMap.containsKey(Object)	org.apache.commons.collections.ReferenceMap.getEntry(Object)
org.apache.commons.beanutils.MethodUtils.toNonPrimitiveClass(Class)	org.apache.commons.beanutils.MethodUtils.getPrimitiveWrapper(Class)
org.apache.commons.beanutils.BeanUtilsTestCase.testSetPropertyOnPrimitiveWrappers()	org.apache.commons.beanutils.TestBean.getStringProperty()
org.apache.commons.beanutils.DynaBeanUtilsTestCase.testPopulateNested()	org.apache.commons.beanutils.TestBean.getStringProperty()
org.apache.commons.beanutils.LazyDynaBeanTestCase.testIndexedLinkedList()	org.apache.commons.beanutils.DynaProperty.getType()
org.apache.commons.beanutils.locale.converters.FloatLocaleConverterTestCase.tearDown()	org.apache.commons.beanutils.locale.converters.BaseLocaleConverterTestCase.tearDown()
org.apache.commons.beanutils.LazyDynaBeanTestCase.testIndexedPropertyRestricted()	org.apache.commons.beanutils.LazyDynaBean.set(String,int,Object)
org.apache.commons.collections.ReferenceMap.put(Object,Object)	org.apache.commons.collections.ReferenceMap.indexFor(int)
org.apache.commons.collections.ReferenceMap.EntryIterator.hasNext()	org.apache.commons.collections.ReferenceMap.EntryIterator.nextNull()
org.apache.commons.beanutils.PropertyUtils.getSimpleProperty(Object,String)	org.apache.commons.beanutils.PropertyUtilsBean.getInstance()
org.apache.commons.beanutils.PropertyUtilsBean.copyProperties(Object,Object)	org.apache.commons.beanutils.PropertyUtilsBean.setSimpleProperty(Object,String,Object)
org.apache.commons.beanutils.PropertyUtilsTestCase.testSetNestedDouble()	org.apache.commons.beanutils.PropertyUtils.setNestedProperty(Object,String,Object)
org.apache.commons.beanutils.BeanificationTestCase.setUp()	org.apache.commons.beanutils.ConvertUtils.deregister()
org.apache.commons.beanutils.BeanMap.put(Object,Object)	org.apache.commons.beanutils.BeanMap.createWriteMethodArguments(Method,Object)
org.apache.commons.beanutils.BasicDynaBeanTestCase.testGetSimpleString()	org.apache.commons.beanutils.DynaBean.get(String)
org.apache.commons.beanutils.BasicDynaBeanTestCase.testSetSimpleInt()	org.apache.commons.beanutils.DynaBean.get(String)
org.apache.commons.beanutils.DynaPropertyUtilsTestCase.testGetMappedSlashes()	org.apache.commons.beanutils.DynaBean.get(String,String)
org.apache.commons.beanutils.LazyDynaBeanTestCase.testIndexedInvalidType()	org.apache.commons.beanutils.LazyDynaClass.add(String,Class)
org.apache.commons.beanutils.LazyDynaClassTestCase.testAddProperty2()	org.apache.commons.beanutils.DynaProperty.getName()
org.apache.commons.beanutils.DynaPropertyUtilsTestCase.testSetNestedString()	org.apache.commons.beanutils.TestBean.getStringProperty()
org.apache.commons.beanutils.BeanificationTestCase.SetInstanceTesterThread.run()	org.apache.commons.beanutils.BeanUtilsBean.getInstance()
org.apache.commons.beanutils.DynaRowSetTestCase.testGetDynaProperty()	org.apache.commons.beanutils.DynaProperty.getType()
org.apache.commons.beanutils.ConstructorUtils.getMatchingAccessibleConstructor(Class,Class[])	org.apache.commons.beanutils.MethodUtils.isAssignmentCompatible(Class,Class)
org.apache.commons.beanutils.LazyDynaBeanTestCase.setUp()	org.apache.commons.beanutils.LazyDynaClass.setReturnNull(boolean)
org.apache.commons.beanutils.BeanToPropertyValueTransformerTest.testTransformWithMappedProperty()	org.apache.commons.beanutils.TestBean.setMappedProperty(String,String)
org.apache.commons.beanutils.BeanificationTestCase.testContextClassloaderIndependence()	org.apache.commons.beanutils.BeanificationTestCase.Signal.setException(Exception)
org.apache.commons.beanutils.PropertyUtilsBean.getSimpleProperty(Object,String)	org.apache.commons.beanutils.PropertyUtilsBean.getReadMethod(PropertyDescriptor)
org.apache.commons.beanutils.LazyDynaMap.getDynaProperty(String)	org.apache.commons.beanutils.LazyDynaMap.isReturnNull()
org.apache.commons.beanutils.TestBeanMap.testBeanMapPutAllWriteable()	org.apache.commons.beanutils.TestBeanMap.makeFullMap()
org.apache.commons.beanutils.MethodUtils.getAccessibleMethodFromInterfaceNest(Class,String,Class[])	org.apache.commons.beanutils.MethodUtils.getAccessibleMethodFromInterfaceNest(Class,String,Class[])
org.apache.commons.beanutils.PropertyUtilsTestCase.testGetDescriptors()	org.apache.commons.beanutils.PropertyUtils.getPropertyDescriptors(Object)
org.apache.commons.beanutils.BeanUtils.getIndexedProperty(Object,String,int)	org.apache.commons.beanutils.BeanUtilsBean.getInstance()
org.apache.commons.beanutils.BeanificationTestCase.SetInstanceTesterThread.run()	org.apache.commons.beanutils.BeanificationTestCase.Signal.setSignal(int)
org.apache.commons.beanutils.DynaPropertyUtilsTestCase.testGetNestedLong()	org.apache.commons.beanutils.TestBean.getLongProperty()
org.apache.commons.beanutils.LazyDynaMapTestCase.testIndexedObjectArray()	org.apache.commons.beanutils.LazyDynaBean.get(String,int)
org.apache.commons.collections.ReferenceMap.resize()	org.apache.commons.collections.ReferenceMap.indexFor(int)
org.apache.commons.beanutils.BeanMap.createWriteMethodArguments(Method,Object)	org.apache.commons.beanutils.BeanMap.convertType(Class,Object)
org.apache.commons.beanutils.BasicDynaBeanTestCase.testGetDescriptorBase(String,Class)	org.apache.commons.beanutils.DynaBean.getDynaClass()
org.apache.commons.beanutils.BeanUtilsTestCase.testCopyPropertyNestedMappedMap()	org.apache.commons.beanutils.BeanUtilsTestCase.checkMap(Map,Map)
org.apache.commons.beanutils.PropertyUtilsTestCase.testGetSimpleReadOnly()	org.apache.commons.beanutils.PropertyUtils.getSimpleProperty(Object,String)
org.apache.commons.beanutils.PropertyUtilsBean.copyProperties(Object,Object)	org.apache.commons.beanutils.DynaBean.set(String,Object)
org.apache.commons.beanutils.BeanPropertyValueEqualsPredicateTest.testEvaluateWithNestedProperty()	org.apache.commons.beanutils.TestBean.setAnotherNested(TestBean)
org.apache.commons.beanutils.BeanUtilsBean.getArrayProperty(Object,String)	org.apache.commons.beanutils.PropertyUtilsBean.getProperty(Object,String)
org.apache.commons.beanutils.MappedPropertyDescriptor.setMappedReadMethod(Method)	org.apache.commons.beanutils.MappedPropertyDescriptor.findMappedPropertyType()
org.apache.commons.beanutils.BeanUtilsTestCase.testCopyPropertyNull()	org.apache.commons.beanutils.BeanUtils.copyProperty(Object,String,Object)
org.apache.commons.beanutils.BeanUtilsTestCase.testGetNestedProperty()	org.apache.commons.beanutils.TestBean.getNested()
org.apache.commons.beanutils.DynaPropertyUtilsTestCase.testGetSimpleFloat()	org.apache.commons.beanutils.PropertyUtils.getSimpleProperty(Object,String)
org.apache.commons.collections.FastHashMap.CollectionView.CollectionViewIterator.next()	org.apache.commons.collections.FastHashMap.CollectionView.iteratorNext(Entry)
org.apache.commons.beanutils.locale.converters.LongLocaleConverter.parse(Object,String)	org.apache.commons.beanutils.locale.converters.DecimalLocaleConverter.parse(Object,String)
org.apache.commons.beanutils.PropertyUtilsBean.getPropertyDescriptor(Object,String)	org.apache.commons.beanutils.PropertyUtilsBean.getMappedPropertyDescriptors(Object)
org.apache.commons.beanutils.WrapDynaBeanTestCase.testNewInstance()	org.apache.commons.beanutils.WrapDynaClass.createDynaClass(Class)
org.apache.commons.beanutils.RowSetDynaClass.copy(ResultSet)	org.apache.commons.beanutils.RowSetDynaClass.createDynaBean()
org.apache.commons.beanutils.LazyDynaBeanTestCase.testIndexedPropertyRestricted()	org.apache.commons.beanutils.LazyDynaClass.isRestricted()
org.apache.commons.beanutils.locale.LocaleBeanificationTestCase.testContextClassLoaderLocal()	org.apache.commons.beanutils.ContextClassLoaderLocal.set(Object)
org.apache.commons.beanutils.BeanUtilsTestCase.testCopyPropertyWriteOnly()	org.apache.commons.beanutils.BeanUtils.copyProperty(Object,String,Object)
org.apache.commons.beanutils.DynaBeanUtilsTestCase.testGetIndexedProperty2()	org.apache.commons.beanutils.BeanUtils.getIndexedProperty(Object,String,int)
org.apache.commons.beanutils.BeanUtilsTestCase.testCopyPropertiesMap()	org.apache.commons.beanutils.BeanUtils.copyProperties(Object,Object)
org.apache.commons.beanutils.locale.converters.BigDecimalLocaleConverter.parse(Object,String)	org.apache.commons.beanutils.locale.converters.DecimalLocaleConverter.parse(Object,String)
org.apache.commons.beanutils.DynaBeanUtilsTestCase.testCopyPropertyByte()	org.apache.commons.beanutils.DynaBean.get(String)
org.apache.commons.collections.ReferenceMap.remove(Object)	org.apache.commons.collections.ReferenceMap.Entry.getValue()
org.apache.commons.beanutils.PropertyUtilsTestCase.testGetIndexedValues()	org.apache.commons.beanutils.PropertyUtils.getIndexedProperty(Object,String)
org.apache.commons.beanutils.locale.LocaleConvertUtilsTestCase.fixmetestNegativeScalar()	org.apache.commons.beanutils.locale.LocaleConvertUtils.convert(String,Class)
org.apache.commons.beanutils.locale.LocaleConvertUtils.convert(Object,String)	org.apache.commons.beanutils.locale.LocaleConvertUtilsBean.getInstance()
org.apache.commons.beanutils.LazyDynaBean.get(String)	org.apache.commons.beanutils.LazyDynaBean.isDynaProperty(String)
org.apache.commons.beanutils.LazyDynaBeanTestCase.testSimplePropertyRestricted()	org.apache.commons.beanutils.LazyDynaBean.get(String)
org.apache.commons.beanutils.BeanPropertyValueChangeClosureTest.testExecuteWithMappedProperty()	org.apache.commons.beanutils.TestBean.getMappedProperty(String)
org.apache.commons.beanutils.PropertyUtilsBean.setSimpleProperty(Object,String,Object)	org.apache.commons.beanutils.DynaClass.getDynaProperty(String)
org.apache.commons.beanutils.ConvertUtilsBean.convert(Object)	org.apache.commons.beanutils.ConvertUtilsBean.lookup(Class)
org.apache.commons.beanutils.MethodUtilsTestCase.testSimpleStatic2()	org.apache.commons.beanutils.MethodUtils.invokeExactMethod(Object,String,Object[],Class[])
org.apache.commons.beanutils.PropertyUtilsTestCase.testGetDescriptorShort()	org.apache.commons.beanutils.PropertyUtilsTestCase.testGetDescriptorBase(String,String,String)
org.apache.commons.beanutils.LazyDynaBeanTestCase.testMappedInvalidType()	org.apache.commons.beanutils.LazyDynaClass.getDynaProperty(String)
org.apache.commons.beanutils.BeanUtilsTestCase.testDescribe()	org.apache.commons.beanutils.BeanUtils.describe(Object)
org.apache.commons.beanutils.BeanUtils.describe(Object)	org.apache.commons.beanutils.BeanUtilsBean.getInstance()
org.apache.commons.beanutils.ConvertUtils.getDefaultCharacter()	org.apache.commons.beanutils.ConvertUtilsBean.getDefaultCharacter()
org.apache.commons.beanutils.BasicDynaBean.get(String)	org.apache.commons.beanutils.BasicDynaBean.getDynaProperty(String)
org.apache.commons.beanutils.LazyDynaClassTestCase.testAddPropertyRestricted1()	org.apache.commons.beanutils.LazyDynaClass.isRestricted()
org.apache.commons.beanutils.locale.converters.DateLocaleConverter.parse(Object,String)	org.apache.commons.beanutils.locale.converters.DateLocaleConverter.convertLocalizedPattern(String,Locale)
org.apache.commons.beanutils.PropertyUtilsTestCase.testSetNestedLong()	org.apache.commons.beanutils.PropertyUtils.setNestedProperty(Object,String,Object)
org.apache.commons.beanutils.BeanUtilsTestCase.testCopyPropertiesDynaBean()	org.apache.commons.beanutils.TestBean.getDupProperty()
org.apache.commons.beanutils.BeanUtilsTestCase.testPopulateScalar()	org.apache.commons.beanutils.TestBean.isBooleanSecond()
org.apache.commons.beanutils.DynaRowSetTestCase.testListResults()	org.apache.commons.beanutils.DynaBean.get(String)
org.apache.commons.beanutils.PropertyUtilsBenchCase.setUp()	org.apache.commons.beanutils.BenchBean.getBooleanProperty()
org.apache.commons.beanutils.BeanUtilsTestCase.testPopulateNested()	org.apache.commons.beanutils.TestBean.isBooleanSecond()
org.apache.commons.beanutils.PropertyUtilsBean.getMappedPropertyDescriptors(Class)	org.apache.commons.collections.FastHashMap.get(Object)
org.apache.commons.beanutils.LazyDynaBean.get(String,int)	org.apache.commons.beanutils.DynaProperty.isIndexed()
org.apache.commons.beanutils.ConvertUtilsBean.deregister()	org.apache.commons.beanutils.ConvertUtilsBean.register(Class,Converter)
org.apache.commons.beanutils.locale.LocaleConvertUtilsTestCase.fixmetestNegativeStringArray()	org.apache.commons.beanutils.locale.LocaleConvertUtilsTestCase.checkStringArray(Object,String[])
org.apache.commons.beanutils.BeanPropertyValueChangeClosureTest.testExecuteWithMappedProperty()	org.apache.commons.beanutils.BeanPropertyValueChangeClosure.execute(Object)
org.apache.commons.beanutils.PropertyUtilsBean.getSimpleProperty(Object,String)	org.apache.commons.beanutils.DynaBean.getDynaClass()
org.apache.commons.beanutils.PropertyUtils.isWriteable(Object,String)	org.apache.commons.beanutils.PropertyUtilsBean.getInstance()
org.apache.commons.beanutils.LazyDynaBean.isDynaProperty(String)	org.apache.commons.beanutils.LazyDynaClass.isDynaProperty(String)
org.apache.commons.beanutils.locale.LocaleConvertUtilsBean.convert(String,Class)	org.apache.commons.beanutils.locale.LocaleConvertUtilsBean.convert(String,Class,Locale,String)
org.apache.commons.beanutils.BeanUtilsTestCase.testSetPropertyDouble()	org.apache.commons.beanutils.TestBean.getDoubleProperty()
org.apache.commons.beanutils.DynaBeanUtilsTestCase.testCopyPropertyNestedIndexedArray()	org.apache.commons.beanutils.TestBean.getIntArray()
org.apache.commons.beanutils.DynaPropertyUtilsTestCase.testGetNestedReadOnly()	org.apache.commons.beanutils.TestBean.getReadOnlyProperty()
org.apache.commons.beanutils.locale.converters.BaseLocaleConverterTestCase.convertNull(BaseLocaleConverter,String,Object)	org.apache.commons.beanutils.locale.BaseLocaleConverter.convert(Object)
org.apache.commons.beanutils.BeanUtils.getProperty(Object,String)	org.apache.commons.beanutils.BeanUtilsBean.getProperty(Object,String)
org.apache.commons.beanutils.PropertyUtilsBean.setNestedProperty(Object,String,Object)	org.apache.commons.beanutils.PropertyUtilsBean.setIndexedProperty(Object,String,Object)
org.apache.commons.collections.ReferenceMap.entrySet()	org.apache.commons.collections.ReferenceMap.size()
org.apache.commons.beanutils.BeanUtilsTestCase.testPopulateScalar()	org.apache.commons.beanutils.TestBean.getReadOnlyProperty()
org.apache.commons.beanutils.BeanMap.clone()	org.apache.commons.beanutils.BeanMap.setBean(Object)
org.apache.commons.beanutils.BeanPropertyValueChangeClosureTest.testExecuteWithSimpleFloatPropertyAndDoubleValue()	org.apache.commons.beanutils.BeanPropertyValueChangeClosure.execute(Object)
org.apache.commons.beanutils.PropertyUtilsBean.getPropertyDescriptor(Object,String)	org.apache.commons.beanutils.PropertyUtilsBean.findNextNestedIndex(String)
org.apache.commons.beanutils.LazyDynaBeanTestCase.testSimplePropertyRestricted()	org.apache.commons.beanutils.LazyDynaClass.setRestricted(boolean)
org.apache.commons.beanutils.PropertyUtilsTestCase.testSetNoGetter()	org.apache.commons.beanutils.BetaBean.getSecret()
org.apache.commons.beanutils.DynaPropertyUtilsTestCase.testGetMappedArguments()	org.apache.commons.beanutils.PropertyUtils.getMappedProperty(Object,String,String)
org.apache.commons.beanutils.PropertyUtils.getIndexedProperty(Object,String,int)	org.apache.commons.beanutils.PropertyUtilsBean.getIndexedProperty(Object,String,int)
org.apache.commons.beanutils.locale.LocaleBeanUtilsBean.getDefaultLocale()	org.apache.commons.beanutils.locale.LocaleConvertUtilsBean.getDefaultLocale()
org.apache.commons.beanutils.LazyDynaMap.add(String,Class)	org.apache.commons.beanutils.LazyDynaMap.isRestricted()
org.apache.commons.beanutils.PropertyUtilsBean.getIndexedProperty(Object,String,int)	org.apache.commons.beanutils.PropertyUtilsBean.getPropertyDescriptor(Object,String)
org.apache.commons.beanutils.LazyDynaMapTestCase.testSimpleProperty()	org.apache.commons.beanutils.LazyDynaMap.set(String,Object)
org.apache.commons.beanutils.PropertyUtilsTestCase.testGetIndexedArguments()	org.apache.commons.beanutils.PropertyUtils.getIndexedProperty(Object,String)
org.apache.commons.beanutils.PropertyUtilsTestCase.testGetSimpleInt()	org.apache.commons.beanutils.TestBean.getIntProperty()
org.apache.commons.beanutils.PropertyUtilsTestCase.testGetNestedLong()	org.apache.commons.beanutils.TestBean.getLongProperty()
org.apache.commons.beanutils.BeanPropertyValueEqualsPredicateTest.testEvaluateWithSimpleStringProperty()	org.apache.commons.beanutils.BeanPropertyValueEqualsPredicate.evaluate(Object)
org.apache.commons.beanutils.BeanificationTestCase.CCLLTesterThread.run()	org.apache.commons.beanutils.BeanificationTestCase.Signal.setSignal(int)
org.apache.commons.beanutils.BeanUtilsBean.describe(Object)	org.apache.commons.beanutils.BeanUtilsBean.getProperty(Object,String)
org.apache.commons.beanutils.PropertyUtilsTestCase.testSetSimpleShort()	org.apache.commons.beanutils.PropertyUtils.setSimpleProperty(Object,String,Object)
org.apache.commons.beanutils.locale.LocaleBeanUtilsBean.getApplyLocalized()	org.apache.commons.beanutils.locale.LocaleBeanUtilsBean.getLocaleConvertUtils()
org.apache.commons.beanutils.BeanCollectionsTestSuite.main(String[])	org.apache.commons.beanutils.BeanCollectionsTestSuite.suite()
org.apache.commons.beanutils.BasicDynaBeanTestCase.setUp()	org.apache.commons.beanutils.BasicDynaBeanTestCase.createDynaClass()
org.apache.commons.beanutils.locale.converters.ByteLocaleConverterTestCase.setUp()	org.apache.commons.beanutils.locale.converters.BaseLocaleConverterTestCase.setUp()
org.apache.commons.beanutils.locale.LocaleConvertUtils.convert(Object,Locale,String)	org.apache.commons.beanutils.locale.LocaleConvertUtilsBean.getInstance()
org.apache.commons.beanutils.PropertyUtilsTestCase.testCopyPropertiesMap()	org.apache.commons.beanutils.TestBean.getStringProperty()
org.apache.commons.beanutils.MethodUtilsTestCase.testInvokeMethod()	org.apache.commons.beanutils.MethodUtils.invokeMethod(Object,String,Object)
org.apache.commons.beanutils.PropertyUtilsBenchCase.setUp()	org.apache.commons.beanutils.BenchBean.getByteProperty()
org.apache.commons.beanutils.BasicDynaBeanTestCase.testSerialization()	org.apache.commons.beanutils.BasicDynaBeanTestCase.testGetDescriptorString()
org.apache.commons.beanutils.DynaProperty.readObject(ObjectInputStream)	org.apache.commons.beanutils.DynaProperty.isIndexed()
org.apache.commons.collections.ReferenceMap.Entry.toString()	org.apache.commons.collections.ReferenceMap.Entry.getValue()
org.apache.commons.beanutils.LazyDynaBean.get(String)	org.apache.commons.beanutils.LazyDynaBean.set(String,Object)
org.apache.commons.beanutils.DynaPropertyUtilsTestCase.testGetNestedInt()	org.apache.commons.beanutils.DynaBean.get(String)
org.apache.commons.beanutils.BeanificationTestCase.testBeanUtilsBeanSetInstance()	org.apache.commons.beanutils.BeanificationTestCase.Signal.getSignal()
org.apache.commons.beanutils.BeanPredicateTestCase.testNull()	org.apache.commons.beanutils.BeanPredicate.evaluate(Object)
org.apache.commons.beanutils.converters.NumberConverterTestBase.testConvertNumber()	org.apache.commons.beanutils.converters.NumberConverterTestBase.getExpectedType()
org.apache.commons.beanutils.PropertyUtilsBean.copyProperties(Object,Object)	org.apache.commons.beanutils.PropertyUtilsBean.isWriteable(Object,String)
org.apache.commons.beanutils.locale.converters.BigIntegerLocaleConverterTestCase.tearDown()	org.apache.commons.beanutils.locale.converters.BaseLocaleConverterTestCase.tearDown()
org.apache.commons.beanutils.BeanUtils.getIndexedProperty(Object,String,int)	org.apache.commons.beanutils.BeanUtilsBean.getIndexedProperty(Object,String,int)
org.apache.commons.beanutils.DynaProperty.writeObject(ObjectOutputStream)	org.apache.commons.beanutils.DynaProperty.isIndexed()
org.apache.commons.beanutils.BeanUtilsTestCase.testCopyPropertiesStandard()	org.apache.commons.beanutils.TestBean.setStringArray(String[])
org.apache.commons.beanutils.BeanificationTestCase.testBeanUtilsBeanSetInstance()	org.apache.commons.beanutils.BeanificationTestCase.Signal.getBean()
org.apache.commons.beanutils.MethodUtilsTestCase.testInvokeExactMethod()	org.apache.commons.beanutils.priv.PrivateBeanFactory.createSubclass()
org.apache.commons.beanutils.DynaPropertyUtilsTestCase.testSetNestedFloat()	org.apache.commons.beanutils.PropertyUtils.setNestedProperty(Object,String,Object)
org.apache.commons.beanutils.BasicDynaBeanTestCase.testSerialization()	org.apache.commons.beanutils.DynaClass.newInstance()
org.apache.commons.beanutils.DynaPropertyUtilsTestCase.testSetNestedBoolean()	org.apache.commons.beanutils.PropertyUtils.setNestedProperty(Object,String,Object)
org.apache.commons.beanutils.locale.LocaleConvertUtils.convert(String[],Class,Locale,String)	org.apache.commons.beanutils.locale.LocaleConvertUtilsBean.convert(String[],Class,Locale,String)
org.apache.commons.beanutils.locale.LocaleBeanificationTestCase.testGetByContextClassLoader()	org.apache.commons.beanutils.locale.LocaleBeanificationTestCase.Signal.getSignal()
org.apache.commons.collections.ReferenceMap.values()	org.apache.commons.collections.ReferenceMap.size()
org.apache.commons.beanutils.BeanUtilsBean.getArrayProperty(Object,String)	org.apache.commons.beanutils.ConvertUtilsBean.convert(Object)
org.apache.commons.beanutils.LazyDynaClassTestCase.testGetPropertyDoesntExist1()	org.apache.commons.beanutils.DynaProperty.getName()
org.apache.commons.collections.ReferenceMap.clear()	org.apache.commons.collections.ReferenceMap.clear()
org.apache.commons.beanutils.TestBeanMap.makeFullMap()	org.apache.commons.beanutils.TestBeanMap.BeanWithProperties.setSomeDoubleValue(double)
org.apache.commons.beanutils.BasicDynaClass.newInstance()	org.apache.commons.beanutils.BasicDynaClass.setDynaBeanClass(Class)
org.apache.commons.beanutils.locale.LocaleConvertUtils.getApplyLocalized()	org.apache.commons.beanutils.locale.LocaleConvertUtilsBean.getApplyLocalized()
org.apache.commons.beanutils.PropertyUtilsTestCase.testGetDescriptorsArguments()	org.apache.commons.beanutils.PropertyUtils.getPropertyDescriptors(Class)
org.apache.commons.beanutils.locale.LocaleConvertUtilsTestCase.fixmetestPositiveStringArray()	org.apache.commons.beanutils.locale.LocaleConvertUtils.convert(String,Class)
org.apache.commons.beanutils.BeanUtilsTestCase.testGetArrayProperty()	org.apache.commons.beanutils.TestBean.getStringArray()
org.apache.commons.beanutils.PropertyUtilsTestCase.testSetSimpleDouble()	org.apache.commons.beanutils.PropertyUtils.setSimpleProperty(Object,String,Object)
org.apache.commons.beanutils.PropertyUtils.getPropertyEditorClass(Object,String)	org.apache.commons.beanutils.PropertyUtilsBean.getPropertyEditorClass(Object,String)
org.apache.commons.beanutils.DynaPropertyUtilsTestCase.testSetSimpleFloat()	org.apache.commons.beanutils.PropertyUtils.setSimpleProperty(Object,String,Object)
org.apache.commons.beanutils.PropertyUtilsBean.setIndexedProperty(Object,String,int,Object)	org.apache.commons.beanutils.PropertyUtilsBean.getPropertyDescriptor(Object,String)
org.apache.commons.beanutils.PropertyUtilsTestCase.testGetSimpleShort()	org.apache.commons.beanutils.PropertyUtils.getSimpleProperty(Object,String)
org.apache.commons.beanutils.locale.LocaleBeanUtilsBean.getIndexedProperty(Object,String,int,String)	org.apache.commons.beanutils.BeanUtilsBean.getPropertyUtils()
org.apache.commons.beanutils.PropertyUtilsTestCase.testSetNestedWriteOnly()	org.apache.commons.beanutils.TestBean.getNested()
org.apache.commons.beanutils.BeanUtils.getMappedProperty(Object,String,String)	org.apache.commons.beanutils.BeanUtilsBean.getInstance()
org.apache.commons.beanutils.BasicDynaBeanTestCase.testGetDescriptorBase(String,Class)	org.apache.commons.beanutils.DynaProperty.getType()
org.apache.commons.beanutils.locale.LocaleBeanUtils.setProperty(Object,String,Object,String)	org.apache.commons.beanutils.locale.LocaleBeanUtilsBean.setProperty(Object,String,Object,String)
org.apache.commons.beanutils.BeanPropertyValueEqualsPredicateTest.testEvaluateWithNullInPathAndIgnoreTrue()	org.apache.commons.beanutils.BeanPropertyValueEqualsPredicate.evaluate(Object)
org.apache.commons.beanutils.BasicDynaBeanTestCase.testSerialization()	org.apache.commons.beanutils.BasicDynaBeanTestCase.testGetMappedArguments()
org.apache.commons.beanutils.LazyDynaClassTestCase.testAddPropertyRestricted3()	org.apache.commons.beanutils.LazyDynaClass.setRestricted(boolean)
org.apache.commons.beanutils.PropertyUtilsTestCase.testGetSimpleArguments()	org.apache.commons.beanutils.PropertyUtils.getSimpleProperty(Object,String)
org.apache.commons.collections.ReferenceMap.size()	org.apache.commons.collections.ReferenceMap.size()
org.apache.commons.beanutils.ConvertUtils.setDefaultInteger(int)	org.apache.commons.beanutils.ConvertUtilsBean.setDefaultInteger(int)
org.apache.commons.beanutils.LazyDynaClass.getDynaProperty(String)	org.apache.commons.beanutils.LazyDynaClass.isRestricted()
org.apache.commons.beanutils.PropertyUtilsBean.getPropertyDescriptor(Object,String)	org.apache.commons.beanutils.PropertyUtilsBean.getIndexedProperty(Object,String)
org.apache.commons.beanutils.PropertyUtils.setMappedProperty(Object,String,Object)	org.apache.commons.beanutils.PropertyUtilsBean.getInstance()
org.apache.commons.beanutils.LazyDynaMapTestCase.testIndexedPropertyUtils()	org.apache.commons.beanutils.LazyDynaBean.get(String)
org.apache.commons.beanutils.DynaRowSetTestCase.testGetDynaProperties()	org.apache.commons.beanutils.DynaProperty.getName()
org.apache.commons.beanutils.PropertyUtilsTestCase.setUp()	org.apache.commons.beanutils.priv.PrivateBeanFactory.createSubclass()
org.apache.commons.beanutils.BasicDynaBeanTestCase.testSetSimpleString()	org.apache.commons.beanutils.DynaBean.set(String,Object)
org.apache.commons.beanutils.DynaPropertyUtilsTestCase.testSetIndexedValues()	org.apache.commons.beanutils.PropertyUtils.getIndexedProperty(Object,String,int)
org.apache.commons.beanutils.BeanUtilsBean.copyProperties(Object,Object)	org.apache.commons.beanutils.BeanUtilsBean.copyProperty(Object,String,Object)
org.apache.commons.beanutils.locale.LocaleConvertUtils.deregister(Class,Locale)	org.apache.commons.beanutils.locale.LocaleConvertUtilsBean.getInstance()
org.apache.commons.beanutils.locale.LocaleBeanUtilsBean.definePropertyType(Object,String,String)	org.apache.commons.beanutils.MappedPropertyDescriptor.getMappedPropertyType()
org.apache.commons.beanutils.ConvertUtils.getDefaultShort()	org.apache.commons.beanutils.ConvertUtilsBean.getInstance()
org.apache.commons.beanutils.DynaPropertyUtilsTestCase.testGetSimpleUnknown()	org.apache.commons.beanutils.PropertyUtils.getSimpleProperty(Object,String)
org.apache.commons.beanutils.LazyDynaBeanTestCase.testIndexedLinkedList()	org.apache.commons.beanutils.LazyDynaBean.get(String,int)
org.apache.commons.beanutils.DynaBeanUtilsTestCase.testCopyPropertiesStandard()	org.apache.commons.beanutils.DynaBean.get(String)
org.apache.commons.beanutils.PropertyUtilsTestCase.testGetPropertyType()	org.apache.commons.beanutils.PropertyUtils.getPropertyType(Object,String)
org.apache.commons.collections.ReferenceMap.EntryIterator.nextEntry()	org.apache.commons.collections.ReferenceMap.EntryIterator.checkMod()
org.apache.commons.beanutils.PropertyUtilsTestCase.testSetNestedShort()	org.apache.commons.beanutils.PropertyUtils.setNestedProperty(Object,String,Object)
org.apache.commons.collections.ReferenceMap.toArray(Object[])	org.apache.commons.collections.ReferenceMap.size()
org.apache.commons.beanutils.BeanUtilsBean.cloneBean(Object)	org.apache.commons.beanutils.DynaClass.newInstance()
org.apache.commons.beanutils.DynaBeanUtilsTestCase.testPopulateNested()	org.apache.commons.beanutils.TestBean.getDoubleProperty()
org.apache.commons.beanutils.locale.LocaleBeanUtilsBean.setApplyLocalized(boolean)	org.apache.commons.beanutils.locale.LocaleConvertUtilsBean.setApplyLocalized(boolean)
org.apache.commons.beanutils.DynaBeanUtilsTestCase.testSetPropertyOnPrimitiveWrappers()	org.apache.commons.beanutils.BeanUtils.setProperty(Object,String,Object)
org.apache.commons.beanutils.locale.LocaleBeanUtilsBean.setProperty(Object,String,Object,String)	org.apache.commons.beanutils.locale.LocaleBeanUtilsBean.Descriptor.getPropName()
org.apache.commons.beanutils.BeanUtilsBenchCase.setUp()	org.apache.commons.beanutils.BenchBean.getFloatProperty()
org.apache.commons.beanutils.DynaBeanUtilsTestCase.testCopyPropertyNestedSimple()	org.apache.commons.beanutils.TestBean.setIntProperty(int)
org.apache.commons.beanutils.BeanPropertyValueEqualsPredicateTest.testEvaluateWithByteProperty()	org.apache.commons.beanutils.BeanPropertyValueEqualsPredicate.evaluate(Object)
org.apache.commons.beanutils.LazyDynaMapTestCase.testMappedPropertyDefault()	org.apache.commons.beanutils.LazyDynaBean.get(String)
org.apache.commons.beanutils.DynaPropertyUtilsTestCase.testGetMappedPeriods()	org.apache.commons.beanutils.DynaBean.set(String,String,Object)
org.apache.commons.beanutils.MethodUtils.invokeMethod(Object,String,Object[])	org.apache.commons.beanutils.MethodUtils.invokeMethod(Object,String,Object[],Class[])
org.apache.commons.beanutils.PropertyUtilsBean.getIndexedProperty(Object,String)	org.apache.commons.beanutils.PropertyUtilsBean.getIndexedProperty(Object,String,int)
org.apache.commons.beanutils.DynaPropertyUtilsTestCase.testSetNestedArguments()	org.apache.commons.beanutils.PropertyUtils.setNestedProperty(Object,String,Object)
org.apache.commons.beanutils.BeanMap.convertType(Class,Object)	org.apache.commons.beanutils.BeanMap.getTypeTransformer(Class)
org.apache.commons.beanutils.DynaBeanUtilsTestCase.testCopyPropertiesStandard()	org.apache.commons.beanutils.TestBean.setLongProperty(long)
org.apache.commons.beanutils.BasicDynaBeanTestCase.testGetSimpleInt()	org.apache.commons.beanutils.DynaBean.get(String)
org.apache.commons.beanutils.locale.LocaleBeanUtilsBean.getIndexedProperty(Object,String,int,String)	org.apache.commons.beanutils.PropertyUtilsBean.getIndexedProperty(Object,String,int)
org.apache.commons.beanutils.MethodUtilsTestCase.testInvokeMethodWithPrimitives()	org.apache.commons.beanutils.MethodUtils.invokeMethod(Object,String,Object)
org.apache.commons.beanutils.ConvertUtils.setDefaultBoolean(boolean)	org.apache.commons.beanutils.ConvertUtilsBean.getInstance()
org.apache.commons.beanutils.DynaProperty.toString()	org.apache.commons.beanutils.DynaProperty.isMapped()
org.apache.commons.beanutils.locale.LocaleBeanificationTestCase.testContextClassloaderIndependence()	org.apache.commons.beanutils.locale.LocaleBeanificationTestCase.Signal.getException()
org.apache.commons.beanutils.BeanUtilsTestCase.testCopyPropertyLong()	org.apache.commons.beanutils.BeanUtils.copyProperty(Object,String,Object)
org.apache.commons.beanutils.LazyDynaClassTestCase.testAddProperty2()	org.apache.commons.beanutils.LazyDynaClass.getDynaProperty(String)
org.apache.commons.collections.ReferenceMap.put(Object,Object)	org.apache.commons.collections.ReferenceMap.toReference(int,Object,int)
org.apache.commons.beanutils.PropertyUtilsBean.setIndexedProperty(Object,String,int,Object)	org.apache.commons.beanutils.DynaBean.getDynaClass()
org.apache.commons.beanutils.MethodUtilsTestCase.testInvokeMethodWithPrimitives()	org.apache.commons.beanutils.PrimitiveBean.setFloat(float)
org.apache.commons.beanutils.BasicDynaBeanTestCase.testGetDescriptorShort()	org.apache.commons.beanutils.BasicDynaBeanTestCase.testGetDescriptorBase(String,Class)
org.apache.commons.beanutils.BeanUtilsTestCase.testPopulateScalar()	org.apache.commons.beanutils.TestBean.setNullProperty(String)
org.apache.commons.beanutils.BeanPropertyValueChangeClosureTest.testExecuteWithWriteOnlyProperty()	org.apache.commons.beanutils.BeanPropertyValueChangeClosure.execute(Object)
org.apache.commons.beanutils.BasicDynaBeanTestCase.setUp()	org.apache.commons.beanutils.DynaBean.set(String,Object)
org.apache.commons.collections.ReferenceMap.entrySet()	org.apache.commons.collections.ReferenceMap.Entry.getKey()
org.apache.commons.beanutils.locale.LocaleConvertUtils.convert(String,Class)	org.apache.commons.beanutils.locale.LocaleConvertUtilsBean.convert(String,Class)
org.apache.commons.beanutils.PropertyUtilsTestCase.testSetIndexedValues()	org.apache.commons.beanutils.PropertyUtils.getIndexedProperty(Object,String)
org.apache.commons.collections.ReferenceMap.toArray()	org.apache.commons.collections.ReferenceMap.toArray(Object[])
org.apache.commons.beanutils.DynaPropertyUtilsTestCase.testSetIndexedArguments()	org.apache.commons.beanutils.PropertyUtils.setIndexedProperty(Object,String,Object)
org.apache.commons.beanutils.PropertyUtilsBean.getPropertyDescriptor(Object,String)	org.apache.commons.beanutils.PropertyUtilsBean.getPropertyDescriptors(Object)
org.apache.commons.beanutils.ConvertUtilsTestCase.testPositiveIntegerArray()	org.apache.commons.beanutils.ConvertUtils.convert(String,Class)
org.apache.commons.beanutils.PropertyUtilsTestCase.testSetIndexedArguments()	org.apache.commons.beanutils.PropertyUtils.setIndexedProperty(Object,String,Object)
org.apache.commons.collections.ReferenceMap.purge()	org.apache.commons.collections.ReferenceMap.purge(Reference)
org.apache.commons.beanutils.LazyDynaClassTestCase.testRemovePropertyNullName()	org.apache.commons.beanutils.LazyDynaClass.remove(String)
org.apache.commons.beanutils.BeanificationTestCase.testContextClassLoaderUnset()	org.apache.commons.beanutils.ContextClassLoaderLocal.get()
org.apache.commons.beanutils.JDBCDynaClass.createDynaProperty(ResultSetMetaData,int)	org.apache.commons.beanutils.JDBCDynaClass.loadClass(String)
org.apache.commons.beanutils.PropertyUtilsBean.setIndexedProperty(Object,String,int,Object)	org.apache.commons.beanutils.PropertyUtilsBean.invokeMethod(Method,Object,Object[])
org.apache.commons.beanutils.DynaBeanUtilsTestCase.testGetSimpleProperty()	org.apache.commons.beanutils.DynaBean.get(String)
org.apache.commons.beanutils.LazyDynaMapTestCase.testMappedPropertyUtils()	org.apache.commons.beanutils.LazyDynaBean.get(String)
org.apache.commons.beanutils.ConvertUtils.getDefaultInteger()	org.apache.commons.beanutils.ConvertUtilsBean.getDefaultInteger()
org.apache.commons.beanutils.PropertyUtilsTestCase.testGetReadMethodBasic()	org.apache.commons.beanutils.PropertyUtilsTestCase.testGetReadMethod(Object,String[],String)
org.apache.commons.beanutils.LazyDynaClassTestCase.testAddPropertyRestricted3()	org.apache.commons.beanutils.LazyDynaClass.add(String,Class,boolean,boolean)
org.apache.commons.beanutils.TestBeanMap.makeFullMap()	org.apache.commons.beanutils.TestBeanMap.BeanWithProperties.setSomeByteValue(byte)
org.apache.commons.beanutils.BeanPropertyValueChangeClosureTest.testExecuteWithIndexedProperty()	org.apache.commons.beanutils.TestBean.getIntIndexed(int)
org.apache.commons.beanutils.BeanificationTestCase.GetBeanUtilsBeanThread.run()	org.apache.commons.beanutils.BeanUtilsBean.getInstance()
org.apache.commons.beanutils.BasicDynaBeanTestCase.testSetSimpleBoolean()	org.apache.commons.beanutils.DynaBean.set(String,Object)
org.apache.commons.beanutils.BasicDynaBeanTestCase.testSetSimpleDouble()	org.apache.commons.beanutils.DynaBean.get(String)
org.apache.commons.beanutils.locale.LocaleBeanUtilsBean.calculate(Object,String)	org.apache.commons.beanutils.PropertyUtilsBean.getProperty(Object,String)
org.apache.commons.beanutils.BeanUtilsTestCase.testCopyPropertiesStandard()	org.apache.commons.beanutils.TestBean.getStringProperty()
org.apache.commons.beanutils.locale.converters.IntegerLocaleConverterTestCase.setUp()	org.apache.commons.beanutils.locale.converters.BaseLocaleConverterTestCase.setUp()
org.apache.commons.beanutils.TestBeanMap.makeFullMap()	org.apache.commons.beanutils.TestBeanMap.BeanWithProperties.setSomeIntValue(int)
org.apache.commons.beanutils.MethodUtils.invokeExactMethod(Object,String,Object)	org.apache.commons.beanutils.MethodUtils.invokeExactMethod(Object,String,Object[])
org.apache.commons.beanutils.LazyDynaClass.add(String)	org.apache.commons.beanutils.LazyDynaClass.add(DynaProperty)
org.apache.commons.beanutils.BeanificationTestCase.testContextClassloaderIndependence()	org.apache.commons.beanutils.BeanificationTestCase.Signal.getSignal()
org.apache.commons.beanutils.ConstructorUtilsTestCase.testGetAccessibleConstructorWithConstructorArg()	org.apache.commons.beanutils.ConstructorUtils.getAccessibleConstructor(Constructor)
org.apache.commons.beanutils.BeanUtilsTestCase.testPopulateScalar()	org.apache.commons.beanutils.TestBean.getDoubleProperty()
org.apache.commons.beanutils.LazyDynaBean.createProperty(String,Class)	org.apache.commons.beanutils.LazyDynaBean.createPrimitiveProperty(String,Class)
org.apache.commons.collections.ReferenceMap.entrySet()	org.apache.commons.collections.ReferenceMap.iterator()
org.apache.commons.beanutils.BeanificationTestCase.CCLLTesterThread.run()	org.apache.commons.beanutils.BeanificationTestCase.Signal.setMarkerObject(Object)
org.apache.commons.beanutils.DynaPropertyUtilsTestCase.testGetNestedDouble()	org.apache.commons.beanutils.PropertyUtils.getNestedProperty(Object,String)
org.apache.commons.beanutils.BeanPropertyValueEqualsPredicateTest.testEvaluateWithIntProperty()	org.apache.commons.beanutils.BeanPropertyValueEqualsPredicate.evaluate(Object)
org.apache.commons.beanutils.DynaPropertyUtilsTestCase.testGetNestedUnknown()	org.apache.commons.beanutils.PropertyUtils.getNestedProperty(Object,String)
org.apache.commons.beanutils.MethodUtilsTestCase.testInvokeMethodWithPrimitives()	org.apache.commons.beanutils.PrimitiveBean.getBoolean()
org.apache.commons.beanutils.BeanUtilsTestCase.testCopyPropertiesMap()	org.apache.commons.beanutils.TestBean.getDoubleProperty()
org.apache.commons.beanutils.LazyDynaBean.createProperty(String,Class)	org.apache.commons.beanutils.LazyDynaBean.createDynaBeanProperty(String,Class)
org.apache.commons.beanutils.LazyDynaBean.get(String)	org.apache.commons.beanutils.DynaClass.getDynaProperty(String)
org.apache.commons.beanutils.PropertyUtilsBean.setMappedProperty(Object,String,String,Object)	org.apache.commons.beanutils.DynaBean.getDynaClass()
org.apache.commons.beanutils.locale.LocaleBeanificationTestCase.testMemoryLeak()	org.apache.commons.beanutils.locale.LocaleBeanificationTestCase.isPre14JVM()
org.apache.commons.beanutils.BeanificationTestCase.SetInstanceTesterThread.run()	org.apache.commons.beanutils.BeanUtilsBean.setInstance(BeanUtilsBean)
org.apache.commons.beanutils.LazyDynaBeanTestCase.testSimplePropertyRestricted()	org.apache.commons.beanutils.LazyDynaClass.isRestricted()
org.apache.commons.beanutils.PropertyUtilsTestCase.testGetSimpleDouble()	org.apache.commons.beanutils.TestBean.getDoubleProperty()
org.apache.commons.beanutils.ConvertUtils.deregister()	org.apache.commons.beanutils.ConvertUtilsBean.deregister()
org.apache.commons.beanutils.BasicDynaBeanTestCase.testSetSimpleLong()	org.apache.commons.beanutils.DynaBean.set(String,Object)
org.apache.commons.beanutils.LazyDynaClassTestCase.testAddPropertyNullName3()	org.apache.commons.beanutils.LazyDynaClass.add(String,Class,boolean,boolean)
org.apache.commons.beanutils.locale.converters.DateLocaleConverterTestCase.tearDown()	org.apache.commons.beanutils.locale.converters.BaseLocaleConverterTestCase.tearDown()
org.apache.commons.beanutils.BasicDynaBeanTestCase.setUp()	org.apache.commons.beanutils.DynaClass.newInstance()
org.apache.commons.beanutils.ConstructorUtils.invokeConstructor(Class,Object[])	org.apache.commons.beanutils.ConstructorUtils.invokeConstructor(Class,Object[],Class[])
org.apache.commons.collections.ReferenceMap.remove(Object)	org.apache.commons.collections.ReferenceMap.purge()
org.apache.commons.beanutils.ConvertUtils.getDefaultByte()	org.apache.commons.beanutils.ConvertUtilsBean.getDefaultByte()
org.apache.commons.beanutils.ConvertUtilsTestCase.testNegativeIntegerArray()	org.apache.commons.beanutils.ConvertUtils.convert(String,Class)
org.apache.commons.beanutils.BeanUtilsTestCase.testPopulateNested()	org.apache.commons.beanutils.TestBean.getDoubleProperty()
org.apache.commons.beanutils.DynaRowSetTestCase.testGetDynaProperty()	org.apache.commons.beanutils.DynaProperty.getName()
org.apache.commons.beanutils.BasicDynaBeanTestCase.testSerialization()	org.apache.commons.beanutils.BasicDynaBeanTestCase.testGetDescriptorShort()
org.apache.commons.beanutils.DynaRowSetTestCase.testLimitedRows()	org.apache.commons.beanutils.RowSetDynaClass.getRows()
org.apache.commons.beanutils.LazyDynaBean.set(String,Object)	org.apache.commons.beanutils.LazyDynaBean.isDynaProperty(String)
org.apache.commons.collections.ReferenceMap.contains(Object)	org.apache.commons.collections.ReferenceMap.containsKey(Object)
org.apache.commons.beanutils.locale.LocaleBeanUtilsBean.getSimpleProperty(Object,String,String)	org.apache.commons.beanutils.PropertyUtilsBean.getSimpleProperty(Object,String)
org.apache.commons.beanutils.PropertyUtilsTestCase.testGetReadMethod(Object,String[],String)	org.apache.commons.beanutils.PropertyUtils.getPropertyDescriptors(Object)
org.apache.commons.beanutils.BeanToPropertyValueTransformerTest.testTransformWithNestedIndexedProperty()	org.apache.commons.beanutils.BeanToPropertyValueTransformer.transform(Object)
org.apache.commons.beanutils.LazyDynaClass.remove(String)	org.apache.commons.beanutils.DynaProperty.getName()
org.apache.commons.beanutils.WrapDynaBeanTestCase.testNewInstance()	org.apache.commons.beanutils.WrapDynaBean.getInstance()
org.apache.commons.beanutils.DynaBeanUtilsTestCase.testCopyPropertiesStandard()	org.apache.commons.beanutils.TestBean.setIntArray(int[])
org.apache.commons.beanutils.LazyDynaClassTestCase.testGetPropertyDoesntExist2()	org.apache.commons.beanutils.LazyDynaClass.isReturnNull()
org.apache.commons.beanutils.PropertyUtilsBean.getInstance()	org.apache.commons.beanutils.BeanUtilsBean.getPropertyUtils()
org.apache.commons.beanutils.LazyDynaBean.createProperty(String,Class)	org.apache.commons.beanutils.LazyDynaBean.createIndexedProperty(String,Class)
org.apache.commons.beanutils.BeanComparatorTestCase.testSetProperty()	org.apache.commons.beanutils.TestBean.setDoubleProperty(double)
org.apache.commons.beanutils.BasicDynaBeanTestCase.testSerialization()	org.apache.commons.beanutils.BasicDynaBeanTestCase.testGetSimpleString()
org.apache.commons.beanutils.locale.LocaleBeanificationTestCase.testBeanUtilsBeanSetInstance()	org.apache.commons.beanutils.locale.LocaleBeanificationTestCase.Signal.getBean()
org.apache.commons.beanutils.locale.LocaleConvertUtils.convert(String[],Class)	org.apache.commons.beanutils.locale.LocaleConvertUtilsBean.convert(String[],Class)
org.apache.commons.beanutils.BeanUtilsBean.setProperty(Object,String,Object)	org.apache.commons.beanutils.DynaProperty.getType()
org.apache.commons.beanutils.BeanUtilsTestCase.testPopulateScalar()	org.apache.commons.beanutils.TestBean.getFloatProperty()
org.apache.commons.beanutils.DynaPropertyUtilsTestCase.testSetSimpleInt()	org.apache.commons.beanutils.DynaBean.get(String)
org.apache.commons.beanutils.PropertyUtilsBean.setNestedProperty(Object,String,Object)	org.apache.commons.beanutils.PropertyUtilsBean.setMappedProperty(Object,String,Object)
org.apache.commons.beanutils.PropertyUtilsTestCase.testGetNestedReadOnly()	org.apache.commons.beanutils.TestBean.getReadOnlyProperty()
org.apache.commons.beanutils.converters.NumberConverterTestBase.testConvertNull()	org.apache.commons.beanutils.converters.NumberConverterTestBase.makeConverter()
org.apache.commons.beanutils.locale.LocaleConvertUtilsBean.convert(String[],Class,Locale,String)	org.apache.commons.beanutils.locale.LocaleConvertUtilsBean.convert(String,Class,Locale,String)
org.apache.commons.beanutils.PropertyUtils.setMappedProperty(Object,String,String,Object)	org.apache.commons.beanutils.PropertyUtilsBean.getInstance()
org.apache.commons.beanutils.PropertyUtilsBean.isReadable(Object,String)	org.apache.commons.beanutils.DynaBean.getDynaClass()
org.apache.commons.beanutils.DynaPropertyUtilsTestCase.testSetNestedWriteOnly()	org.apache.commons.beanutils.TestBean.getWriteOnlyPropertyValue()
org.apache.commons.beanutils.LazyDynaBeanTestCase.testMappedPropertyRestricted()	org.apache.commons.beanutils.LazyDynaBean.get(String)
org.apache.commons.beanutils.PropertyUtilsBenchCase.testCopyPropertiesMap()	org.apache.commons.beanutils.PropertyUtilsBean.copyProperties(Object,Object)
org.apache.commons.beanutils.MappedPropertyDescriptor.setMappedWriteMethod(Method)	org.apache.commons.beanutils.MappedPropertyDescriptor.findMappedPropertyType()
org.apache.commons.beanutils.PropertyUtils.getPropertyDescriptor(Object,String)	org.apache.commons.beanutils.PropertyUtilsBean.getInstance()
org.apache.commons.beanutils.PropertyUtilsTestCase.testSetMapExtension()	org.apache.commons.beanutils.PropertyUtils.setSimpleProperty(Object,String,Object)
org.apache.commons.beanutils.BeanUtilsTestCase.testPopulateScalar()	org.apache.commons.beanutils.TestBean.getWriteOnlyPropertyValue()
org.apache.commons.beanutils.LazyDynaBean.get(String,String)	org.apache.commons.beanutils.DynaClass.getDynaProperty(String)
org.apache.commons.beanutils.PropertyUtilsTestCase.testSetSimpleInt()	org.apache.commons.beanutils.PropertyUtils.setSimpleProperty(Object,String,Object)
org.apache.commons.beanutils.locale.LocaleBeanificationTestCase.SetInstanceTesterThread.run()	org.apache.commons.beanutils.locale.LocaleBeanUtilsBean.getLocaleBeanUtilsInstance()
org.apache.commons.beanutils.ConstructorUtilsTestCase.testInvokeConstructor()	org.apache.commons.beanutils.ConstructorUtils.invokeConstructor(Class,Object)
org.apache.commons.beanutils.BeanUtils.copyProperties(Object,Object)	org.apache.commons.beanutils.BeanUtilsBean.getInstance()
org.apache.commons.beanutils.DynaBeanUtilsTestCase.testCopyPropertiesDynaBean()	org.apache.commons.beanutils.BeanUtils.copyProperties(Object,Object)
org.apache.commons.collections.ReferenceMap.EntryIterator.hasNext()	org.apache.commons.collections.ReferenceMap.Entry.getKey()
org.apache.commons.beanutils.locale.LocaleConvertUtilsBean.convert(String,Class,Locale,String)	org.apache.commons.beanutils.locale.LocaleConverter.convert(Class,Object,String)
org.apache.commons.beanutils.MethodUtils.getAccessibleMethod(Method)	org.apache.commons.beanutils.MethodUtils.getAccessibleMethodFromInterfaceNest(Class,String,Class[])
org.apache.commons.beanutils.locale.LocaleBeanUtilsBean.getMappedProperty(Object,String,String)	org.apache.commons.beanutils.locale.LocaleBeanUtilsBean.getMappedProperty(Object,String,String,String)
org.apache.commons.beanutils.PropertyUtilsBean.describe(Object)	org.apache.commons.beanutils.DynaBean.getDynaClass()
org.apache.commons.beanutils.BeanUtilsTestCase.testCopyPropertiesDynaBean()	org.apache.commons.beanutils.TestBean.getShortProperty()
org.apache.commons.beanutils.BeanUtilsTestCase.testGetIndexedProperty1()	org.apache.commons.beanutils.TestBean.getIntIndexed(int)
org.apache.commons.beanutils.DynaRowSetTestCase.testListCount()	org.apache.commons.beanutils.RowSetDynaClass.getRows()
org.apache.commons.beanutils.WrapDynaBean.set(String,String,Object)	org.apache.commons.beanutils.PropertyUtils.setMappedProperty(Object,String,String,Object)
org.apache.commons.beanutils.BeanificationTestCase.testContextClassLoaderLocal()	org.apache.commons.beanutils.ContextClassLoaderLocal.set(Object)
org.apache.commons.beanutils.TestBeanMap.testBeanMapClone()	org.apache.commons.beanutils.BeanMap.clone()
org.apache.commons.beanutils.DynaPropertyUtilsTestCase.testGetNestedDouble()	org.apache.commons.beanutils.DynaBean.get(String)
org.apache.commons.collections.ReferenceMap.clear()	org.apache.commons.collections.ReferenceMap.clear()
org.apache.commons.beanutils.TestBeanMap.makeFullMap()	org.apache.commons.beanutils.TestBeanMap.BeanWithProperties.setSomeFloatValue(float)
org.apache.commons.beanutils.locale.LocaleBeanUtils.getNestedProperty(Object,String,String)	org.apache.commons.beanutils.locale.LocaleBeanUtilsBean.getNestedProperty(Object,String,String)
org.apache.commons.beanutils.locale.LocaleBeanificationTestCase.testContextClassLoaderUnset()	org.apache.commons.beanutils.ContextClassLoaderLocal.set(Object)
org.apache.commons.beanutils.PropertyUtilsTestCase.testGetMappedPeriods()	org.apache.commons.beanutils.TestBean.setMappedObjects(String,Object)
org.apache.commons.beanutils.locale.converters.IntegerLocaleConverterTestCase.tearDown()	org.apache.commons.beanutils.locale.converters.BaseLocaleConverterTestCase.tearDown()
org.apache.commons.beanutils.MethodUtilsTestCase.testInvokeMethodWithPrimitives()	org.apache.commons.beanutils.PrimitiveBean.setInt(int)
org.apache.commons.beanutils.BeanMap.clone()	org.apache.commons.beanutils.BeanMap.getWriteMethod(Object)
org.apache.commons.beanutils.DynaBeanUtilsTestCase.testPopulateArrayElements()	org.apache.commons.beanutils.BeanUtils.populate(Object,Map)
org.apache.commons.beanutils.BeanUtilsTestCase.testCopyPropertiesStandard()	org.apache.commons.beanutils.TestBean.setByteProperty(byte)
org.apache.commons.beanutils.BeanUtils.describe(Object)	org.apache.commons.beanutils.BeanUtilsBean.describe(Object)
org.apache.commons.beanutils.locale.LocaleConvertUtils.deregister(Class,Locale)	org.apache.commons.beanutils.locale.LocaleConvertUtilsBean.deregister(Class,Locale)
org.apache.commons.beanutils.BeanPropertyValueChangeClosureTest.testExecuteWithSimpleDoublePropertyAndDoubleValue()	org.apache.commons.beanutils.BeanPropertyValueChangeClosure.execute(Object)
org.apache.commons.beanutils.locale.LocaleBeanUtils.setDefaultLocale(Locale)	org.apache.commons.beanutils.locale.LocaleBeanUtilsBean.setDefaultLocale(Locale)
org.apache.commons.beanutils.BeanUtilsBean.copyProperties(Object,Object)	org.apache.commons.beanutils.PropertyUtilsBean.isWriteable(Object,String)
org.apache.commons.beanutils.PropertyUtilsTestCase.testCopyPropertiesMap()	org.apache.commons.beanutils.PropertyUtils.copyProperties(Object,Object)
org.apache.commons.beanutils.locale.LocaleBeanUtilsBean.invokeSetter(Object,String,String,int,Object)	org.apache.commons.beanutils.PropertyUtilsBean.setMappedProperty(Object,String,String,Object)
org.apache.commons.beanutils.PropertyUtilsTestCase.testSetMappedValues()	org.apache.commons.beanutils.PropertyUtils.setMappedProperty(Object,String,String,Object)
org.apache.commons.beanutils.PropertyUtilsTestCase.testSetNestedArguments()	org.apache.commons.beanutils.PropertyUtils.setNestedProperty(Object,String,Object)
org.apache.commons.beanutils.ConvertUtilsBean.setDefaultLong(long)	org.apache.commons.beanutils.ConvertUtilsBean.register(Converter,Class)
org.apache.commons.beanutils.locale.LocaleBeanificationTestCase.testContextClassLoaderLocal()	org.apache.commons.beanutils.locale.LocaleBeanificationTestCase.Signal.setMarkerObject(Object)
org.apache.commons.beanutils.BeanPropertyValueChangeClosureTest.testExecuteWithSimpleIntPropertyAndFloatValue()	org.apache.commons.beanutils.BeanPropertyValueChangeClosure.execute(Object)
org.apache.commons.beanutils.LazyDynaBeanTestCase.testIndexedDynaBeanArray()	org.apache.commons.beanutils.LazyDynaClass.getDynaProperty(String)
org.apache.commons.beanutils.BeanUtilsTestCase.testSetPropertyNullValues()	org.apache.commons.beanutils.BeanUtils.getProperty(Object,String)
org.apache.commons.beanutils.PropertyUtilsTestCase.testGetMappedArguments()	org.apache.commons.beanutils.PropertyUtils.getMappedProperty(Object,String)
org.apache.commons.beanutils.LazyDynaMapTestCase.testIndexedDynaBeanArray()	org.apache.commons.beanutils.LazyDynaMap.add(String,Class)
org.apache.commons.beanutils.ConvertUtils.convert(Object)	org.apache.commons.beanutils.ConvertUtilsBean.getInstance()
org.apache.commons.beanutils.LazyDynaMapTestCase.testMappedPropertyUtils()	org.apache.commons.beanutils.LazyDynaBean.get(String,String)
org.apache.commons.beanutils.BeanUtils.copyProperty(Object,String,Object)	org.apache.commons.beanutils.BeanUtilsBean.copyProperty(Object,String,Object)
org.apache.commons.beanutils.PropertyUtilsTestCase.testGetNestedFloat()	org.apache.commons.beanutils.PropertyUtils.getNestedProperty(Object,String)
org.apache.commons.beanutils.BeanUtilsBean.copyProperty(Object,String,Object)	org.apache.commons.beanutils.PropertyUtilsBean.setIndexedProperty(Object,String,int,Object)
org.apache.commons.beanutils.LazyDynaBeanTestCase.testIndexedDynaBeanArray()	org.apache.commons.beanutils.LazyDynaMap.set(String,Object)
org.apache.commons.beanutils.locale.LocaleConvertUtilsTestCase.testPositiveScalar()	org.apache.commons.beanutils.locale.LocaleConvertUtils.convert(String,Class)
org.apache.commons.beanutils.LazyDynaBean.set(String,String,Object)	org.apache.commons.beanutils.DynaClass.getDynaProperty(String)
org.apache.commons.beanutils.PropertyUtilsBenchCase.setUp()	org.apache.commons.beanutils.BenchBean.getLongProperty()
org.apache.commons.beanutils.ConvertUtilsTestCase.setUp()	org.apache.commons.beanutils.ConvertUtils.deregister()
org.apache.commons.beanutils.LazyDynaBean.createIndexedProperty(String,Class)	org.apache.commons.beanutils.LazyDynaBean.defaultIndexedProperty(String)
org.apache.commons.collections.ReferenceMap.KeyIterator.next()	org.apache.commons.collections.ReferenceMap.Entry.getKey()
org.apache.commons.beanutils.DynaBeanUtilsTestCase.setUp()	org.apache.commons.beanutils.DynaBeanUtilsTestCase.createDynaClass()
org.apache.commons.beanutils.PropertyUtilsBean.isReadable(Object,String)	org.apache.commons.beanutils.PropertyUtilsBean.getPropertyDescriptor(Object,String)
org.apache.commons.beanutils.PropertyUtilsBean.copyProperties(Object,Object)	org.apache.commons.beanutils.PropertyUtilsBean.isReadable(Object,String)
org.apache.commons.beanutils.locale.LocaleBeanificationTestCase.TestIndependenceThread.run()	org.apache.commons.beanutils.locale.LocaleBeanificationTestCase.Signal.setException(Exception)
org.apache.commons.beanutils.locale.converters.BaseLocaleConverterTestCase.convertValueToType(BaseLocaleConverter,Class,Object,String,Object)	org.apache.commons.beanutils.locale.converters.BaseLocaleConverterTestCase.convertValueToType(BaseLocaleConverter,String,Class,Object,String,Object)
org.apache.commons.beanutils.BeanUtilsBean.describe(Object)	org.apache.commons.beanutils.BeanUtilsBean.getPropertyUtils()
org.apache.commons.beanutils.PropertyUtilsBean.setSimpleProperty(Object,String,Object)	org.apache.commons.beanutils.DynaBean.getDynaClass()
org.apache.commons.beanutils.BeanUtilsBean.getMappedProperty(Object,String)	org.apache.commons.beanutils.ConvertUtilsBean.convert(Object)
org.apache.commons.beanutils.LazyDynaMapTestCase.testIndexedLinkedList()	org.apache.commons.beanutils.DynaProperty.getType()
org.apache.commons.beanutils.TestBeanMap.testMethodMutator()	org.apache.commons.beanutils.TestBeanMap.makeFullMap()
org.apache.commons.beanutils.BeanUtilsTestCase.testPopulateNested()	org.apache.commons.beanutils.TestBean.getWriteOnlyPropertyValue()
org.apache.commons.beanutils.LazyDynaBeanTestCase.testIndexedPropertyUtils()	org.apache.commons.beanutils.LazyDynaClass.isDynaProperty(String)
org.apache.commons.beanutils.PropertyUtilsTestCase.testGetSimpleLong()	org.apache.commons.beanutils.PropertyUtils.getSimpleProperty(Object,String)
org.apache.commons.beanutils.PropertyUtils.getPropertyDescriptor(Object,String)	org.apache.commons.beanutils.PropertyUtilsBean.getPropertyDescriptor(Object,String)
org.apache.commons.beanutils.BeanUtilsBean.setProperty(Object,String,Object)	org.apache.commons.beanutils.BeanUtilsBean.getConvertUtils()
org.apache.commons.beanutils.PropertyUtilsTestCase.testGetMappedSlashes()	org.apache.commons.beanutils.TestBean.getMappedProperty(String)
org.apache.commons.beanutils.LazyDynaBeanTestCase.testMappedInvalidType()	org.apache.commons.beanutils.LazyDynaClass.add(String,Class)
org.apache.commons.beanutils.locale.LocaleConvertUtils.setDefaultLocale(Locale)	org.apache.commons.beanutils.locale.LocaleConvertUtilsBean.setDefaultLocale(Locale)
org.apache.commons.beanutils.BeanUtilsTestCase.testCopyPropertyNull()	org.apache.commons.beanutils.TestBean.setNullProperty(String)
org.apache.commons.beanutils.PropertyUtilsTestCase.testGetSimpleString()	org.apache.commons.beanutils.TestBean.getStringProperty()
org.apache.commons.beanutils.BeanUtilsTestCase.testCopyPropertyNestedSimple()	org.apache.commons.beanutils.TestBean.setIntProperty(int)
org.apache.commons.beanutils.ConstructorUtilsTestCase.testInvokeExactConstructorWithTypeArray()	org.apache.commons.beanutils.TestBean.getStringProperty()
org.apache.commons.beanutils.MethodUtils.isAssignmentCompatible(Class,Class)	org.apache.commons.beanutils.MethodUtils.getPrimitiveWrapper(Class)
org.apache.commons.beanutils.LazyDynaMap.add(DynaProperty)	org.apache.commons.beanutils.DynaProperty.getType()
org.apache.commons.beanutils.PropertyUtilsTestCase.testGetSimpleShort()	org.apache.commons.beanutils.TestBean.getShortProperty()
org.apache.commons.beanutils.DynaPropertyUtilsTestCase.testGetMappedSlashes()	org.apache.commons.beanutils.PropertyUtils.getNestedProperty(Object,String)
org.apache.commons.beanutils.DynaPropertyUtilsTestCase.testSetSimpleUnknown()	org.apache.commons.beanutils.PropertyUtils.setSimpleProperty(Object,String,Object)
org.apache.commons.beanutils.locale.LocaleBeanUtilsBean.setProperty(Object,String,Object,String)	org.apache.commons.beanutils.locale.LocaleBeanUtilsBean.calculate(Object,String)
org.apache.commons.beanutils.BeanUtilsBean.copyProperties(Object,Object)	org.apache.commons.beanutils.DynaBean.get(String)
org.apache.commons.beanutils.converters.ByteArrayConverter.convert(Class,Object)	org.apache.commons.beanutils.converters.AbstractArrayConverter.parseElements(String)
org.apache.commons.beanutils.LazyDynaMapTestCase.testSimpleProperty()	org.apache.commons.beanutils.DynaProperty.getType()
org.apache.commons.beanutils.PropertyUtilsTestCase.testSetNestedUnknown()	org.apache.commons.beanutils.PropertyUtils.setNestedProperty(Object,String,Object)
org.apache.commons.beanutils.DynaBeanUtilsTestCase.testCopyPropertyNull()	org.apache.commons.beanutils.DynaBean.get(String)
org.apache.commons.beanutils.BeanPropertyValueEqualsPredicateTest.testEvaluateWithNestedMappedProperty()	org.apache.commons.beanutils.TestBean.setMappedProperty(String,String)
org.apache.commons.beanutils.DynaPropertyUtilsTestCase.testSetMappedValues()	org.apache.commons.beanutils.PropertyUtils.setNestedProperty(Object,String,Object)
org.apache.commons.beanutils.BeanMap.entryIterator()	org.apache.commons.beanutils.BeanMap.keyIterator()
org.apache.commons.beanutils.BeanUtilsBean.setProperty(Object,String,Object)	org.apache.commons.beanutils.PropertyUtilsBean.getProperty(Object,String)
org.apache.commons.beanutils.PropertyUtilsTestCase.testGetReadMethodPublicInterface()	org.apache.commons.beanutils.PropertyUtilsTestCase.testGetReadMethod(Object,String[],String)
org.apache.commons.beanutils.BeanUtilsBean.cloneBean(Object)	org.apache.commons.beanutils.PropertyUtilsBean.copyProperties(Object,Object)
org.apache.commons.beanutils.ResultSetIterator.next()	org.apache.commons.beanutils.ResultSetIterator.advance()
org.apache.commons.beanutils.MethodUtilsTestCase.testSimpleStatic1()	org.apache.commons.beanutils.TestBean.currentCounter()
org.apache.commons.beanutils.locale.LocaleConvertUtilsBean.getInstance()	org.apache.commons.beanutils.locale.LocaleBeanUtilsBean.getLocaleConvertUtils()
org.apache.commons.beanutils.BeanUtilsBenchCase.setUp()	org.apache.commons.beanutils.BenchBean.getDoubleProperty()
org.apache.commons.beanutils.converters.FileConverterTestCase.setUp()	org.apache.commons.beanutils.converters.FileConverterTestCase.makeConverter()
org.apache.commons.beanutils.BeanPropertyValueChangeClosure.execute(Object)	org.apache.commons.beanutils.PropertyUtils.setProperty(Object,String,Object)
org.apache.commons.beanutils.BeanToPropertyValueTransformerTest.testTransformWithWriteOnlyProperty()	org.apache.commons.beanutils.BeanToPropertyValueTransformer.transform(Object)
org.apache.commons.beanutils.TestBeanMap.main(String[])	org.apache.commons.beanutils.TestBeanMap.suite()
org.apache.commons.beanutils.BeanUtilsBean.copyProperty(Object,String,Object)	org.apache.commons.beanutils.ConvertUtilsBean.lookup(Class)
org.apache.commons.beanutils.LazyDynaMapTestCase.testIndexedPropertyRestricted()	org.apache.commons.beanutils.LazyDynaMap.setRestricted(boolean)
org.apache.commons.beanutils.BeanMap.next()	org.apache.commons.beanutils.BeanMap.get(Object)
org.apache.commons.beanutils.LazyDynaMapTestCase.testIndexedPrimitiveArray()	org.apache.commons.beanutils.LazyDynaMap.add(String,Class)
org.apache.commons.beanutils.PropertyUtilsTestCase.testSetSimpleShort()	org.apache.commons.beanutils.TestBean.getShortProperty()
org.apache.commons.beanutils.ResultSetIterator.get(String)	org.apache.commons.beanutils.ResultSetDynaClass.getResultSet()
org.apache.commons.beanutils.BeanUtilsBean.getNestedProperty(Object,String)	org.apache.commons.beanutils.PropertyUtilsBean.getNestedProperty(Object,String)
org.apache.commons.beanutils.locale.LocaleConvertUtils.convert(Object,Locale,String)	org.apache.commons.beanutils.locale.LocaleConvertUtilsBean.convert(Object,Locale,String)
org.apache.commons.beanutils.BeanUtilsBean.copyProperties(Object,Object)	org.apache.commons.beanutils.PropertyUtilsBean.getSimpleProperty(Object,String)
org.apache.commons.beanutils.BeanUtilsTestCase.testGetArrayProperty()	org.apache.commons.beanutils.BeanUtils.getArrayProperty(Object,String)
org.apache.commons.beanutils.converters.NumberConverterTestBase.testConvertNumber()	org.apache.commons.beanutils.Converter.convert(Class,Object)
org.apache.commons.beanutils.LazyDynaBeanTestCase.testIndexedPrimitiveArray()	org.apache.commons.beanutils.DynaProperty.getType()
org.apache.commons.collections.ReferenceMap.size()	org.apache.commons.collections.ReferenceMap.size()
org.apache.commons.beanutils.converters.IntegerArrayConverter.convert(Class,Object)	org.apache.commons.beanutils.converters.AbstractArrayConverter.parseElements(String)
org.apache.commons.beanutils.LazyDynaBean.get(String,int)	org.apache.commons.beanutils.LazyDynaBean.growIndexedProperty(String,Object,int)
org.apache.commons.beanutils.LazyDynaMapTestCase.testMappedPropertyRestricted()	org.apache.commons.beanutils.LazyDynaBean.get(String)
org.apache.commons.beanutils.locale.converters.BaseLocaleConverterTestCase.convertValueNoPattern(BaseLocaleConverter,String,Object,Object)	org.apache.commons.beanutils.locale.BaseLocaleConverter.convert(Object)
org.apache.commons.beanutils.BeanUtilsTestCase.testCopyPropertiesDynaBean()	org.apache.commons.beanutils.TestBean.getStringArray()
org.apache.commons.beanutils.BeanificationTestCase.testGetByContextClassLoader()	org.apache.commons.beanutils.ConvertUtilsBean.getInstance()
org.apache.commons.beanutils.BeanPropertyValueChangeClosureTest.testExecuteWithSimpleDoublePropertyAndFloatValue()	org.apache.commons.beanutils.TestBean.getDoubleProperty()
org.apache.commons.beanutils.BeanPropertyValueEqualsPredicateTest.testEvaluateWithFloatProperty()	org.apache.commons.beanutils.BeanPropertyValueEqualsPredicate.evaluate(Object)
org.apache.commons.beanutils.PropertyUtilsBean.copyProperties(Object,Object)	org.apache.commons.beanutils.PropertyUtilsBean.getPropertyDescriptors(Object)
org.apache.commons.beanutils.locale.LocaleBeanUtils.definePropertyType(Object,String,String)	org.apache.commons.beanutils.locale.LocaleBeanUtilsBean.getLocaleBeanUtilsInstance()
org.apache.commons.beanutils.PropertyUtilsBean.setSimpleProperty(Object,String,Object)	org.apache.commons.beanutils.PropertyUtilsBean.getWriteMethod(PropertyDescriptor)
org.apache.commons.beanutils.PropertyUtilsTestCase.testGetWriteMethodPackageSubclass()	org.apache.commons.beanutils.PropertyUtilsTestCase.testGetWriteMethod(Object,String[],String)
org.apache.commons.beanutils.PropertyUtilsTestCase.testNestedWithIndex()	org.apache.commons.beanutils.NestedTestBean.getName()
org.apache.commons.beanutils.DynaPropertyUtilsTestCase.testSetNestedWriteOnly()	org.apache.commons.beanutils.PropertyUtils.setNestedProperty(Object,String,Object)
org.apache.commons.beanutils.locale.LocaleBeanUtils.getSimpleProperty(Object,String)	org.apache.commons.beanutils.locale.LocaleBeanUtilsBean.getSimpleProperty(Object,String)
org.apache.commons.beanutils.BeanUtilsTestCase.testPopulateNested()	org.apache.commons.beanutils.TestBean.getNested()
org.apache.commons.beanutils.LazyDynaBeanTestCase.testIndexedDynaBeanArray()	org.apache.commons.beanutils.LazyDynaBean.get(String)
org.apache.commons.beanutils.LazyDynaMapTestCase.testIndexedLinkedList()	org.apache.commons.beanutils.LazyDynaBean.get(String,int)
org.apache.commons.beanutils.LazyDynaMap.add(DynaProperty)	org.apache.commons.beanutils.DynaProperty.getName()
org.apache.commons.beanutils.BeanUtilsTestCase.testGetSimpleProperty()	org.apache.commons.beanutils.BeanUtils.getSimpleProperty(Object,String)
org.apache.commons.collections.ReferenceMap.size()	org.apache.commons.collections.ReferenceMap.size()
org.apache.commons.beanutils.PropertyUtilsBean.setMappedProperty(Object,String,String,Object)	org.apache.commons.beanutils.DynaBean.set(String,String,Object)
org.apache.commons.beanutils.LazyDynaBeanTestCase.testMappedPropertyUtils()	org.apache.commons.beanutils.LazyDynaBean.get(String)
org.apache.commons.beanutils.DynaPropertyUtilsTestCase.testSetNestedDouble()	org.apache.commons.beanutils.PropertyUtils.setNestedProperty(Object,String,Object)
org.apache.commons.beanutils.DynaBeanUtilsTestCase.testCloneDynaBean()	org.apache.commons.beanutils.DynaBean.set(String,Object)
org.apache.commons.beanutils.PropertyUtilsTestCase.testGetMappedSlashes()	org.apache.commons.beanutils.TestBean.setMappedProperty(String,String)
org.apache.commons.beanutils.locale.LocaleConvertUtilsBean.convert(Object)	org.apache.commons.beanutils.locale.LocaleConvertUtilsBean.convert(Object,Locale,String)
org.apache.commons.beanutils.LazyDynaBeanTestCase.testIndexedInvalidType()	org.apache.commons.beanutils.LazyDynaBean.set(String,int,Object)
org.apache.commons.beanutils.locale.LocaleConvertUtils.lookup(Class,Locale)	org.apache.commons.beanutils.locale.LocaleConvertUtilsBean.getInstance()
org.apache.commons.beanutils.PropertyUtilsTestCase.testSetNestedInt()	org.apache.commons.beanutils.TestBean.getIntProperty()
org.apache.commons.beanutils.BasicDynaBeanTestCase.testSerialization()	org.apache.commons.beanutils.BasicDynaBeanTestCase.testGetMappedValues()
org.apache.commons.beanutils.PropertyUtilsBenchCase.setUp()	org.apache.commons.beanutils.BenchBean.getDoubleProperty()
org.apache.commons.beanutils.PropertyUtils.setNestedProperty(Object,String,Object)	org.apache.commons.beanutils.PropertyUtilsBean.setNestedProperty(Object,String,Object)
org.apache.commons.beanutils.LazyDynaBeanTestCase.testMappedPropertyRestricted()	org.apache.commons.beanutils.LazyDynaClass.getDynaProperty(String)
org.apache.commons.beanutils.PropertyUtilsTestCase.testSetMappedValues()	org.apache.commons.beanutils.PropertyUtils.getMappedProperty(Object,String)
org.apache.commons.beanutils.LazyDynaMapTestCase.testIndexedObjectArray()	org.apache.commons.beanutils.LazyDynaMap.add(String,Class)
org.apache.commons.beanutils.PropertyUtilsBean.describe(Object)	org.apache.commons.beanutils.PropertyUtilsBean.getPropertyDescriptors(Object)
org.apache.commons.beanutils.ConvertUtils.setDefaultLong(long)	org.apache.commons.beanutils.ConvertUtilsBean.getInstance()
org.apache.commons.beanutils.MethodUtilsTestCase.testInvokeExactMethod()	org.apache.commons.beanutils.MethodUtils.invokeExactMethod(Object,String,Object)
org.apache.commons.collections.ReferenceMap.values()	org.apache.commons.collections.ReferenceMap.clear()
org.apache.commons.beanutils.locale.LocaleBeanUtils.getIndexedProperty(Object,String,int)	org.apache.commons.beanutils.locale.LocaleBeanUtilsBean.getIndexedProperty(Object,String,int)
org.apache.commons.beanutils.PropertyUtilsBean.isWriteable(Object,String)	org.apache.commons.beanutils.DynaBean.getDynaClass()
org.apache.commons.beanutils.locale.LocaleConvertUtilsTestCase.fixmetestPositiveIntegerArray()	org.apache.commons.beanutils.locale.LocaleConvertUtilsTestCase.checkIntegerArray(Object,int[])
org.apache.commons.beanutils.BeanUtilsBean.setProperty(Object,String,Object)	org.apache.commons.beanutils.ConvertUtilsBean.convert(String,Class)
org.apache.commons.beanutils.PropertyUtilsTestCase.testSetNestedBoolean()	org.apache.commons.beanutils.PropertyUtils.setNestedProperty(Object,String,Object)
org.apache.commons.collections.ReferenceMap.keySet()	org.apache.commons.collections.ReferenceMap.size()
org.apache.commons.beanutils.TestBeanMap.makeFullMap()	org.apache.commons.beanutils.TestBeanMap.BeanWithProperties.setSomeLongValue(long)
org.apache.commons.beanutils.BeanToPropertyValueTransformerTest.testTransformWithReadOnlyProperty()	org.apache.commons.beanutils.BeanToPropertyValueTransformer.transform(Object)
org.apache.commons.beanutils.BeanPropertyValueEqualsPredicateTest.testEvaluateWithIndexedProperty()	org.apache.commons.beanutils.TestBean.setIntIndexed(int,int)
org.apache.commons.beanutils.BeanUtilsTestCase.testCopyPropertiesDynaBean()	org.apache.commons.beanutils.TestBean.getDoubleProperty()
org.apache.commons.beanutils.BeanUtilsTestCase.testArrayPropertyConversion()	org.apache.commons.beanutils.BeanUtilsBean.getArrayProperty(Object,String)
org.apache.commons.beanutils.PropertyUtilsTestCase.testNestedWithIndex()	org.apache.commons.beanutils.NestedTestBean.init()
org.apache.commons.beanutils.PropertyUtilsTestCase.testGetNestedString()	org.apache.commons.beanutils.TestBean.getNested()
org.apache.commons.collections.ReferenceMap.remove(Object)	org.apache.commons.collections.ReferenceMap.remove(Object)
org.apache.commons.beanutils.MethodUtilsTestCase.testPublicSub()	org.apache.commons.beanutils.MethodUtils.invokeMethod(Object,String,Object)
org.apache.commons.beanutils.DynaPropertyUtilsTestCase.testSetNestedReadOnly()	org.apache.commons.beanutils.PropertyUtils.setNestedProperty(Object,String,Object)
org.apache.commons.beanutils.BeanMap.put(Object,Object)	org.apache.commons.beanutils.BeanMap.get(Object)
org.apache.commons.beanutils.locale.LocaleConvertUtils.deregister()	org.apache.commons.beanutils.locale.LocaleConvertUtilsBean.getInstance()
org.apache.commons.beanutils.PropertyUtilsTestCase.testGetMappedSlashes()	org.apache.commons.beanutils.PropertyUtils.getNestedProperty(Object,String)
org.apache.commons.beanutils.BeanMap.initialise()	org.apache.commons.beanutils.BeanMap.getBean()
org.apache.commons.beanutils.DynaPropertyUtilsTestCase.testSetNestedInt()	org.apache.commons.beanutils.TestBean.getIntProperty()
org.apache.commons.beanutils.PropertyUtilsBean.getNestedProperty(Object,String)	org.apache.commons.beanutils.PropertyUtilsBean.getMappedProperty(Object,String)
org.apache.commons.beanutils.PropertyUtilsTestCase.testSetMapExtension()	org.apache.commons.beanutils.ExtendMapBean.setUnusuallyNamedProperty(String)
org.apache.commons.beanutils.locale.LocaleConvertUtils.setApplyLocalized(boolean)	org.apache.commons.beanutils.locale.LocaleConvertUtilsBean.setApplyLocalized(boolean)
org.apache.commons.beanutils.BeanUtilsTestCase.testCopyPropertyNestedIndexedArray()	org.apache.commons.beanutils.BeanUtils.copyProperty(Object,String,Object)
org.apache.commons.beanutils.PropertyUtils.getNestedProperty(Object,String)	org.apache.commons.beanutils.PropertyUtilsBean.getNestedProperty(Object,String)
org.apache.commons.beanutils.ConvertUtilsBean.deregister(Class)	org.apache.commons.collections.FastHashMap.remove(Object)
org.apache.commons.beanutils.locale.LocaleBeanUtilsBean.getNestedProperty(Object,String,String)	org.apache.commons.beanutils.PropertyUtilsBean.getNestedProperty(Object,String)
org.apache.commons.beanutils.BeanUtilsTestCase.testPopulateNested()	org.apache.commons.beanutils.TestBean.getFloatProperty()
org.apache.commons.beanutils.DynaResultSetTestCase.testGetDynaProperty()	org.apache.commons.beanutils.JDBCDynaClass.getDynaProperty(String)
org.apache.commons.beanutils.PropertyUtilsTestCase.testGetSimpleLong()	org.apache.commons.beanutils.TestBean.getLongProperty()
org.apache.commons.beanutils.converters.ShortConverterTestCase.testSimpleConversion()	org.apache.commons.beanutils.Converter.convert(Class,Object)
org.apache.commons.beanutils.DynaBeanUtilsTestCase.testCopyPropertiesStandard()	org.apache.commons.beanutils.TestBean.setStringProperty(String)
org.apache.commons.beanutils.BeanUtilsBean.setProperty(Object,String,Object)	org.apache.commons.beanutils.MappedPropertyDescriptor.getMappedPropertyType()
org.apache.commons.beanutils.WrapDynaBean.get(String,int)	org.apache.commons.beanutils.PropertyUtils.getIndexedProperty(Object,String,int)
org.apache.commons.beanutils.locale.LocaleBeanUtilsBean.invokeSetter(Object,String,String,int,Object)	org.apache.commons.beanutils.BeanUtilsBean.getPropertyUtils()
org.apache.commons.beanutils.BeanUtilsTestCase.testSeparateInstances()	org.apache.commons.beanutils.TestBean.getBooleanProperty()
org.apache.commons.beanutils.locale.converters.BigDecimalLocaleConverterTestCase.setUp()	org.apache.commons.beanutils.locale.converters.BaseLocaleConverterTestCase.setUp()
org.apache.commons.beanutils.BeanUtilsBenchCase.setUp()	org.apache.commons.beanutils.BenchBean.getByteProperty()
org.apache.commons.beanutils.BasicDynaBeanTestCase.testSetSimpleShort()	org.apache.commons.beanutils.DynaBean.get(String)
org.apache.commons.beanutils.PropertyUtilsTestCase.testSetSimpleWriteOnly()	org.apache.commons.beanutils.TestBean.getWriteOnlyPropertyValue()
org.apache.commons.beanutils.PropertyUtilsTestCase.testSetMappedValues()	org.apache.commons.beanutils.PropertyUtils.setNestedProperty(Object,String,Object)
org.apache.commons.beanutils.LazyDynaBean.set(String,String,Object)	org.apache.commons.beanutils.LazyDynaBean.get(String)
org.apache.commons.beanutils.BeanUtilsTestCase.testPopulateNested()	org.apache.commons.beanutils.BeanUtils.populate(Object,Map)
org.apache.commons.beanutils.locale.LocaleBeanUtilsBean.getSimpleProperty(Object,String,String)	org.apache.commons.beanutils.locale.LocaleConvertUtilsBean.convert(Object,String)
org.apache.commons.beanutils.DynaBeanUtilsTestCase.testGetGeneralProperty()	org.apache.commons.beanutils.DynaBean.get(String,int)
org.apache.commons.beanutils.BeanPropertyValueChangeClosureTest.testExecuteWithSimpleStringProperty()	org.apache.commons.beanutils.BeanPropertyValueChangeClosure.execute(Object)
org.apache.commons.beanutils.BeanToPropertyValueTransformerTest.testTransformWithSimpleStringPropertyAndNullValue()	org.apache.commons.beanutils.BeanToPropertyValueTransformer.transform(Object)
org.apache.commons.beanutils.BeanUtilsBenchCase.testCopyPropertiesBean()	org.apache.commons.beanutils.BeanUtilsBean.copyProperties(Object,Object)
org.apache.commons.beanutils.converters.URLConverterTestCase.testSimpleConversion()	org.apache.commons.beanutils.Converter.convert(Class,Object)
org.apache.commons.beanutils.MethodUtilsTestCase.testInvokeMethod()	org.apache.commons.beanutils.MethodUtils.invokeMethod(Object,String,Object[],Class[])
org.apache.commons.beanutils.LazyDynaBean.createProperty(String,Class)	org.apache.commons.beanutils.LazyDynaBean.createNumberProperty(String,Class)
org.apache.commons.beanutils.locale.LocaleBeanUtilsBean.getMappedPropertyLocale(Object,String,String)	org.apache.commons.beanutils.locale.LocaleConvertUtilsBean.convert(Object,String)
org.apache.commons.beanutils.ConstructorUtilsTestCase.testInvokeExactConstructor()	org.apache.commons.beanutils.ConstructorUtils.invokeExactConstructor(Class,Object)
org.apache.commons.beanutils.PropertyUtilsBean.setSimpleProperty(Object,String,Object)	org.apache.commons.beanutils.PropertyUtilsBean.getPropertyDescriptor(Object,String)
org.apache.commons.beanutils.ConstructorUtilsTestCase.testInvokeExactConstructorWithTypeArray()	org.apache.commons.beanutils.TestBean.isBooleanSecond()
org.apache.commons.beanutils.BeanUtilsTestCase.testSetPropertyNullValues()	org.apache.commons.beanutils.BeanUtils.setProperty(Object,String,Object)
org.apache.commons.beanutils.locale.BaseLocaleConverter.convert(Class,Object)	org.apache.commons.beanutils.locale.BaseLocaleConverter.convert(Class,Object,String)
org.apache.commons.beanutils.BasicDynaBeanTestCase.testGetSimpleShort()	org.apache.commons.beanutils.DynaBean.get(String)
org.apache.commons.beanutils.BeanUtilsTestCase.testPopulateArrayProperties()	org.apache.commons.beanutils.TestBean.getStringArray()
org.apache.commons.beanutils.locale.LocaleBeanificationTestCase.testBeanUtilsBeanSetInstance()	org.apache.commons.beanutils.locale.LocaleBeanUtilsBean.setInstance(LocaleBeanUtilsBean)
org.apache.commons.beanutils.PropertyUtilsBean.getPropertyDescriptor(Object,String)	org.apache.commons.collections.FastHashMap.setFast(boolean)
org.apache.commons.beanutils.LazyDynaMapTestCase.testIndexedPrimitiveArray()	org.apache.commons.beanutils.LazyDynaBean.set(String,int,Object)
org.apache.commons.beanutils.PropertyUtils.getPropertyDescriptors(Object)	org.apache.commons.beanutils.PropertyUtilsBean.getInstance()
org.apache.commons.beanutils.PropertyUtilsBean.clearDescriptors()	org.apache.commons.collections.FastHashMap.clear()
org.apache.commons.beanutils.MethodUtilsTestCase.testInvokeMethodWithPrimitives()	org.apache.commons.beanutils.PrimitiveBean.getDouble()
org.apache.commons.beanutils.locale.LocaleConvertUtilsBean.convert(String[],Class,String)	org.apache.commons.beanutils.locale.LocaleConvertUtilsBean.convert(String[],Class,Locale,String)
org.apache.commons.beanutils.locale.LocaleBeanUtilsBean.definePropertyType(Object,String,String)	org.apache.commons.beanutils.PropertyUtilsBean.getPropertyDescriptor(Object,String)
org.apache.commons.beanutils.BasicDynaBeanTestCase.testSerialization()	org.apache.commons.beanutils.BasicDynaBeanTestCase.testGetSimpleLong()
org.apache.commons.beanutils.locale.LocaleBeanUtilsBean.definePropertyType(Object,String,String)	org.apache.commons.beanutils.DynaProperty.getType()
org.apache.commons.beanutils.MethodUtilsTestCase.testSimpleStatic3()	org.apache.commons.beanutils.MethodUtils.getAccessibleMethod(Class,String,Class[])
org.apache.commons.beanutils.LazyDynaBeanTestCase.testMappedPropertyTreeMap()	org.apache.commons.beanutils.LazyDynaClass.add(String,Class)
org.apache.commons.beanutils.PropertyUtilsTestCase.testGetDescriptorInvalidBoolean()	org.apache.commons.beanutils.PropertyUtils.getPropertyDescriptor(Object,String)
org.apache.commons.beanutils.locale.LocaleConvertUtilsTestCase.fixmetestPositiveStringArray()	org.apache.commons.beanutils.locale.LocaleConvertUtilsTestCase.checkStringArray(Object,String[])
org.apache.commons.beanutils.DynaPropertyUtilsTestCase.testGetSimpleDouble()	org.apache.commons.beanutils.PropertyUtils.getSimpleProperty(Object,String)
org.apache.commons.beanutils.locale.LocaleConvertUtils.setDefaultLocale(Locale)	org.apache.commons.beanutils.locale.LocaleConvertUtilsBean.getInstance()
org.apache.commons.beanutils.DynaPropertyUtilsTestCase.testGetNestedBoolean()	org.apache.commons.beanutils.PropertyUtils.getNestedProperty(Object,String)
org.apache.commons.beanutils.LazyDynaBeanTestCase.testIndexedPropertyUtils()	org.apache.commons.beanutils.PropertyUtils.setProperty(Object,String,Object)
org.apache.commons.beanutils.ConvertUtilsBean.setDefaultShort(short)	org.apache.commons.beanutils.ConvertUtilsBean.register(Converter,Class)
org.apache.commons.beanutils.DynaBeanUtilsTestCase.testCopyPropertyNull()	org.apache.commons.beanutils.BeanUtils.copyProperty(Object,String,Object)
org.apache.commons.beanutils.LazyDynaBeanTestCase.testIndexedPropertyUtils()	org.apache.commons.beanutils.LazyDynaBean.get(String,int)
org.apache.commons.beanutils.ConvertUtils.getDefaultFloat()	org.apache.commons.beanutils.ConvertUtilsBean.getInstance()
org.apache.commons.beanutils.MethodUtilsTestCase.testGetAccessibleMethod()	org.apache.commons.beanutils.MethodUtils.getAccessibleMethod(Class,String,Class)
org.apache.commons.beanutils.TestBeanMap.testBeanMapClone()	org.apache.commons.beanutils.TestBeanMap.getSampleKeys()
org.apache.commons.beanutils.LazyDynaBean.get(String,int)	org.apache.commons.beanutils.LazyDynaBean.defaultIndexedProperty(String)
org.apache.commons.beanutils.PropertyUtilsTestCase.testGetSetInnerBean()	org.apache.commons.beanutils.PropertyUtils.getProperty(Object,String)
org.apache.commons.beanutils.BeanificationTestCase.testContextClassLoaderLocal()	org.apache.commons.beanutils.BeanificationTestCase.Signal.setSignal(int)
org.apache.commons.beanutils.WrapDynaBeanTestCase.testNewInstance()	org.apache.commons.beanutils.WrapDynaClass.newInstance()
org.apache.commons.beanutils.LazyDynaBeanTestCase.testIndexedPropertyRestricted()	org.apache.commons.beanutils.LazyDynaClass.setRestricted(boolean)
org.apache.commons.beanutils.LazyDynaMapTestCase.testIndexedObjectArray()	org.apache.commons.beanutils.LazyDynaBean.set(String,int,Object)
org.apache.commons.beanutils.DynaPropertyUtilsTestCase.testGetIndexedValues()	org.apache.commons.beanutils.PropertyUtils.getIndexedProperty(Object,String)
org.apache.commons.beanutils.locale.LocaleBeanificationTestCase.GetBeanUtilsBeanThread.run()	org.apache.commons.beanutils.locale.LocaleBeanificationTestCase.Signal.setConvertUtils(LocaleConvertUtilsBean)
org.apache.commons.collections.ReferenceMap.Entry.equals(Object)	org.apache.commons.collections.ReferenceMap.Entry.getValue()
org.apache.commons.beanutils.BeanMap.iterator()	org.apache.commons.beanutils.BeanMap.entryIterator()
org.apache.commons.beanutils.LazyDynaBean.set(String,int,Object)	org.apache.commons.beanutils.LazyDynaBean.growIndexedProperty(String,Object,int)
org.apache.commons.beanutils.LazyDynaClass.add(DynaProperty)	org.apache.commons.beanutils.BasicDynaClass.getDynaProperties()
org.apache.commons.beanutils.locale.converters.ByteLocaleConverterTestCase.tearDown()	org.apache.commons.beanutils.locale.converters.BaseLocaleConverterTestCase.tearDown()
org.apache.commons.beanutils.BeanUtilsBean.setProperty(Object,String,Object)	org.apache.commons.beanutils.PropertyUtilsBean.setMappedProperty(Object,String,String,Object)
org.apache.commons.beanutils.LazyDynaClass.add(DynaProperty)	org.apache.commons.beanutils.BasicDynaClass.setProperties(DynaProperty[])
org.apache.commons.beanutils.locale.converters.BigIntegerLocaleConverter.parse(Object,String)	org.apache.commons.beanutils.locale.converters.DecimalLocaleConverter.parse(Object,String)
org.apache.commons.beanutils.locale.LocaleConvertUtilsTestCase.fixmetestNegativeIntegerArray()	org.apache.commons.beanutils.locale.LocaleConvertUtils.convert(String,Class)
org.apache.commons.beanutils.PropertyUtilsTestCase.testGetMappedArguments()	org.apache.commons.beanutils.PropertyUtils.getMappedProperty(Object,String,String)
org.apache.commons.beanutils.locale.LocaleBeanUtils.getIndexedProperty(Object,String)	org.apache.commons.beanutils.locale.LocaleBeanUtilsBean.getLocaleBeanUtilsInstance()
org.apache.commons.beanutils.DynaBeanUtilsTestCase.testPopulateNested()	org.apache.commons.beanutils.TestBean.getBooleanProperty()
org.apache.commons.beanutils.LazyDynaBean.get(String,String)	org.apache.commons.beanutils.DynaProperty.isMapped()
org.apache.commons.beanutils.BeanUtilsTestCase.testPopulateArrayProperties()	org.apache.commons.beanutils.BeanUtils.populate(Object,Map)
org.apache.commons.beanutils.PropertyUtilsTestCase.testCopyPropertiesMap()	org.apache.commons.beanutils.TestBean.getShortProperty()
org.apache.commons.beanutils.ConvertUtilsTestCase.testNegativeScalar()	org.apache.commons.beanutils.ConvertUtils.convert(String,Class)
org.apache.commons.beanutils.PropertyUtilsBean.getPropertyType(Object,String)	org.apache.commons.beanutils.DynaClass.getDynaProperty(String)
org.apache.commons.beanutils.WrapDynaBean.get(String,String)	org.apache.commons.beanutils.PropertyUtils.getMappedProperty(Object,String,String)
org.apache.commons.beanutils.ConstructorUtilsTestCase.testInvokeConstructorWithTypeArray()	org.apache.commons.beanutils.TestBean.getBooleanProperty()
org.apache.commons.beanutils.BeanificationTestCase.testGetByContextClassLoader()	org.apache.commons.beanutils.BeanificationTestCase.Signal.getSignal()
org.apache.commons.beanutils.PropertyUtilsBean.setSimpleProperty(Object,String,Object)	org.apache.commons.beanutils.PropertyUtilsBean.invokeMethod(Method,Object,Object[])
org.apache.commons.beanutils.BeanMap.reinitialise()	org.apache.commons.beanutils.BeanMap.initialise()
org.apache.commons.beanutils.PropertyUtilsBenchCase.setUp()	org.apache.commons.beanutils.BenchBean.getShortProperty()
org.apache.commons.beanutils.BeanPropertyValueChangeClosureTest.testExecuteWithSimpleDoublePropertyAndIntegerValue()	org.apache.commons.beanutils.TestBean.getDoubleProperty()
org.apache.commons.beanutils.DynaResultSetTestCase.testGetDynaProperties()	org.apache.commons.beanutils.JDBCDynaClass.getDynaProperties()
org.apache.commons.beanutils.PropertyUtilsTestCase.testSetNestedLong()	org.apache.commons.beanutils.TestBean.getNested()
org.apache.commons.beanutils.BeanUtilsTestCase.testCopyPropertiesDynaBean()	org.apache.commons.beanutils.TestBean.getIntProperty()
org.apache.commons.beanutils.LazyDynaBeanTestCase.testMappedPropertyUtils()	org.apache.commons.beanutils.LazyDynaBean.get(String,String)
org.apache.commons.beanutils.PropertyUtilsTestCase.testCopyPropertiesMap()	org.apache.commons.beanutils.TestBean.getBooleanProperty()
org.apache.commons.beanutils.locale.LocaleBeanificationTestCase.CCLLTesterThread.run()	org.apache.commons.beanutils.locale.LocaleBeanificationTestCase.Signal.setMarkerObject(Object)
org.apache.commons.beanutils.LazyDynaBeanTestCase.testIndexedPrimitiveArray()	org.apache.commons.beanutils.LazyDynaBean.set(String,int,Object)
org.apache.commons.collections.ReferenceMap.Entry.setValue(Object)	org.apache.commons.collections.ReferenceMap.Entry.getValue()
org.apache.commons.beanutils.PropertyUtilsTestCase.testSetMapExtension()	org.apache.commons.beanutils.PropertyUtils.setProperty(Object,String,Object)
org.apache.commons.collections.FastHashMap.CollectionView.removeAll(Collection)	org.apache.commons.collections.FastHashMap.CollectionView.get(Map)
org.apache.commons.beanutils.LazyDynaBean.createProperty(String,Class)	org.apache.commons.beanutils.LazyDynaBean.createOtherProperty(String,Class)
org.apache.commons.beanutils.PropertyUtils.getPropertyDescriptors(Object)	org.apache.commons.beanutils.PropertyUtilsBean.getPropertyDescriptors(Object)
org.apache.commons.beanutils.BeanUtilsTestCase.testSetPropertyNull()	org.apache.commons.beanutils.TestBean.getNullProperty()
org.apache.commons.collections.FastHashMap.clone()	org.apache.commons.collections.FastHashMap.setFast(boolean)
org.apache.commons.beanutils.converters.FloatArrayConverter.convert(Class,Object)	org.apache.commons.beanutils.converters.AbstractArrayConverter.parseElements(String)
org.apache.commons.beanutils.BeanToPropertyValueTransformerTest.testTransformWithInvalidProperty()	org.apache.commons.beanutils.BeanToPropertyValueTransformer.transform(Object)
org.apache.commons.beanutils.PropertyUtilsTestCase.testGetNestedInt()	org.apache.commons.beanutils.TestBean.getNested()
org.apache.commons.beanutils.BeanUtils.getSimpleProperty(Object,String)	org.apache.commons.beanutils.BeanUtilsBean.getInstance()
org.apache.commons.beanutils.locale.LocaleBeanUtilsBean.getIndexedProperty(Object,String,String)	org.apache.commons.beanutils.BeanUtilsBean.getPropertyUtils()
org.apache.commons.beanutils.PropertyUtils.getPropertyType(Object,String)	org.apache.commons.beanutils.PropertyUtilsBean.getPropertyType(Object,String)
org.apache.commons.beanutils.PropertyUtilsTestCase.testGetMappedSlashes()	org.apache.commons.beanutils.TestBean.getMappedObjects(String)
org.apache.commons.beanutils.PropertyUtilsTestCase.testGetSetParentBean()	org.apache.commons.beanutils.PropertyUtils.getProperty(Object,String)
org.apache.commons.collections.ReferenceMap.keySet()	org.apache.commons.collections.ReferenceMap.toArray(Object[])
org.apache.commons.beanutils.BasicDynaBeanTestCase.testGetSimpleBoolean()	org.apache.commons.beanutils.DynaBean.get(String)
org.apache.commons.beanutils.LazyDynaMapTestCase.setUp()	org.apache.commons.beanutils.LazyDynaMap.setReturnNull(boolean)
org.apache.commons.beanutils.BeanPropertyValueChangeClosureTest.testExecuteWithNestedProperty()	org.apache.commons.beanutils.TestBean.getNested()
org.apache.commons.beanutils.BasicDynaBean.set(String,Object)	org.apache.commons.beanutils.DynaProperty.getType()
org.apache.commons.beanutils.LazyDynaMapTestCase.testMappedPropertyDefault()	org.apache.commons.beanutils.LazyDynaBean.get(String,String)
org.apache.commons.beanutils.BeanUtils.getNestedProperty(Object,String)	org.apache.commons.beanutils.BeanUtilsBean.getInstance()
org.apache.commons.beanutils.BasicDynaBean.getDynaProperty(String)	org.apache.commons.beanutils.DynaClass.getDynaProperty(String)
org.apache.commons.collections.FastHashMap.CollectionView.hashCode()	org.apache.commons.collections.FastHashMap.CollectionView.get(Map)
org.apache.commons.beanutils.DynaResultSetTestCase.testIteratorResults()	org.apache.commons.beanutils.ResultSetDynaClass.iterator()
org.apache.commons.beanutils.PropertyUtilsTestCase.testSetMappedValues()	org.apache.commons.beanutils.PropertyUtils.getNestedProperty(Object,String)
org.apache.commons.beanutils.BeanUtilsBean.describe(Object)	org.apache.commons.beanutils.DynaBean.getDynaClass()
org.apache.commons.beanutils.locale.LocaleConvertUtilsBean.convert(String,Class,String)	org.apache.commons.beanutils.locale.LocaleConvertUtilsBean.convert(String,Class,Locale,String)
org.apache.commons.beanutils.PropertyUtilsTestCase.testGetNestedInt()	org.apache.commons.beanutils.TestBean.getIntProperty()
org.apache.commons.beanutils.BeanUtilsTestCase.testCopyPropertiesStandard()	org.apache.commons.beanutils.TestBean.getBooleanProperty()
org.apache.commons.beanutils.BeanPropertyValueEqualsPredicateTest.testEvaluateWithMappedProperty()	org.apache.commons.beanutils.TestBean.setMappedProperty(String,String)
org.apache.commons.beanutils.locale.BaseLocaleConverter.convert(Object)	org.apache.commons.beanutils.locale.BaseLocaleConverter.convert(Object,String)
org.apache.commons.beanutils.ResultSetIterator.advance()	org.apache.commons.beanutils.ResultSetDynaClass.getResultSet()
org.apache.commons.beanutils.locale.LocaleBeanificationTestCase.setUp()	org.apache.commons.beanutils.locale.LocaleConvertUtils.deregister()
org.apache.commons.beanutils.BeanComparatorTestCase.testSetProperty()	org.apache.commons.beanutils.BeanComparator.setProperty(String)
org.apache.commons.beanutils.DynaPropertyUtilsTestCase.testSetSimpleFloat()	org.apache.commons.beanutils.DynaBean.get(String)
org.apache.commons.beanutils.DynaBeanUtilsTestCase.testSetPropertyOnPrimitiveWrappers()	org.apache.commons.beanutils.DynaBean.get(String)
org.apache.commons.beanutils.DynaBeanUtilsTestCase.testPopulateArrayProperties()	org.apache.commons.beanutils.BeanUtils.populate(Object,Map)
org.apache.commons.beanutils.BasicDynaBeanTestCase.testSerialization()	org.apache.commons.beanutils.BasicDynaBeanTestCase.testGetDescriptorBoolean()
org.apache.commons.beanutils.BeanToPropertyValueTransformerTest.testTransformWithSimpleBooleanProperty()	org.apache.commons.beanutils.BeanToPropertyValueTransformer.transform(Object)
org.apache.commons.beanutils.DynaPropertyUtilsTestCase.testSetMappedArguments()	org.apache.commons.beanutils.PropertyUtils.setMappedProperty(Object,String,Object)
org.apache.commons.beanutils.DynaPropertyUtilsTestCase.testGetNestedShort()	org.apache.commons.beanutils.PropertyUtils.getNestedProperty(Object,String)
org.apache.commons.beanutils.locale.LocaleBeanUtilsBean.definePropertyType(Object,String,String)	org.apache.commons.beanutils.DynaBean.getDynaClass()
org.apache.commons.beanutils.BeanUtilsBean.getMappedProperty(Object,String)	org.apache.commons.beanutils.BeanUtilsBean.getPropertyUtils()
org.apache.commons.beanutils.locale.LocaleBeanUtils.getIndexedProperty(Object,String)	org.apache.commons.beanutils.locale.LocaleBeanUtilsBean.getIndexedProperty(Object,String)
org.apache.commons.beanutils.locale.LocaleBeanUtilsBean.getMappedProperty(Object,String,String,String)	org.apache.commons.beanutils.locale.LocaleConvertUtilsBean.convert(Object,String)
org.apache.commons.beanutils.LazyDynaBean.set(String,int,Object)	org.apache.commons.beanutils.DynaProperty.getType()
org.apache.commons.beanutils.BeanUtilsTestCase.testCopyPropertiesMap()	org.apache.commons.beanutils.TestBean.getIntProperty()
org.apache.commons.beanutils.ConstructorUtilsTestCase.testGetAccessibleConstructor()	org.apache.commons.beanutils.ConstructorUtils.getAccessibleConstructor(Class,Class)
org.apache.commons.beanutils.LazyDynaClassTestCase.testGetPropertyDoesntExist1()	org.apache.commons.beanutils.LazyDynaClass.isDynaProperty(String)
org.apache.commons.beanutils.locale.LocaleConvertUtils.deregister()	org.apache.commons.beanutils.locale.LocaleConvertUtilsBean.deregister()
org.apache.commons.beanutils.BeanUtilsTestCase.testCopyPropertiesStandard()	org.apache.commons.beanutils.TestBean.getByteProperty()
org.apache.commons.beanutils.BeanUtilsTestCase.testCopyPropertiesDynaBean()	org.apache.commons.beanutils.DynaBeanUtilsTestCase.createDynaClass()
org.apache.commons.beanutils.BeanificationTestCase.testMemoryLeak()	org.apache.commons.beanutils.ConvertUtilsBean.getInstance()
org.apache.commons.beanutils.BeanUtilsTestCase.testCopyPropertyShort()	org.apache.commons.beanutils.TestBean.getShortProperty()
org.apache.commons.beanutils.LazyDynaClassTestCase.testRemovePropertyDoesntExist()	org.apache.commons.beanutils.LazyDynaClass.remove(String)
org.apache.commons.beanutils.BeanPropertyValueEqualsPredicateTest.testEvaluateWithIndexedProperty()	org.apache.commons.beanutils.BeanPropertyValueEqualsPredicate.evaluate(Object)
org.apache.commons.beanutils.LazyDynaMapTestCase.testIndexedDynaBeanArray()	org.apache.commons.beanutils.DynaProperty.getType()
org.apache.commons.beanutils.DynaPropertyUtilsTestCase.testDescribe()	org.apache.commons.beanutils.PropertyUtils.describe(Object)
org.apache.commons.collections.ReferenceMap.containsKey(Object)	org.apache.commons.collections.ReferenceMap.purge()
org.apache.commons.beanutils.locale.LocaleConvertUtilsBean.convert(Object,Locale,String)	org.apache.commons.beanutils.locale.LocaleConvertUtilsBean.lookup(Class,Locale)
org.apache.commons.beanutils.DynaBeanUtilsTestCase.testGetNestedProperty()	org.apache.commons.beanutils.BeanUtils.getNestedProperty(Object,String)
org.apache.commons.beanutils.DynaBeanUtilsTestCase.testSetPropertyNull()	org.apache.commons.beanutils.DynaBean.set(String,Object)
org.apache.commons.beanutils.BeanUtilsTestCase.testCopyPropertyShort()	org.apache.commons.beanutils.BeanUtils.copyProperty(Object,String,Object)
org.apache.commons.collections.ReferenceMap.EntryIterator.hasNext()	org.apache.commons.collections.ReferenceMap.Entry.getValue()
org.apache.commons.beanutils.BeanToPropertyValueTransformerTest.testTransformWithSimpleLongProperty()	org.apache.commons.beanutils.TestBean.setLongProperty(long)
org.apache.commons.beanutils.PropertyUtilsBean.isWriteable(Object,String)	org.apache.commons.beanutils.PropertyUtilsBean.getPropertyDescriptor(Object,String)
org.apache.commons.beanutils.DynaBeanUtilsTestCase.testGetIndexedProperty1()	org.apache.commons.beanutils.BeanUtils.getIndexedProperty(Object,String)
org.apache.commons.beanutils.DynaBeanUtilsTestCase.testCopyPropertyNestedMappedMap()	org.apache.commons.beanutils.DynaBean.get(String)
org.apache.commons.beanutils.locale.LocaleBeanificationTestCase.CCLLTesterThread.run()	org.apache.commons.beanutils.locale.LocaleBeanificationTestCase.Signal.setSignal(int)
org.apache.commons.beanutils.LazyDynaMapTestCase.testGeneral()	org.apache.commons.beanutils.LazyDynaMap.getName()
org.apache.commons.beanutils.MethodUtilsTestCase.testGetAccessibleMethod()	org.apache.commons.beanutils.priv.PrivateBeanFactory.create()
org.apache.commons.beanutils.BasicDynaBeanTestCase.testSerialization()	org.apache.commons.beanutils.BasicDynaBeanTestCase.testMappedContains()
org.apache.commons.beanutils.BeanUtilsTestCase.testSetPropertyNullValues()	org.apache.commons.beanutils.PropertyUtils.getSimpleProperty(Object,String)
org.apache.commons.beanutils.locale.LocaleBeanificationTestCase.testContextClassloaderIndependence()	org.apache.commons.beanutils.PrimitiveBean.getInt()
org.apache.commons.beanutils.DynaBeanUtilsTestCase.testSetPropertyNullValues()	org.apache.commons.beanutils.PropertyUtils.setProperty(Object,String,Object)
org.apache.commons.beanutils.ConvertUtilsTestCase.testSeparateConvertInstances()	org.apache.commons.beanutils.ConvertUtilsBean.convert(String,Class)
org.apache.commons.beanutils.BeanificationTestCase.testBeanUtilsBeanSetInstance()	org.apache.commons.beanutils.BeanUtilsBean.setInstance(BeanUtilsBean)
org.apache.commons.beanutils.BeanUtilsBean.setProperty(Object,String,Object)	org.apache.commons.beanutils.BeanUtilsBean.getPropertyUtils()
org.apache.commons.beanutils.PropertyUtilsTestCase.testGetNestedShort()	org.apache.commons.beanutils.PropertyUtils.getNestedProperty(Object,String)
org.apache.commons.beanutils.PropertyUtils.getMappedPropertyDescriptors(Class)	org.apache.commons.beanutils.PropertyUtilsBean.getInstance()
org.apache.commons.beanutils.BeanUtils.getNestedProperty(Object,String)	org.apache.commons.beanutils.BeanUtilsBean.getNestedProperty(Object,String)
org.apache.commons.beanutils.ConvertUtilsTestCase.testNegativeStringArray()	org.apache.commons.beanutils.ConvertUtilsTestCase.checkStringArray(Object,String[])
org.apache.commons.beanutils.LazyDynaMapTestCase.testIndexedDynaBeanArray()	org.apache.commons.beanutils.LazyDynaBean.get(String,int)
org.apache.commons.beanutils.BasicDynaBeanTestCase.testSerialization()	org.apache.commons.beanutils.BasicDynaBeanTestCase.testGetSimpleBoolean()
org.apache.commons.beanutils.BeanUtilsBenchCase.setUp()	org.apache.commons.beanutils.BenchBean.getLongProperty()
org.apache.commons.beanutils.PropertyUtilsTestCase.testGetNestedLong()	org.apache.commons.beanutils.PropertyUtils.getNestedProperty(Object,String)
org.apache.commons.beanutils.PropertyUtilsTestCase.testSetSimpleNested()	org.apache.commons.beanutils.PropertyUtils.setSimpleProperty(Object,String,Object)
org.apache.commons.beanutils.BeanUtilsTestCase.testSetPropertyByte()	org.apache.commons.beanutils.BeanUtils.setProperty(Object,String,Object)
org.apache.commons.beanutils.LazyDynaMapTestCase.testIndexedPropertyDefault()	org.apache.commons.beanutils.LazyDynaBean.get(String)
org.apache.commons.beanutils.DynaBeanUtilsTestCase.testPopulateArrayProperties()	org.apache.commons.beanutils.DynaBean.get(String)
org.apache.commons.beanutils.locale.converters.BaseLocaleConverterTestCase.convertNull(BaseLocaleConverter,Object)	org.apache.commons.beanutils.locale.converters.BaseLocaleConverterTestCase.convertNull(BaseLocaleConverter,String,Object)
org.apache.commons.beanutils.locale.BaseLocaleConverter.convert(Object,String)	org.apache.commons.beanutils.locale.BaseLocaleConverter.convert(Class,Object,String)
org.apache.commons.beanutils.PropertyUtils.getMappedPropertyDescriptors(Object)	org.apache.commons.beanutils.PropertyUtilsBean.getInstance()
org.apache.commons.beanutils.BeanPropertyValueChangeClosureTest.testExecuteWithSimpleFloatPropertyAndFloatValue()	org.apache.commons.beanutils.TestBean.getFloatProperty()
org.apache.commons.beanutils.PropertyUtilsBean.describe(Object)	org.apache.commons.beanutils.DynaClass.getDynaProperties()
org.apache.commons.beanutils.LazyDynaBean.set(String,Object)	org.apache.commons.beanutils.MutableDynaClass.add(String)
org.apache.commons.beanutils.MappedPropertyDescriptor.internalFindMethod(Class,String,int,Class[])	org.apache.commons.beanutils.MappedPropertyDescriptor.internalFindMethod(Class,String,int)
org.apache.commons.beanutils.PropertyUtilsTestCase.testSetNestedString()	org.apache.commons.beanutils.TestBean.getNested()
org.apache.commons.beanutils.MethodUtils.getMatchingAccessibleMethod(Class,String,Class[])	org.apache.commons.beanutils.MethodUtils.getAccessibleMethod(Method)
org.apache.commons.beanutils.converters.DoubleConverterTestCase.testSimpleConversion()	org.apache.commons.beanutils.Converter.convert(Class,Object)
org.apache.commons.beanutils.locale.LocaleBeanUtils.setProperty(Object,String,Object)	org.apache.commons.beanutils.locale.LocaleBeanUtilsBean.setProperty(Object,String,Object)
org.apache.commons.beanutils.BeanUtilsTestCase.testCopyPropertiesStandard()	org.apache.commons.beanutils.TestBean.getDupProperty()
org.apache.commons.beanutils.PropertyUtilsTestCase.testGetDescriptorWriteOnly()	org.apache.commons.beanutils.PropertyUtilsTestCase.testGetDescriptorBase(String,String,String)
org.apache.commons.beanutils.locale.LocaleBeanUtilsBean.setProperty(Object,String,Object,String)	org.apache.commons.beanutils.locale.LocaleBeanUtilsBean.Descriptor.getKey()
org.apache.commons.beanutils.PropertyUtilsBean.copyProperties(Object,Object)	org.apache.commons.beanutils.DynaBean.getDynaClass()
org.apache.commons.beanutils.BeanUtilsBean.copyProperty(Object,String,Object)	org.apache.commons.beanutils.DynaClass.getDynaProperty(String)
org.apache.commons.beanutils.DynaBeanUtilsTestCase.testPopulateNested()	org.apache.commons.beanutils.TestBean.getShortProperty()
