Caller	Callee
org.apache.commons.jxpath.ri.parser.XPathParser.jj_3R_90()	org.apache.commons.jxpath.ri.parser.XPathParser.jj_3R_102()
org.apache.commons.jxpath.ri.compiler.CoreFunction.functionContains(EvalContext)	org.apache.commons.jxpath.ri.compiler.CoreFunction.getArg1()
org.apache.commons.jxpath.ri.axes.SimplePathInterpreter.computeQuality(NodePointer)	org.apache.commons.jxpath.ri.model.NodePointer.isActual()
org.apache.commons.jxpath.ri.compiler.CoreFunctionTest.Anonymous-8640cdd1-3395-4d45-bcb1-89bf59a92349.getPointers()	org.apache.commons.jxpath.ri.model.NodePointer.newNodePointer(QName,Object,Locale)
org.apache.commons.jxpath.ri.axes.SimplePathInterpreter.doStepPredicatesStandard(EvalContext,NodePointer,Step[],int)	org.apache.commons.jxpath.ri.axes.SimplePathInterpreter.getNodeIterator(EvalContext,NodePointer,Step)
org.apache.commons.jxpath.ri.parser.XPathParser.jj_3_3()	org.apache.commons.jxpath.ri.parser.XPathParser.jj_3R_17()
org.apache.commons.jxpath.ri.JXPathContextReferenceImpl.getVariablePointer(QName)	org.apache.commons.jxpath.ri.model.NodePointer.newNodePointer(QName,Object,Locale)
org.apache.commons.jxpath.ri.axes.PredicateContext.setPosition(int)	org.apache.commons.jxpath.ri.model.beans.PropertyPointer.getLength()
org.apache.commons.jxpath.ri.axes.SimplePathInterpreter.doStepNoPredicatesPropertyOwner(EvalContext,PropertyOwnerPointer,Step[],int)	org.apache.commons.jxpath.ri.axes.SimplePathInterpreter.createChildPointerForStep(PropertyOwnerPointer,Step)
org.apache.commons.jxpath.ri.model.EmptyCollectionTest.testEmptyChildArray()	org.apache.commons.jxpath.JXPathContext.newContext(Object)
org.apache.commons.jxpath.ri.model.jdom.JDOMNodePointer.testNode(NodeTest)	org.apache.commons.jxpath.ri.model.jdom.JDOMNodePointer.testNode(NodePointer,Object,NodeTest)
org.apache.commons.jxpath.ri.parser.XPathParser.FunctionName()	org.apache.commons.jxpath.ri.parser.XPathParser.QName_Without_CoreFunctions()
org.apache.commons.jxpath.ri.compiler.CoreFunction.functionCount(EvalContext)	org.apache.commons.jxpath.ri.compiler.CoreFunction.getArg1()
org.apache.commons.jxpath.ri.parser.XPathParserTokenManager.jjMoveStringLiteralDfa5_0(long,long,long,long)	org.apache.commons.jxpath.ri.parser.XPathParserTokenManager.jjStartNfa_0(int,long,long)
org.apache.commons.jxpath.ri.model.NodePointer.getValuePointer()	org.apache.commons.jxpath.ri.model.NodePointer.getValuePointer()
org.apache.commons.jxpath.ri.model.dynamic.DynamicPropertyPointer.getPropertyIndex()	org.apache.commons.jxpath.ri.model.dynamic.DynamicPropertyPointer.getPropertyNames()
org.apache.commons.jxpath.ri.parser.XPathParser.jj_3R_15()	org.apache.commons.jxpath.ri.parser.XPathParser.jj_scan_token(int)
org.apache.commons.jxpath.ri.parser.XPathParser.jj_3R_79()	org.apache.commons.jxpath.ri.parser.XPathParser.jj_3R_87()
org.apache.commons.jxpath.ri.compiler.CoreOperationMod.computeValue(EvalContext)	org.apache.commons.jxpath.ri.compiler.Expression.computeValue(EvalContext)
org.apache.commons.jxpath.BasicNodeSetTest.nudge()	org.apache.commons.jxpath.BasicNodeSet.getNodes()
org.apache.commons.jxpath.ri.parser.XPathParser.jj_3R_84()	org.apache.commons.jxpath.ri.parser.XPathParser.jj_scan_token(int)
org.apache.commons.jxpath.JXPathContextFactory.newInstance()	org.apache.commons.jxpath.util.ClassLoaderUtil.getClass(String,boolean)
org.apache.commons.jxpath.ri.parser.XPathParser.MultiplicativeExpr()	org.apache.commons.jxpath.ri.parser.XPathParser.UnaryExpr()
org.apache.commons.jxpath.ri.model.beans.NullPointer.createPath(JXPathContext)	org.apache.commons.jxpath.ri.model.NodePointer.createPath(JXPathContext)
org.apache.commons.jxpath.ri.parser.XPathParserTokenManager.jjMoveStringLiteralDfa8_0(long,long,long,long)	org.apache.commons.jxpath.ri.parser.SimpleCharStream.readChar()
org.apache.commons.jxpath.ri.parser.XPathParser.jj_3R_85()	org.apache.commons.jxpath.ri.parser.XPathParser.jj_3R_15()
org.apache.commons.jxpath.ri.parser.XPathParserTokenManager.jjMoveStringLiteralDfa20_0(long,long)	org.apache.commons.jxpath.ri.parser.XPathParserTokenManager.jjMoveStringLiteralDfa21_0(long,long)
org.apache.commons.jxpath.ri.EvalContext.toString()	org.apache.commons.jxpath.ri.EvalContext.getPosition()
org.apache.commons.jxpath.ri.JXPathCompiledExpression.iterate(JXPathContext)	org.apache.commons.jxpath.ri.JXPathContextReferenceImpl.iterate(String,Expression)
org.apache.commons.jxpath.ri.model.NodePointer.asPath()	org.apache.commons.jxpath.ri.model.NodePointer.isCollection()
org.apache.commons.jxpath.ri.compiler.CoreFunction.functionLang(EvalContext)	org.apache.commons.jxpath.ri.EvalContext.getSingleNodePointer()
org.apache.commons.jxpath.ri.model.VariablePointer.createChild(JXPathContext,QName,int)	org.apache.commons.jxpath.AbstractFactory.createObject(JXPathContext,Pointer,Object,String,int)
org.apache.commons.jxpath.ri.parser.XPathParser.PrimaryExpr()	org.apache.commons.jxpath.ri.parser.XPathParser.jj_2_5(int)
org.apache.commons.jxpath.ri.model.TestMixedModelFactory.createObject(JXPathContext,Pointer,Object,String,int)	org.apache.commons.jxpath.TestBean.getBeans()
org.apache.commons.jxpath.ri.compiler.TreeCompiler.isNameAttributeTest(Expression)	org.apache.commons.jxpath.ri.compiler.NodeNameTest.getNodeName()
org.apache.commons.jxpath.ri.model.NodePointer.compareNodePointers(NodePointer,int,NodePointer,int)	org.apache.commons.jxpath.ri.model.NodePointer.safeEquals(Object,Object)
org.apache.commons.jxpath.ri.parser.XPathParserTokenManager.jjMoveStringLiteralDfa17_0(long,long)	org.apache.commons.jxpath.ri.parser.XPathParserTokenManager.jjStopAtPos(int,int)
org.apache.commons.jxpath.ri.compiler.CoreFunction.functionStartsWith(EvalContext)	org.apache.commons.jxpath.ri.compiler.CoreFunction.getArg2()
org.apache.commons.jxpath.ri.model.beans.BeanPropertyPointer.getPropertyDescriptor()	org.apache.commons.jxpath.ri.model.beans.BeanPropertyPointer.getPropertyDescriptors()
org.apache.commons.jxpath.ri.JXPathContextReferenceImpl.iteratePointers(String,Expression)	org.apache.commons.jxpath.ri.compiler.Expression.iteratePointers(EvalContext)
org.apache.commons.jxpath.servlet.JXPathServletContextTest.testPageContext()	org.apache.commons.jxpath.JXPathContext.setValue(String,Object)
org.apache.commons.jxpath.servlet.HttpSessionHandler.getProperty(Object,String)	org.apache.commons.jxpath.servlet.HttpSessionAndServletContext.getSession()
org.apache.commons.jxpath.ri.compiler.CoreFunction.computeValue(EvalContext)	org.apache.commons.jxpath.ri.compiler.CoreFunction.functionEndsWith(EvalContext)
org.apache.commons.jxpath.ri.compiler.LocationPath.compute(EvalContext)	org.apache.commons.jxpath.ri.compiler.Path.evalSteps(EvalContext)
org.apache.commons.jxpath.ri.model.beans.CollectionPointer.getImmediateNode()	org.apache.commons.jxpath.util.ValueUtils.getValue(Object)
org.apache.commons.jxpath.ri.compiler.CoreFunction.functionKey(EvalContext)	org.apache.commons.jxpath.ri.model.NodePointer.getValue()
org.apache.commons.jxpath.ri.axes.SimplePathInterpreter.indexFromPredicate(EvalContext,Expression)	org.apache.commons.jxpath.ri.EvalContext.getSingleNodePointer()
org.apache.commons.jxpath.ri.model.dynabeans.DynaBeanPropertyPointer.getImmediateNode()	org.apache.commons.jxpath.util.ValueUtils.isCollection(Object)
org.apache.commons.jxpath.ri.parser.XPathParserTokenManager.jjMoveStringLiteralDfa12_0(long,long,long,long)	org.apache.commons.jxpath.ri.parser.XPathParserTokenManager.jjStartNfa_0(int,long,long)
org.apache.commons.jxpath.ri.compiler.CoreFunction.functionLocalName(EvalContext)	org.apache.commons.jxpath.ri.compiler.CoreFunction.getArg1()
org.apache.commons.jxpath.ri.compiler.CoreFunction.functionLang(EvalContext)	org.apache.commons.jxpath.ri.model.NodePointer.isLanguage(String)
org.apache.commons.jxpath.ri.parser.XPathParserTokenManager.jjMoveStringLiteralDfa11_0(long,long,long,long)	org.apache.commons.jxpath.ri.parser.XPathParserTokenManager.jjStopStringLiteralDfa_0(int,long,long)
org.apache.commons.jxpath.ri.compiler.ExtensionFunctionTest.testCollectionMethodCall()	org.apache.commons.jxpath.JXPathContext.getVariables()
org.apache.commons.jxpath.ri.compiler.CoreFunction.computeValue(EvalContext)	org.apache.commons.jxpath.ri.compiler.CoreFunction.functionSubstring(EvalContext)
org.apache.commons.jxpath.ri.model.NodePointer.getAbstractFactory(JXPathContext)	org.apache.commons.jxpath.ri.model.NodePointer.asPath()
org.apache.commons.jxpath.ri.model.dynamic.DynamicPropertiesModelTest.testCreatePathAndSetValueCollectionElement()	org.apache.commons.jxpath.TestBean.setMap(Map)
org.apache.commons.jxpath.util.ValueUtils.setValue(Object,PropertyDescriptor,int,Object)	org.apache.commons.jxpath.util.ValueUtils.getValue(Object,PropertyDescriptor)
org.apache.commons.jxpath.ri.parser.XPathParser.jj_3R_111()	org.apache.commons.jxpath.ri.parser.XPathParser.jj_scan_token(int)
org.apache.commons.jxpath.ri.model.MixedModelTest.testCollectionPointer()	org.apache.commons.jxpath.JXPathContext.getValue(String)
org.apache.commons.jxpath.ri.parser.XPathParser.jj_3R_22()	org.apache.commons.jxpath.ri.parser.XPathParser.jj_3R_66()
org.apache.commons.jxpath.ri.model.jdom.JDOMAttributePointer.setValue(Object)	org.apache.commons.jxpath.util.TypeUtils.convert(Object,Class)
org.apache.commons.jxpath.ri.compiler.TestFunctions.path(ExpressionContext)	org.apache.commons.jxpath.Pointer.asPath()
org.apache.commons.jxpath.ri.model.VariablePointer.createChild(JXPathContext,QName,int)	org.apache.commons.jxpath.ri.model.VariablePointer.createCollection(JXPathContext,int)
org.apache.commons.jxpath.ri.model.jdom.JDOMModelTest.testGetElementDescendantOrSelf()	org.apache.commons.jxpath.JXPathContext.getRelativeContext(Pointer)
org.apache.commons.jxpath.util.BasicTypeConverterTest.testNodeSetToInteger()	org.apache.commons.jxpath.util.BasicTypeConverterTest.assertConversion(Object,Class,Object)
org.apache.commons.jxpath.ri.parser.XPathParser.PrimaryExpr()	org.apache.commons.jxpath.ri.parser.XPathParser.FunctionCall()
org.apache.commons.jxpath.JXPathTestCase.assertXPathValueType(JXPathContext,String,Class)	org.apache.commons.jxpath.JXPathContext.setLenient(boolean)
org.apache.commons.jxpath.ri.compiler.CoreFunction.functionTranslate(EvalContext)	org.apache.commons.jxpath.ri.compiler.CoreFunction.assertArgCount(int)
org.apache.commons.jxpath.ri.parser.XPathParser.jj_3R_27()	org.apache.commons.jxpath.ri.parser.XPathParser.jj_scan_token(int)
org.apache.commons.jxpath.ri.axes.SimplePathInterpreter.doPredicateName(EvalContext,NodePointer,Step[],int,Expression[],int)	org.apache.commons.jxpath.ri.model.NodePointer.clone()
org.apache.commons.jxpath.ri.parser.XPathParser.QName_Without_CoreFunctions()	org.apache.commons.jxpath.ri.parser.XPathParser.jj_consume_token(int)
org.apache.commons.jxpath.ri.model.XMLModelTestCase.testNamespaceMapping()	org.apache.commons.jxpath.JXPathContext.registerNamespace(String,String)
org.apache.commons.jxpath.ri.compiler.CoreFunction.functionKey(EvalContext)	org.apache.commons.jxpath.ri.compiler.Expression.compute(EvalContext)
org.apache.commons.jxpath.ri.axes.PrecedingOrFollowingContext.nextNode()	org.apache.commons.jxpath.ri.model.NodePointer.childIterator(NodeTest,boolean,NodePointer)
org.apache.commons.jxpath.ri.axes.UnionContext.setPosition(int)	org.apache.commons.jxpath.ri.EvalContext.sortPointers(List)
org.apache.commons.jxpath.ri.compiler.VariableTest.testCreatePathExpandCollection()	org.apache.commons.jxpath.Variables.declareVariable(String,Object)
org.apache.commons.jxpath.ri.axes.PredicateContext.reset()	org.apache.commons.jxpath.ri.EvalContext.reset()
org.apache.commons.jxpath.ri.model.VariablePointer.createChild(JXPathContext,QName,int,Object)	org.apache.commons.jxpath.ri.model.VariablePointer.createCollection(JXPathContext,int)
org.apache.commons.jxpath.xml.DocumentContainer.parseXML(InputStream)	org.apache.commons.jxpath.xml.XMLParser2.isIgnoringComments()
org.apache.commons.jxpath.ri.parser.XPathParser.jj_3R_60()	org.apache.commons.jxpath.ri.parser.XPathParser.jj_scan_token(int)
org.apache.commons.jxpath.ri.model.beans.BeanPropertyPointer.getPropertyDescriptors()	org.apache.commons.jxpath.JXPathBeanInfo.getPropertyDescriptors()
org.apache.commons.jxpath.ri.model.BeanModelTestCase.testBooleanPredicate()	org.apache.commons.jxpath.JXPathContext.getVariables()
org.apache.commons.jxpath.ri.axes.SimplePathInterpreter.getNodeIterator(EvalContext,NodePointer,Step)	org.apache.commons.jxpath.ri.model.NodePointer.childIterator(NodeTest,boolean,NodePointer)
org.apache.commons.jxpath.ri.parser.XPathParser.jj_3R_59()	org.apache.commons.jxpath.ri.parser.XPathParser.jj_scan_token(int)
org.apache.commons.jxpath.ri.model.MixedModelTest.setUp()	org.apache.commons.jxpath.Variables.declareVariable(String,Object)
org.apache.commons.jxpath.ri.model.BeanModelTestCase.testRemoveAllMapEntries()	org.apache.commons.jxpath.JXPathContext.removeAll(String)
org.apache.commons.jxpath.ri.model.VariablePointer.getImmediateNode()	org.apache.commons.jxpath.util.ValueUtils.getValue(Object,int)
org.apache.commons.jxpath.ri.model.VariablePointer.testNode(NodeTest)	org.apache.commons.jxpath.ri.model.NodePointer.getValuePointer()
org.apache.commons.jxpath.ri.compiler.ExtensionFunctionTest.testStaticMethodLookupWithConversion()	org.apache.commons.jxpath.Function.invoke(ExpressionContext,Object[])
org.apache.commons.jxpath.util.BasicTypeConverter.convert(Object,Class)	org.apache.commons.jxpath.NodeSet.getValues()
org.apache.commons.jxpath.ri.compiler.Expression.iterate(EvalContext)	org.apache.commons.jxpath.ri.compiler.Expression.compute(EvalContext)
org.apache.commons.jxpath.ri.parser.XPathParser.jj_3R_20()	org.apache.commons.jxpath.ri.parser.XPathParser.jj_3R_64()
org.apache.commons.jxpath.ri.parser.XPathParser.QName_Without_CoreFunctions()	org.apache.commons.jxpath.ri.Compiler.qname(String,String)
org.apache.commons.jxpath.ri.model.dynamic.DynamicPropertiesModelTest.testMapOfMaps()	org.apache.commons.jxpath.TestBean.getMap()
org.apache.commons.jxpath.ri.compiler.CoreFunction.computeValue(EvalContext)	org.apache.commons.jxpath.ri.compiler.CoreFunction.functionBoolean(EvalContext)
org.apache.commons.jxpath.ri.parser.XPathParserTokenManager.jjMoveStringLiteralDfa19_0(long,long)	org.apache.commons.jxpath.ri.parser.XPathParserTokenManager.jjMoveStringLiteralDfa20_0(long,long)
org.apache.commons.jxpath.ri.model.beans.PropertyOwnerPointer.compareChildNodePointers(NodePointer,NodePointer)	org.apache.commons.jxpath.ri.model.NodePointer.getIndex()
org.apache.commons.jxpath.ri.parser.XPathParserTokenManager.getNextToken()	org.apache.commons.jxpath.ri.parser.SimpleCharStream.readChar()
org.apache.commons.jxpath.JXPathContext.selectNodes(String)	org.apache.commons.jxpath.JXPathContext.iteratePointers(String)
org.apache.commons.jxpath.ri.parser.XPathParser.jj_3R_123()	org.apache.commons.jxpath.ri.parser.XPathParser.jj_scan_token(int)
org.apache.commons.jxpath.ri.model.XMLModelTestCase.testNodes()	org.apache.commons.jxpath.JXPathContext.getPointer(String)
org.apache.commons.jxpath.ri.model.dom.DOMNodePointer.getNamespaceResolver()	org.apache.commons.jxpath.ri.NamespaceResolver.setNamespaceContextPointer(NodePointer)
org.apache.commons.jxpath.ri.compiler.CoreFunction.computeValue(EvalContext)	org.apache.commons.jxpath.ri.compiler.CoreFunction.functionLang(EvalContext)
org.apache.commons.jxpath.ri.model.beans.BeanPropertyPointer.remove()	org.apache.commons.jxpath.ri.model.beans.BeanPropertyPointer.getBaseValue()
org.apache.commons.jxpath.ri.parser.XPathParser.EqualityExpr()	org.apache.commons.jxpath.ri.parser.XPathParser.RelationalExpr()
org.apache.commons.jxpath.ri.axes.SimplePathInterpreter.doStepNoPredicatesPropertyOwner(EvalContext,PropertyOwnerPointer,Step[],int)	org.apache.commons.jxpath.ri.axes.SimplePathInterpreter.createNullPointer(EvalContext,NodePointer,Step[],int)
org.apache.commons.jxpath.ri.axes.AttributeContext.setPosition(int)	org.apache.commons.jxpath.ri.axes.AttributeContext.reset()
org.apache.commons.jxpath.ri.JXPathContextReferenceImpl.setValue(String,Object)	org.apache.commons.jxpath.ri.JXPathContextReferenceImpl.setValue(String,Expression,Object)
org.apache.commons.jxpath.ri.parser.XPathParser.jj_3R_135()	org.apache.commons.jxpath.ri.parser.XPathParser.jj_scan_token(int)
org.apache.commons.jxpath.ri.axes.AttributeContext.reset()	org.apache.commons.jxpath.ri.EvalContext.reset()
org.apache.commons.jxpath.ri.model.dom.DOMNodePointer.setValue(Object)	org.apache.commons.jxpath.util.TypeUtils.convert(Object,Class)
org.apache.commons.jxpath.ri.model.NodePointer.toString()	org.apache.commons.jxpath.ri.model.NodePointer.asPath()
org.apache.commons.jxpath.servlet.JXPathServletContextTest.testServletContext()	org.apache.commons.jxpath.JXPathContext.getValue(String)
org.apache.commons.jxpath.ri.parser.XPathParser.jj_3_1()	org.apache.commons.jxpath.ri.parser.XPathParser.jj_3R_15()
org.apache.commons.jxpath.ri.model.dom.DOMNodePointer.asPath()	org.apache.commons.jxpath.ri.model.dom.DOMNodePointer.getRelativePositionByQName()
org.apache.commons.jxpath.ri.model.XMLModelTestCase.setUp()	org.apache.commons.jxpath.Variables.declareVariable(String,Object)
org.apache.commons.jxpath.util.BasicTypeConverterTest.testInvalidConversion()	org.apache.commons.jxpath.util.TypeUtils.convert(Object,Class)
org.apache.commons.jxpath.ri.compiler.CoreFunction.functionKey(EvalContext)	org.apache.commons.jxpath.ri.EvalContext.next()
org.apache.commons.jxpath.ri.parser.XPathParser.FunctionCall()	org.apache.commons.jxpath.ri.parser.XPathParser.ArgumentList()
org.apache.commons.jxpath.ri.model.beans.NullPropertyPointer.createPath(JXPathContext,Object)	org.apache.commons.jxpath.ri.model.beans.NullPropertyPointer.createBadFactoryException(AbstractFactory)
org.apache.commons.jxpath.ri.compiler.CoreFunction.functionLast(EvalContext)	org.apache.commons.jxpath.ri.EvalContext.getCurrentPosition()
org.apache.commons.jxpath.ri.model.beans.NullPropertyPointer.createPath(JXPathContext)	org.apache.commons.jxpath.ri.model.NodePointer.getIndex()
org.apache.commons.jxpath.ri.model.beans.BeanPropertyPointer.getPropertyCount()	org.apache.commons.jxpath.ri.model.beans.BeanPropertyPointer.getPropertyDescriptors()
org.apache.commons.jxpath.ri.axes.PrecedingOrFollowingContext.reset()	org.apache.commons.jxpath.ri.EvalContext.reset()
org.apache.commons.jxpath.ri.InfoSetUtil.booleanValue(Object)	org.apache.commons.jxpath.ri.model.NodePointer.getValuePointer()
org.apache.commons.jxpath.ri.parser.XPathParser.RelationalExpr()	org.apache.commons.jxpath.ri.parser.XPathParser.AdditiveExpr()
org.apache.commons.jxpath.ri.model.beans.PropertyIterator.setPositionAllProperties(int)	org.apache.commons.jxpath.ri.model.beans.PropertyIterator.getLength()
org.apache.commons.jxpath.ri.compiler.ExtensionFunction.computeValue(EvalContext)	org.apache.commons.jxpath.Function.invoke(ExpressionContext,Object[])
org.apache.commons.jxpath.ri.parser.XPathParser.UnionExpr()	org.apache.commons.jxpath.ri.parser.XPathParser.PathExpr()
org.apache.commons.jxpath.ri.compiler.CoreFunction.functionFloor(EvalContext)	org.apache.commons.jxpath.ri.compiler.CoreFunction.getArg1()
org.apache.commons.jxpath.ri.axes.SimplePathInterpreter.isCollectionElement(NodePointer,int)	org.apache.commons.jxpath.ri.model.NodePointer.isCollection()
org.apache.commons.jxpath.ri.axes.NodeSetContext.nextNode()	org.apache.commons.jxpath.ri.axes.NodeSetContext.setPosition(int)
org.apache.commons.jxpath.ri.compiler.TreeCompiler.sum(Object[])	org.apache.commons.jxpath.ri.compiler.TreeCompiler.toExpressionArray(Object[])
org.apache.commons.jxpath.ri.ExceptionHandlerTest.testHandleFoo()	org.apache.commons.jxpath.JXPathContext.getValue(String)
org.apache.commons.jxpath.ri.model.dom.DOMNodePointer.createChild(JXPathContext,QName,int)	org.apache.commons.jxpath.ri.model.dom.DOMNodePointer.childIterator(NodeTest,boolean,NodePointer)
org.apache.commons.jxpath.ri.parser.XPathParser.jj_3R_90()	org.apache.commons.jxpath.ri.parser.XPathParser.jj_3R_106()
org.apache.commons.jxpath.ri.model.dynamic.DynamicPropertyPointer.createPath(JXPathContext)	org.apache.commons.jxpath.ri.model.dynamic.DynamicPropertyPointer.getBaseValue()
org.apache.commons.jxpath.ri.parser.XPathParser.jj_3R_64()	org.apache.commons.jxpath.ri.parser.XPathParser.jj_scan_token(int)
org.apache.commons.jxpath.ri.parser.XPathParserTokenManager.jjMoveStringLiteralDfa9_0(long,long,long,long)	org.apache.commons.jxpath.ri.parser.XPathParserTokenManager.jjMoveStringLiteralDfa10_0(long,long,long,long)
org.apache.commons.jxpath.ri.parser.XPathParser.QName_Without_CoreFunctions()	org.apache.commons.jxpath.ri.parser.XPathParser.jj_2_1(int)
org.apache.commons.jxpath.BasicNodeSetTest.testNodes()	org.apache.commons.jxpath.BasicNodeSet.getValues()
org.apache.commons.jxpath.ri.parser.XPathParser.jj_3R_116()	org.apache.commons.jxpath.ri.parser.XPathParser.jj_3R_119()
org.apache.commons.jxpath.ri.axes.RecursiveAxesTest.setUp()	org.apache.commons.jxpath.ri.axes.RecursiveBean.setSecond(RecursiveBean)
org.apache.commons.jxpath.ri.parser.XPathParser.jj_3R_18()	org.apache.commons.jxpath.ri.parser.XPathParser.jj_3R_30()
org.apache.commons.jxpath.ri.axes.PrecedingOrFollowingContext.nextNode()	org.apache.commons.jxpath.ri.model.NodePointer.isRoot()
org.apache.commons.jxpath.ri.EvalContext.constructIterator()	org.apache.commons.jxpath.ri.EvalContext.sortPointers(List)
org.apache.commons.jxpath.ri.axes.AttributeContext.nextNode()	org.apache.commons.jxpath.ri.model.NodePointer.attributeIterator(QName)
org.apache.commons.jxpath.ri.model.beans.PropertyPointer.createChild(JXPathContext,QName,int,Object)	org.apache.commons.jxpath.ri.model.NodePointer.clone()
org.apache.commons.jxpath.ri.model.container.ContainerModelTest.testContainerPropertyWithCollection()	org.apache.commons.jxpath.JXPathContext.newContext(Object)
org.apache.commons.jxpath.ri.compiler.CoreFunction.functionConcat(EvalContext)	org.apache.commons.jxpath.ri.compiler.Expression.compute(EvalContext)
org.apache.commons.jxpath.ri.compiler.ExpressionPath.expressionPath(EvalContext,boolean)	org.apache.commons.jxpath.ri.EvalContext.getRootContext()
org.apache.commons.jxpath.ri.compiler.CoreFunction.computeValue(EvalContext)	org.apache.commons.jxpath.ri.compiler.CoreFunction.functionFormatNumber(EvalContext)
org.apache.commons.jxpath.ri.parser.XPathParser.jj_3R_126()	org.apache.commons.jxpath.ri.parser.XPathParser.jj_3R_117()
org.apache.commons.jxpath.ri.JXPathContextReferenceImpl.getPointer(String,Expression)	org.apache.commons.jxpath.ri.model.NodePointer.isActual()
org.apache.commons.jxpath.ri.parser.XPathParser.jj_consume_token(int)	org.apache.commons.jxpath.ri.parser.XPathParser.generateParseException()
org.apache.commons.jxpath.ri.axes.PredicateContext.setupDynamicPropertyPointer()	org.apache.commons.jxpath.ri.EvalContext.getCurrentNodePointer()
org.apache.commons.jxpath.ri.compiler.CoreOperationRelationalExpression.compute(Object,Object)	org.apache.commons.jxpath.ri.InfoSetUtil.doubleValue(Object)
org.apache.commons.jxpath.ri.model.beans.PropertyOwnerPointer.getImmediateNode()	org.apache.commons.jxpath.util.ValueUtils.getValue(Object)
org.apache.commons.jxpath.ri.axes.NamespaceContext.nextNode()	org.apache.commons.jxpath.ri.compiler.NodeNameTest.isWildcard()
org.apache.commons.jxpath.ri.model.NodePointer.testNode(NodeTest)	org.apache.commons.jxpath.ri.model.NodePointer.getName()
org.apache.commons.jxpath.ri.axes.SimplePathInterpreterTest.setUp()	org.apache.commons.jxpath.ri.axes.TestBeanWithNode.createTestBeanWithDOM()
org.apache.commons.jxpath.ri.JXPathContextReferenceImpl.setValue(String,Expression,Object,boolean)	org.apache.commons.jxpath.ri.EvalContext.getSingleNodePointer()
org.apache.commons.jxpath.ri.parser.XPathParser.jj_3R_136()	org.apache.commons.jxpath.ri.parser.XPathParser.jj_3R_137()
org.apache.commons.jxpath.ri.axes.UnionContext.setPosition(int)	org.apache.commons.jxpath.ri.EvalContext.nextSet()
org.apache.commons.jxpath.ri.compiler.CoreFunction.functionBoolean(EvalContext)	org.apache.commons.jxpath.ri.compiler.CoreFunction.assertArgCount(int)
org.apache.commons.jxpath.ri.model.dynabeans.DynaBeanPropertyPointer.getPropertyCount()	org.apache.commons.jxpath.ri.model.dynabeans.DynaBeanPropertyPointer.getPropertyNames()
org.apache.commons.jxpath.ri.EvalContext.next()	org.apache.commons.jxpath.ri.EvalContext.performIteratorStep()
org.apache.commons.jxpath.xml.DocumentContainer.parseXML(InputStream)	org.apache.commons.jxpath.xml.XMLParser2.setValidating(boolean)
org.apache.commons.jxpath.ri.compiler.ExtensionFunction.compute(EvalContext)	org.apache.commons.jxpath.ri.compiler.ExtensionFunction.computeValue(EvalContext)
org.apache.commons.jxpath.ri.model.beans.NullPropertyPointer.createPath(JXPathContext,Object)	org.apache.commons.jxpath.ri.model.NodePointer.createChild(JXPathContext,QName,int,Object)
org.apache.commons.jxpath.ri.axes.AttributeContext.setPosition(int)	org.apache.commons.jxpath.ri.EvalContext.getCurrentPosition()
org.apache.commons.jxpath.ri.compiler.CoreFunction.functionID(EvalContext)	org.apache.commons.jxpath.ri.compiler.CoreFunction.getArg1()
org.apache.commons.jxpath.ri.model.beans.NullPropertyPointer.createPath(JXPathContext)	org.apache.commons.jxpath.JXPathContext.getFactory()
org.apache.commons.jxpath.ri.compiler.Path.getSingleNodePointerForSteps(EvalContext)	org.apache.commons.jxpath.ri.compiler.Path.isSimplePath()
org.apache.commons.jxpath.ri.parser.XPathParser.RelationalExpr()	org.apache.commons.jxpath.ri.Compiler.greaterThan(Object,Object)
org.apache.commons.jxpath.BasicNodeSetTest.nudge()	org.apache.commons.jxpath.BasicNodeSet.getPointers()
org.apache.commons.jxpath.ri.compiler.TreeCompiler.locationPath(boolean,Object[])	org.apache.commons.jxpath.ri.compiler.TreeCompiler.toStepArray(Object[])
org.apache.commons.jxpath.ri.parser.XPathParser.jj_3R_52()	org.apache.commons.jxpath.ri.parser.XPathParser.jj_scan_token(int)
org.apache.commons.jxpath.ri.compiler.ExtensionFunctionTest.testMethodLookupWithExpressionContextAndArgument()	org.apache.commons.jxpath.Functions.getFunction(String,String,Object[])
org.apache.commons.jxpath.ri.model.BeanModelTestCase.testRoot()	org.apache.commons.jxpath.JXPathContext.getContextBean()
org.apache.commons.jxpath.ri.model.beans.PropertyIterator.setPositionAllProperties(int)	org.apache.commons.jxpath.ri.model.NodePointer.setIndex(int)
org.apache.commons.jxpath.BasicNodeSet.add(NodeSet)	org.apache.commons.jxpath.NodeSet.getPointers()
org.apache.commons.jxpath.ri.axes.SimplePathInterpreter.createChildPointerForStep(PropertyOwnerPointer,Step)	org.apache.commons.jxpath.ri.compiler.Step.getNodeTest()
org.apache.commons.jxpath.ri.parser.XPathParser.jj_3R_18()	org.apache.commons.jxpath.ri.parser.XPathParser.jj_3R_52()
org.apache.commons.jxpath.ri.axes.NamespaceContext.nextNode()	org.apache.commons.jxpath.ri.QName.getName()
org.apache.commons.jxpath.ri.compiler.CoreFunction.functionKey(EvalContext)	org.apache.commons.jxpath.ri.EvalContext.hasNext()
org.apache.commons.jxpath.ri.axes.AncestorContext.nextNode()	org.apache.commons.jxpath.ri.EvalContext.getCurrentNodePointer()
org.apache.commons.jxpath.ri.model.jdom.JDOMNodePointer.createChild(JXPathContext,QName,int)	org.apache.commons.jxpath.ri.model.jdom.JDOMNodePointer.asPath()
org.apache.commons.jxpath.ri.parser.XPathParser.jj_3R_146()	org.apache.commons.jxpath.ri.parser.XPathParser.jj_3R_148()
org.apache.commons.jxpath.ri.compiler.CoreFunction.functionSum(EvalContext)	org.apache.commons.jxpath.ri.compiler.CoreFunction.getArg1()
org.apache.commons.jxpath.ri.model.dynamic.DynamicPointerFactory.createNodePointer(NodePointer,QName,Object)	org.apache.commons.jxpath.util.ValueUtils.getDynamicPropertyHandler(Class)
org.apache.commons.jxpath.ri.compiler.CoreOperation.toString()	org.apache.commons.jxpath.ri.compiler.CoreOperation.parenthesize(Expression,boolean)
org.apache.commons.jxpath.ri.parser.XPathParser.jj_3R_127()	org.apache.commons.jxpath.ri.parser.XPathParser.jj_3R_129()
org.apache.commons.jxpath.ri.parser.XPathParser.jj_2_5(int)	org.apache.commons.jxpath.ri.parser.XPathParser.jj_save(int,int)
org.apache.commons.jxpath.ri.axes.DescendantContext.reset()	org.apache.commons.jxpath.ri.EvalContext.reset()
org.apache.commons.jxpath.ri.JXPathContextReferenceImpl.getValue(String,Class)	org.apache.commons.jxpath.ri.JXPathContextReferenceImpl.compileExpression(String)
org.apache.commons.jxpath.ri.parser.XPathParserTokenManager.getNextToken()	org.apache.commons.jxpath.ri.parser.SimpleCharStream.getEndColumn()
org.apache.commons.jxpath.ri.compiler.CoreFunction.functionCeiling(EvalContext)	org.apache.commons.jxpath.ri.compiler.CoreFunction.assertArgCount(int)
org.apache.commons.jxpath.ri.parser.XPathParser.NodeTest(ArrayList)	org.apache.commons.jxpath.ri.Compiler.processingInstructionTest(String)
org.apache.commons.jxpath.ri.model.beans.PropertyIterator.setPositionIndividualProperty(int)	org.apache.commons.jxpath.ri.model.NodePointer.setIndex(int)
org.apache.commons.jxpath.ri.model.dynamic.DynamicPropertiesModelTest.testCreatePathAndSetValue()	org.apache.commons.jxpath.JXPathContext.getContextBean()
org.apache.commons.jxpath.ri.model.dom.DOMNodePointer.asPath()	org.apache.commons.jxpath.ri.model.dom.DOMNodePointer.getNamespaceResolver()
org.apache.commons.jxpath.JXPathTestCase.assertXPathValueAndPointer(JXPathContext,String,Object,String)	org.apache.commons.jxpath.JXPathTestCase.assertXPathPointer(JXPathContext,String,String)
org.apache.commons.jxpath.ri.axes.PredicateContext.setPositionStandard(int)	org.apache.commons.jxpath.ri.axes.PredicateContext.reset()
org.apache.commons.jxpath.ri.EvalContext.constructIterator()	org.apache.commons.jxpath.ri.EvalContext.nextSet()
org.apache.commons.jxpath.ri.parser.XPathParserTokenManager.jjMoveNfa_0(int,int)	org.apache.commons.jxpath.ri.parser.XPathParserTokenManager.jjCanMove_0(int,int,int,long,long)
org.apache.commons.jxpath.ri.JXPathContextReferenceImpl.getValue(String)	org.apache.commons.jxpath.ri.JXPathContextReferenceImpl.getValue(String,Expression)
org.apache.commons.jxpath.ri.parser.XPathParserTokenManager.jjMoveNfa_0(int,int)	org.apache.commons.jxpath.ri.parser.XPathParserTokenManager.jjCheckNAdd(int)
org.apache.commons.jxpath.ri.axes.SimplePathInterpreter.doPredicatesStandard(EvalContext,List,Step[],int,Expression[],int)	org.apache.commons.jxpath.ri.axes.SimplePathInterpreter.doPredicatesStandard(EvalContext,List,Step[],int,Expression[],int)
org.apache.commons.jxpath.ri.model.beans.PropertyIterator.setPositionIndividualProperty(int)	org.apache.commons.jxpath.ri.model.beans.PropertyIterator.prepareForIndividualProperty(String)
org.apache.commons.jxpath.ri.model.jdom.JDOMNodeIterator.testChild()	org.apache.commons.jxpath.ri.model.jdom.JDOMNodePointer.testNode(NodePointer,Object,NodeTest)
org.apache.commons.jxpath.ri.model.BeanModelTestCase.testRelativeContextInheritance()	org.apache.commons.jxpath.JXPathContext.getPointer(String)
org.apache.commons.jxpath.ri.model.container.ContainerModelTest.testContainerMapWithCollection()	org.apache.commons.jxpath.JXPathContext.newContext(Object)
org.apache.commons.jxpath.ri.EvalContext.getNodeSet()	org.apache.commons.jxpath.ri.EvalContext.nextNode()
org.apache.commons.jxpath.JXPathTestCase.assertDocumentOrder(JXPathContext,String,String,int)	org.apache.commons.jxpath.ri.model.NodePointer.compareTo(Object)
org.apache.commons.jxpath.ri.parser.XPathParser.AdditiveExpr()	org.apache.commons.jxpath.ri.parser.XPathParser.SubtractiveExpr()
org.apache.commons.jxpath.ri.axes.SimplePathInterpreterTest.assertNullPointer(String,String,String)	org.apache.commons.jxpath.ri.model.NodePointer.isActual()
org.apache.commons.jxpath.ri.parser.XPathParser.jj_3R_141()	org.apache.commons.jxpath.ri.parser.XPathParser.jj_3R_19()
org.apache.commons.jxpath.util.BasicTypeConverterTest.testSingletonArrayToString()	org.apache.commons.jxpath.util.BasicTypeConverterTest.assertConversion(Object,Class,Object)
org.apache.commons.jxpath.ri.axes.SimplePathInterpreter.doPredicateName(EvalContext,NodePointer,Step[],int,Expression[],int)	org.apache.commons.jxpath.ri.axes.SimplePathInterpreter.keyFromPredicate(EvalContext,Expression)
org.apache.commons.jxpath.ri.compiler.ExpressionPath.computeContextDependent()	org.apache.commons.jxpath.ri.compiler.Path.computeContextDependent()
org.apache.commons.jxpath.servlet.HttpSessionHandler.collectPropertyNames(HashSet,Object)	org.apache.commons.jxpath.servlet.ServletContextHandler.collectPropertyNames(HashSet,Object)
org.apache.commons.jxpath.ri.axes.DescendantContext.nextNode()	org.apache.commons.jxpath.ri.EvalContext.getCurrentNodePointer()
org.apache.commons.jxpath.ri.parser.XPathParser.jj_3R_39()	org.apache.commons.jxpath.ri.parser.XPathParser.jj_scan_token(int)
org.apache.commons.jxpath.ri.model.beans.NullPointer.createChild(JXPathContext,QName,int,Object)	org.apache.commons.jxpath.ri.model.NodePointer.createChild(JXPathContext,QName,int,Object)
org.apache.commons.jxpath.ri.axes.NamespaceContext.nextNode()	org.apache.commons.jxpath.ri.QName.getPrefix()
org.apache.commons.jxpath.ri.model.XMLModelTestCase.assertXMLSignature(JXPathContext,String,String,boolean,boolean,boolean,boolean)	org.apache.commons.jxpath.JXPathContext.getPointer(String)
org.apache.commons.jxpath.xml.JDOMParser.parseXML(InputStream)	org.apache.commons.jxpath.xml.XMLParser2.isValidating()
org.apache.commons.jxpath.ri.model.VariablePointer.isCollection()	org.apache.commons.jxpath.util.ValueUtils.isCollection(Object)
org.apache.commons.jxpath.ri.model.VariablePointer.findVariables(JXPathContext)	org.apache.commons.jxpath.JXPathContext.getParentContext()
org.apache.commons.jxpath.ri.axes.SimplePathInterpreter.createChildPointerForStep(PropertyOwnerPointer,Step)	org.apache.commons.jxpath.ri.model.beans.PropertyOwnerPointer.isValidProperty(QName)
org.apache.commons.jxpath.ri.EvalContext.getNodeSet()	org.apache.commons.jxpath.ri.model.NodePointer.clone()
org.apache.commons.jxpath.ri.compiler.CoreFunction.functionLast(EvalContext)	org.apache.commons.jxpath.ri.compiler.CoreFunction.assertArgCount(int)
org.apache.commons.jxpath.ri.model.VariablePointer.isCollection()	org.apache.commons.jxpath.ri.model.VariablePointer.getBaseValue()
org.apache.commons.jxpath.ri.model.jdom.JDOMNodePointer.asPath()	org.apache.commons.jxpath.ri.model.NodePointer.escape(String)
org.apache.commons.jxpath.ri.parser.XPathParser.FilterExpr()	org.apache.commons.jxpath.ri.Compiler.expressionPath(Object,Object[],Object[])
org.apache.commons.jxpath.ri.InfoSetUtil.number(Object)	org.apache.commons.jxpath.ri.model.NodePointer.getValue()
org.apache.commons.jxpath.ri.parser.XPathParserTokenManager.jjMoveStringLiteralDfa6_0(long,long,long,long)	org.apache.commons.jxpath.ri.parser.XPathParserTokenManager.jjStopStringLiteralDfa_0(int,long,long)
org.apache.commons.jxpath.ri.parser.XPathParserTokenManager.jjMoveStringLiteralDfa3_0(long,long,long,long)	org.apache.commons.jxpath.ri.parser.XPathParserTokenManager.jjStartNfa_0(int,long,long)
org.apache.commons.jxpath.ri.model.MixedModelTest.testErrorProperty()	org.apache.commons.jxpath.JXPathContext.getVariables()
org.apache.commons.jxpath.ri.compiler.ExpressionPath.isSimpleExpressionPath()	org.apache.commons.jxpath.ri.compiler.Path.isSimplePath()
org.apache.commons.jxpath.ri.compiler.CoreOperationCompare.equal(EvalContext,Expression,Expression)	org.apache.commons.jxpath.ri.compiler.CoreOperationCompare.contains(Iterator,Object)
org.apache.commons.jxpath.servlet.JXPathServletContexts.getRequestContext(ServletRequest,ServletContext)	org.apache.commons.jxpath.servlet.ServletRequestAndContext.getServletRequest()
org.apache.commons.jxpath.ri.compiler.CoreFunction.functionFormatNumber(EvalContext)	org.apache.commons.jxpath.ri.compiler.CoreFunction.getArg1()
org.apache.commons.jxpath.ri.axes.SimplePathInterpreter.createChildPointerForStep(PropertyOwnerPointer,Step)	org.apache.commons.jxpath.ri.axes.SimplePathInterpreter.isLangAttribute(QName)
org.apache.commons.jxpath.ri.parser.XPathParserTokenManager.jjMoveStringLiteralDfa19_0(long,long)	org.apache.commons.jxpath.ri.parser.SimpleCharStream.readChar()
org.apache.commons.jxpath.JXPathTestCase.assertXPathSetValue(JXPathContext,String,Object)	org.apache.commons.jxpath.JXPathTestCase.assertXPathSetValue(JXPathContext,String,Object,Object)
org.apache.commons.jxpath.ri.compiler.CoreFunction.functionTrue(EvalContext)	org.apache.commons.jxpath.ri.compiler.CoreFunction.assertArgCount(int)
org.apache.commons.jxpath.ri.model.beans.PropertyIterator.getNodePointer()	org.apache.commons.jxpath.ri.model.beans.NullPropertyPointer.setPropertyName(String)
org.apache.commons.jxpath.servlet.JXPathServletContextTest.testServletContext()	org.apache.commons.jxpath.servlet.JXPathServletContextTest.checkPointerIterator(JXPathContext)
org.apache.commons.jxpath.ri.model.NodePointer.testNode(NodeTest)	org.apache.commons.jxpath.ri.compiler.NodeTypeTest.getNodeType()
org.apache.commons.jxpath.ri.model.XMLModelTestCase.testID()	org.apache.commons.jxpath.ri.model.NodePointer.getPointerByID(JXPathContext,String)
org.apache.commons.jxpath.JXPathTestCase.assertXPathPointerLenient(JXPathContext,String,String)	org.apache.commons.jxpath.JXPathContext.setLenient(boolean)
org.apache.commons.jxpath.ri.parser.XPathParser.PrimaryExpr()	org.apache.commons.jxpath.ri.parser.XPathParser.CoreFunctionCall()
org.apache.commons.jxpath.ri.axes.SelfContext.reset()	org.apache.commons.jxpath.ri.EvalContext.reset()
org.apache.commons.jxpath.ri.compiler.ExtensionFunction.convert(Object)	org.apache.commons.jxpath.ri.EvalContext.getValue()
org.apache.commons.jxpath.ri.model.XMLModelTestCase.testAxisChild()	org.apache.commons.jxpath.JXPathContext.registerNamespace(String,String)
org.apache.commons.jxpath.ri.Parser.parseExpression(String,Compiler)	org.apache.commons.jxpath.ri.parser.XPathParser.parseExpression()
org.apache.commons.jxpath.ri.axes.SimplePathInterpreterTest.testDoPredicateName()	org.apache.commons.jxpath.JXPathContext.getValue(String)
org.apache.commons.jxpath.ri.model.MixedModelTest.testIteratePointersArrayElementWithVariable()	org.apache.commons.jxpath.JXPathContext.getVariables()
org.apache.commons.jxpath.ri.EvalContext.toString()	org.apache.commons.jxpath.ri.EvalContext.getContextNodePointer()
org.apache.commons.jxpath.ri.parser.XPathParserTokenManager.jjMoveNfa_0(int,int)	org.apache.commons.jxpath.ri.parser.SimpleCharStream.readChar()
org.apache.commons.jxpath.ri.model.dynabeans.DynaBeanPropertyPointer.remove()	org.apache.commons.jxpath.ri.model.beans.PropertyPointer.isCollection()
org.apache.commons.jxpath.ri.model.VariablePointer.setValue(Object)	org.apache.commons.jxpath.ri.model.VariablePointer.getBaseValue()
org.apache.commons.jxpath.ri.parser.XPathParser.MultiplicativeExpr()	org.apache.commons.jxpath.ri.Compiler.divide(Object,Object)
org.apache.commons.jxpath.xml.DocumentContainer.parseXML(InputStream)	org.apache.commons.jxpath.xml.DocumentContainer.getParser(String)
org.apache.commons.jxpath.ri.model.beans.PropertyPointer.getImmediateValuePointer()	org.apache.commons.jxpath.ri.model.beans.PropertyPointer.getName()
org.apache.commons.jxpath.ri.JXPathCompiledExpression.createPathAndSetValue(JXPathContext,Object)	org.apache.commons.jxpath.ri.JXPathContextReferenceImpl.createPathAndSetValue(String,Expression,Object)
org.apache.commons.jxpath.ri.parser.XPathParser.PathExpr()	org.apache.commons.jxpath.ri.parser.XPathParser.jj_consume_token(int)
org.apache.commons.jxpath.ri.parser.XPathParserTokenManager.jjMoveStringLiteralDfa10_0(long,long,long,long)	org.apache.commons.jxpath.ri.parser.XPathParserTokenManager.jjMoveStringLiteralDfa11_0(long,long,long,long)
org.apache.commons.jxpath.ri.parser.XPathParserTokenManager.jjMoveStringLiteralDfa1_0(long,long)	org.apache.commons.jxpath.ri.parser.XPathParserTokenManager.jjStopAtPos(int,int)
org.apache.commons.jxpath.ri.model.beans.PropertyPointer.isActual()	org.apache.commons.jxpath.ri.model.NodePointer.isActual()
org.apache.commons.jxpath.ri.model.beans.NullPropertyPointer.createPath(JXPathContext,Object)	org.apache.commons.jxpath.ri.model.NodePointer.createAttribute(JXPathContext,QName)
org.apache.commons.jxpath.ri.parser.XPathParserTokenManager.jjMoveStringLiteralDfa18_0(long,long)	org.apache.commons.jxpath.ri.parser.SimpleCharStream.readChar()
org.apache.commons.jxpath.ri.parser.XPathParser.CoreFunctionCall()	org.apache.commons.jxpath.ri.parser.XPathParser.CoreFunctionName()
org.apache.commons.jxpath.ri.parser.XPathParser.CoreFunctionCall()	org.apache.commons.jxpath.ri.Compiler.function(int,Object[])
org.apache.commons.jxpath.ri.model.VariablePointerFactory.createNodePointer(QName,Object,Locale)	org.apache.commons.jxpath.JXPathContext.getParentContext()
org.apache.commons.jxpath.util.ClassLoaderUtilTest.testClassLoadSuccessWithContextClassLoader()	org.apache.commons.jxpath.util.ClassLoaderUtilTest.executeTestMethodUnderClassLoader(ClassLoader,String)
org.apache.commons.jxpath.ri.parser.XPathParser.ArgumentList()	org.apache.commons.jxpath.ri.parser.XPathParser.jj_consume_token(int)
org.apache.commons.jxpath.ri.JXPathContextReferenceImpl.registerNamespace(String,String)	org.apache.commons.jxpath.ri.NamespaceResolver.isSealed()
org.apache.commons.jxpath.ri.axes.SimplePathInterpreter.doStepNoPredicatesStandard(EvalContext,NodePointer,Step[],int)	org.apache.commons.jxpath.ri.model.NodeIterator.setPosition(int)
org.apache.commons.jxpath.ri.compiler.CoreOperationCompare.equal(Object,Object)	org.apache.commons.jxpath.Pointer.getValue()
src\java\org\apache\commons\jxpath\ri\model\dom\DOMNodePointer.java::testNode(Node,NodeTest)	org.apache.commons.jxpath.ri.compiler.ProcessingInstructionTest.getTarget()
org.apache.commons.jxpath.ri.parser.XPathParserTokenManager.jjMoveStringLiteralDfa13_0(long,long,long,long)	org.apache.commons.jxpath.ri.parser.XPathParserTokenManager.jjStopStringLiteralDfa_0(int,long,long)
org.apache.commons.jxpath.ri.compiler.CoreFunction.functionKey(EvalContext)	org.apache.commons.jxpath.ri.EvalContext.getJXPathContext()
org.apache.commons.jxpath.ri.compiler.Path.buildContextChain(EvalContext,int,boolean)	org.apache.commons.jxpath.ri.compiler.Path.createContextForStep(EvalContext,int,NodeTest)
org.apache.commons.jxpath.ri.compiler.CoreFunction.functionCeiling(EvalContext)	org.apache.commons.jxpath.ri.InfoSetUtil.doubleValue(Object)
org.apache.commons.jxpath.util.BasicTypeConverter.canConvert(Object,Class)	org.apache.commons.jxpath.util.BasicTypeConverter.canCreateCollection(Class)
org.apache.commons.jxpath.JXPathTestCase.assertXPathSetValue(JXPathContext,String,Object,Object)	org.apache.commons.jxpath.JXPathContext.getValue(String)
org.apache.commons.jxpath.ri.parser.XPathParser.jj_3R_40()	org.apache.commons.jxpath.ri.parser.XPathParser.jj_scan_token(int)
org.apache.commons.jxpath.ri.axes.AncestorContext.setPosition(int)	org.apache.commons.jxpath.ri.axes.AncestorContext.nextNode()
org.apache.commons.jxpath.ri.parser.XPathParser.jj_3R_18()	org.apache.commons.jxpath.ri.parser.XPathParser.jj_3R_43()
org.apache.commons.jxpath.ri.axes.SimplePathInterpreterTest.setUp()	org.apache.commons.jxpath.JXPathContext.newContext(JXPathContext,Object)
org.apache.commons.jxpath.ri.compiler.CoreOperationAnd.computeValue(EvalContext)	org.apache.commons.jxpath.ri.compiler.Expression.computeValue(EvalContext)
org.apache.commons.jxpath.ri.compiler.ExtensionFunctionTest.testCollectionReturn()	org.apache.commons.jxpath.Variables.declareVariable(String,Object)
org.apache.commons.jxpath.ri.parser.XPathParserTokenManager.jjMoveStringLiteralDfa17_0(long,long)	org.apache.commons.jxpath.ri.parser.SimpleCharStream.readChar()
org.apache.commons.jxpath.ri.EvalContext.hasNext()	org.apache.commons.jxpath.ri.EvalContext.constructIterator()
org.apache.commons.jxpath.ri.model.MixedModelTest.setUp()	org.apache.commons.jxpath.TestMixedModelBean.getList()
org.apache.commons.jxpath.ri.axes.PredicateContext.nextNode()	org.apache.commons.jxpath.ri.axes.PredicateContext.setupDynamicPropertyPointer()
org.apache.commons.jxpath.ri.model.beans.CollectionPointer.createPath(JXPathContext)	org.apache.commons.jxpath.util.ValueUtils.getLength(Object)
org.apache.commons.jxpath.util.TypeUtils.canConvert(Object,Class)	org.apache.commons.jxpath.util.TypeConverter.canConvert(Object,Class)
org.apache.commons.jxpath.ri.InfoSetUtil.doubleValue(Object)	org.apache.commons.jxpath.ri.EvalContext.getSingleNodePointer()
org.apache.commons.jxpath.ri.parser.XPathParserTokenManager.jjMoveStringLiteralDfa16_0(long,long)	org.apache.commons.jxpath.ri.parser.SimpleCharStream.readChar()
org.apache.commons.jxpath.ri.model.dom.DOMNodePointer.createChild(JXPathContext,QName,int)	org.apache.commons.jxpath.ri.model.NodeIterator.getNodePointer()
org.apache.commons.jxpath.ri.JXPathContextReferenceImpl.iterate(String)	org.apache.commons.jxpath.ri.JXPathContextReferenceImpl.iterate(String,Expression)
org.apache.commons.jxpath.ri.model.beans.PropertyIterator.getLength()	org.apache.commons.jxpath.ri.model.NodePointer.handle(Throwable)
org.apache.commons.jxpath.ri.parser.XPathParserTokenManager.jjMoveStringLiteralDfa1_0(long,long)	org.apache.commons.jxpath.ri.parser.XPathParserTokenManager.jjStartNfaWithStates_0(int,int,int)
org.apache.commons.jxpath.ri.parser.XPathParserTokenManager.jjMoveStringLiteralDfa14_0(long,long,long,long)	org.apache.commons.jxpath.ri.parser.XPathParserTokenManager.jjStartNfa_0(int,long,long)
org.apache.commons.jxpath.ri.compiler.CoreOperation.parenthesize(Expression,boolean)	org.apache.commons.jxpath.ri.compiler.CoreOperation.isSymmetric()
org.apache.commons.jxpath.ri.compiler.CoreOperationOr.computeValue(EvalContext)	org.apache.commons.jxpath.ri.InfoSetUtil.booleanValue(Object)
org.apache.commons.jxpath.ri.model.dom.DOMNodePointer.createAttribute(JXPathContext,QName)	org.apache.commons.jxpath.ri.QName.getName()
org.apache.commons.jxpath.ri.model.jdom.JDOMNodePointer.asPath()	org.apache.commons.jxpath.ri.model.jdom.JDOMNodePointer.getRelativePositionOfTextNode()
org.apache.commons.jxpath.ri.parser.XPathParser.jj_3R_18()	org.apache.commons.jxpath.ri.parser.XPathParser.jj_3R_57()
org.apache.commons.jxpath.JXPathContext.getFactory()	org.apache.commons.jxpath.JXPathContext.getFactory()
org.apache.commons.jxpath.ri.axes.PrecedingOrFollowingContext.nextNode()	org.apache.commons.jxpath.ri.EvalContext.setPosition(int)
org.apache.commons.jxpath.JXPathTestCase.assertXPathCreatePathAndSetValue(JXPathContext,String,Object,String)	org.apache.commons.jxpath.JXPathContext.getValue(String)
org.apache.commons.jxpath.ri.model.beans.BeanPropertyPointer.getLength()	org.apache.commons.jxpath.ri.model.beans.BeanPropertyPointer.getPropertyDescriptor()
org.apache.commons.jxpath.ri.model.dynamic.DynamicPointer.asPath()	org.apache.commons.jxpath.ri.model.NodePointer.asPath()
org.apache.commons.jxpath.ri.model.beans.PropertyPointer.createPath(JXPathContext)	org.apache.commons.jxpath.AbstractFactory.createObject(JXPathContext,Pointer,Object,String,int)
org.apache.commons.jxpath.ri.parser.XPathParser.jj_3R_142()	org.apache.commons.jxpath.ri.parser.XPathParser.jj_3R_145()
org.apache.commons.jxpath.BasicNodeSetTest.testRemove()	org.apache.commons.jxpath.BasicNodeSet.getPointers()
org.apache.commons.jxpath.ri.parser.XPathParser.jj_3R_129()	org.apache.commons.jxpath.ri.parser.XPathParser.jj_3R_132()
org.apache.commons.jxpath.ri.compiler.VariableTest.testRemovePathUndeclareVariable()	org.apache.commons.jxpath.JXPathContext.getVariables()
org.apache.commons.jxpath.ri.axes.ChildContext.getSingleNodePointer()	org.apache.commons.jxpath.ri.EvalContext.nextSet()
org.apache.commons.jxpath.ri.EvalContext.next()	org.apache.commons.jxpath.ri.EvalContext.getDocumentOrder()
org.apache.commons.jxpath.ri.compiler.LocationPath.compute(EvalContext)	org.apache.commons.jxpath.ri.axes.RootContext.getAbsoluteRootContext()
org.apache.commons.jxpath.ri.parser.XPathParser.jj_3R_55()	org.apache.commons.jxpath.ri.parser.XPathParser.jj_scan_token(int)
org.apache.commons.jxpath.ri.model.beans.PropertyPointer.createChild(JXPathContext,QName,int,Object)	org.apache.commons.jxpath.ri.model.NodePointer.setIndex(int)
org.apache.commons.jxpath.ri.model.VariablePointer.getLength()	org.apache.commons.jxpath.util.ValueUtils.getLength(Object)
org.apache.commons.jxpath.ri.model.BeanModelTestCase.testMultiple(int,int,boolean,boolean,int)	org.apache.commons.jxpath.ri.model.beans.PropertyPointer.setPropertyIndex(int)
org.apache.commons.jxpath.ri.axes.SimplePathInterpreterTest.setUp()	org.apache.commons.jxpath.JXPathContext.setFactory(AbstractFactory)
org.apache.commons.jxpath.ri.model.VariablePointer.createPath(JXPathContext,Object)	org.apache.commons.jxpath.ri.model.VariablePointer.createPath(JXPathContext)
org.apache.commons.jxpath.ri.model.beans.PropertyPointer.equals(Object)	org.apache.commons.jxpath.ri.model.beans.PropertyPointer.getPropertyName()
org.apache.commons.jxpath.ri.compiler.TestFunctions.className(ExpressionContext,ExpressionContext)	org.apache.commons.jxpath.Pointer.asPath()
org.apache.commons.jxpath.ri.compiler.CoreFunctionTest.testExtendedKeyFunction()	org.apache.commons.jxpath.JXPathContext.getVariables()
org.apache.commons.jxpath.ri.parser.XPathParserTokenManager.jjMoveStringLiteralDfa13_0(long,long,long,long)	org.apache.commons.jxpath.ri.parser.SimpleCharStream.readChar()
org.apache.commons.jxpath.servlet.JXPathServletContextTest.testServletRequest()	org.apache.commons.jxpath.JXPathContext.setValue(String,Object)
org.apache.commons.jxpath.ri.parser.XPathParser.Predicate()	org.apache.commons.jxpath.ri.parser.XPathParser.jj_consume_token(int)
org.apache.commons.jxpath.ri.parser.XPathParser.jj_3R_67()	org.apache.commons.jxpath.ri.parser.XPathParser.jj_scan_token(int)
org.apache.commons.jxpath.ri.model.VariablePointer.isLeaf()	org.apache.commons.jxpath.JXPathIntrospector.getBeanInfo(Class)
org.apache.commons.jxpath.ri.axes.TestBeanWithNode.createTestBeanWithDOM()	org.apache.commons.jxpath.xml.DocumentContainer.getValue()
org.apache.commons.jxpath.ri.InfoSetUtil.stringValue(Object)	org.apache.commons.jxpath.ri.model.NodePointer.getValue()
org.apache.commons.jxpath.ri.model.jdom.JDOMNodePointer.createChild(JXPathContext,QName,int)	org.apache.commons.jxpath.ri.model.NodePointer.getAbstractFactory(JXPathContext)
org.apache.commons.jxpath.JXPathBasicBeanInfo.toString()	org.apache.commons.jxpath.JXPathBasicBeanInfo.isDynamic()
org.apache.commons.jxpath.ri.axes.AncestorContext.setPosition(int)	org.apache.commons.jxpath.ri.axes.AncestorContext.reset()
org.apache.commons.jxpath.ri.compiler.TreeCompiler.isNameAttributeTest(Expression)	org.apache.commons.jxpath.ri.QName.equals(Object)
org.apache.commons.jxpath.servlet.JXPathServletContexts.getRequestContext(ServletRequest,ServletContext)	org.apache.commons.jxpath.JXPathContextFactory.newContext(JXPathContext,Object)
org.apache.commons.jxpath.ri.model.XMLModelTestCase.setUp()	org.apache.commons.jxpath.JXPathContext.getVariables()
org.apache.commons.jxpath.ri.compiler.CoreFunction.functionNot(EvalContext)	org.apache.commons.jxpath.ri.InfoSetUtil.booleanValue(Object)
org.apache.commons.jxpath.ri.compiler.Path.isSimpleStep(Step)	org.apache.commons.jxpath.ri.compiler.NodeTypeTest.getNodeType()
src\java\org\apache\commons\jxpath\ri\model\jdom\JDOMNodePointer.java::matchesQName(Element)	org.apache.commons.jxpath.ri.model.jdom.JDOMNodePointer.getNamespaceURI()
org.apache.commons.jxpath.ri.model.beans.PropertyPointer.isLeaf()	org.apache.commons.jxpath.JXPathIntrospector.getBeanInfo(Class)
org.apache.commons.jxpath.ri.parser.XPathParser.jj_3R_123()	org.apache.commons.jxpath.ri.parser.XPathParser.jj_3R_117()
org.apache.commons.jxpath.ri.axes.DescendantContext.isRecursive()	org.apache.commons.jxpath.ri.model.NodeIterator.getNodePointer()
org.apache.commons.jxpath.ri.parser.XPathParserTokenManager.jjMoveStringLiteralDfa10_0(long,long,long,long)	org.apache.commons.jxpath.ri.parser.XPathParserTokenManager.jjStartNfa_0(int,long,long)
org.apache.commons.jxpath.ri.JXPathContextReferenceImpl.getFunction(QName,Object[])	org.apache.commons.jxpath.JXPathContext.getParentContext()
org.apache.commons.jxpath.ri.compiler.TreeCompiler.or(Object[])	org.apache.commons.jxpath.ri.compiler.TreeCompiler.toExpressionArray(Object[])
org.apache.commons.jxpath.ri.model.BeanModelTestCase.testMultiple(int,int,boolean,boolean,int)	org.apache.commons.jxpath.ri.model.NodeIterator.setPosition(int)
org.apache.commons.jxpath.ri.model.beans.CollectionPointer.createChild(JXPathContext,QName,int)	org.apache.commons.jxpath.ri.model.NodePointer.createPath(JXPathContext)
org.apache.commons.jxpath.JXPathContext.compile(String)	org.apache.commons.jxpath.JXPathContext.compilePath(String)
org.apache.commons.jxpath.ri.model.MixedModelTest.testCreatePath()	org.apache.commons.jxpath.JXPathContext.newContext(Object)
src\java\org\apache\commons\jxpath\ri\model\dom\DOMAttributeIterator.java::getAttribute(Element,QName)	org.apache.commons.jxpath.ri.model.NodePointer.getNamespaceResolver()
org.apache.commons.jxpath.ri.InfoSetUtil.doubleValue(Object)	org.apache.commons.jxpath.ri.model.NodePointer.getValue()
org.apache.commons.jxpath.ri.JXPathContextReferenceImpl.setExceptionHandler(ExceptionHandler)	org.apache.commons.jxpath.ri.model.NodePointer.setExceptionHandler(ExceptionHandler)
org.apache.commons.jxpath.util.BasicTypeConverter.convert(Object,Class)	org.apache.commons.jxpath.util.BasicTypeConverter.unmodifiableCollection(Collection)
org.apache.commons.jxpath.ri.compiler.CoreFunction.functionSubstringAfter(EvalContext)	org.apache.commons.jxpath.ri.compiler.CoreFunction.getArg1()
org.apache.commons.jxpath.ri.model.beans.PropertyOwnerPointer.setValue(Object)	org.apache.commons.jxpath.ri.model.NodePointer.isContainer()
org.apache.commons.jxpath.ri.parser.XPathParser.jj_3R_103()	org.apache.commons.jxpath.ri.parser.XPathParser.jj_scan_token(int)
org.apache.commons.jxpath.ri.model.dom.DOMNodePointer.asPath()	org.apache.commons.jxpath.ri.model.NodePointer.asPath()
org.apache.commons.jxpath.ri.model.beans.BeanPropertyPointer.setValue(Object)	org.apache.commons.jxpath.ri.model.beans.BeanPropertyPointer.getPropertyDescriptor()
org.apache.commons.jxpath.ri.parser.XPathParserTokenManager.jjMoveStringLiteralDfa6_0(long,long,long,long)	org.apache.commons.jxpath.ri.parser.SimpleCharStream.readChar()
org.apache.commons.jxpath.ri.model.NodePointer.testNode(NodeTest)	org.apache.commons.jxpath.ri.model.NodePointer.isContainer()
org.apache.commons.jxpath.ri.model.NodePointer.getAbstractFactory(JXPathContext)	org.apache.commons.jxpath.JXPathContext.getFactory()
org.apache.commons.jxpath.ri.axes.SimplePathInterpreter.getNodeIterator(EvalContext,NodePointer,Step)	org.apache.commons.jxpath.ri.compiler.Step.getNodeTest()
org.apache.commons.jxpath.ri.model.jdom.JDOMNodePointer.getValue()	org.apache.commons.jxpath.ri.model.NodeIterator.setPosition(int)
org.apache.commons.jxpath.ri.JXPathContextReferenceImpl.getPointer(String,Expression)	org.apache.commons.jxpath.JXPathContext.getLocale()
org.apache.commons.jxpath.ri.model.beans.PropertyOwnerPointer.isValidProperty(QName)	org.apache.commons.jxpath.ri.QName.getPrefix()
org.apache.commons.jxpath.ri.compiler.Path.isSimpleStep(Step)	org.apache.commons.jxpath.ri.compiler.Path.areBasicPredicates(Expression[])
org.apache.commons.jxpath.ri.axes.DescendantContext.nextNode()	org.apache.commons.jxpath.ri.model.NodePointer.childIterator(NodeTest,boolean,NodePointer)
org.apache.commons.jxpath.ri.compiler.TreeCompiler.and(Object[])	org.apache.commons.jxpath.ri.compiler.TreeCompiler.toExpressionArray(Object[])
org.apache.commons.jxpath.ri.model.NodePointer.childIterator(NodeTest,boolean,NodePointer)	org.apache.commons.jxpath.ri.model.NodePointer.childIterator(NodeTest,boolean,NodePointer)
org.apache.commons.jxpath.ri.compiler.CoreFunction.functionID(EvalContext)	org.apache.commons.jxpath.JXPathContext.getContextPointer()
org.apache.commons.jxpath.util.ClassLoaderUtilTest.testClassLoadFailWithoutContextClassLoader()	org.apache.commons.jxpath.util.ClassLoaderUtilTest.executeTestMethodUnderClassLoader(ClassLoader,String)
org.apache.commons.jxpath.ri.compiler.CoreOperationRelationalExpression.containsMatch(Iterator,Object)	org.apache.commons.jxpath.ri.compiler.CoreOperationRelationalExpression.compute(Object,Object)
org.apache.commons.jxpath.ri.parser.XPathParser.MultiplicativeExpr()	org.apache.commons.jxpath.ri.parser.XPathParser.jj_consume_token(int)
org.apache.commons.jxpath.util.MethodLookupUtils.matchParameterTypes(Class[],Object[])	org.apache.commons.jxpath.util.MethodLookupUtils.matchType(Class,Object)
org.apache.commons.jxpath.ri.compiler.ExpressionPath.expressionPath(EvalContext,boolean)	org.apache.commons.jxpath.ri.model.NodePointer.getIndex()
org.apache.commons.jxpath.ri.model.dynamic.DynamicPropertiesModelTest.testCreatePathCreateBean()	org.apache.commons.jxpath.JXPathContext.getContextBean()
org.apache.commons.jxpath.ri.compiler.CoreFunction.functionName(EvalContext)	org.apache.commons.jxpath.ri.EvalContext.hasNext()
org.apache.commons.jxpath.ri.compiler.CoreFunction.functionFormatNumber(EvalContext)	org.apache.commons.jxpath.ri.compiler.CoreFunction.getArg2()
org.apache.commons.jxpath.ri.model.dom.DOMNodePointer.getPointerByID(JXPathContext,String)	org.apache.commons.jxpath.ri.model.NodePointer.getLocale()
org.apache.commons.jxpath.ri.model.beans.NullPropertyPointer.createPath(JXPathContext,Object)	org.apache.commons.jxpath.ri.model.NodePointer.setValue(Object)
org.apache.commons.jxpath.ri.model.dom.DOMNodePointer.createAttribute(JXPathContext,QName)	org.apache.commons.jxpath.ri.QName.getPrefix()
org.apache.commons.jxpath.ri.compiler.VariableTest.testRemovePathArrayElement()	org.apache.commons.jxpath.JXPathContext.removePath(String)
org.apache.commons.jxpath.ri.compiler.CoreOperationDivide.computeValue(EvalContext)	org.apache.commons.jxpath.ri.compiler.Expression.computeValue(EvalContext)
org.apache.commons.jxpath.ri.parser.XPathParserTokenManager.jjMoveNfa_0(int,int)	org.apache.commons.jxpath.ri.parser.XPathParserTokenManager.jjCanMove_1(int,int,int,long,long)
org.apache.commons.jxpath.ri.compiler.CoreOperationCompare.computeValue(EvalContext)	org.apache.commons.jxpath.ri.compiler.CoreOperationCompare.equal(EvalContext,Expression,Expression)
org.apache.commons.jxpath.ri.model.NodePointer.printPointerChain()	org.apache.commons.jxpath.ri.model.NodePointer.printDeep(NodePointer,String)
org.apache.commons.jxpath.ri.JXPathContextReferenceImpl.getNamespaceResolver()	org.apache.commons.jxpath.ri.NamespaceResolver.seal()
org.apache.commons.jxpath.ri.model.beans.BeanPointer.isLeaf()	org.apache.commons.jxpath.JXPathBeanInfo.isAtomic()
org.apache.commons.jxpath.ri.parser.XPathParser.jj_3R_17()	org.apache.commons.jxpath.ri.parser.XPathParser.jj_3R_23()
org.apache.commons.jxpath.ri.axes.SimplePathInterpreterTest.assertNullPointer(String,String,String)	org.apache.commons.jxpath.ri.axes.SimplePathInterpreterTest.pointerSignature(Pointer)
org.apache.commons.jxpath.ri.JXPathContextReferenceImpl.getFunction(QName,Object[])	org.apache.commons.jxpath.JXPathContext.getFunctions()
org.apache.commons.jxpath.ri.parser.XPathParser.NodeTest(ArrayList)	org.apache.commons.jxpath.ri.Compiler.nodeNameTest(Object)
org.apache.commons.jxpath.ri.compiler.CoreOperationNegate.computeValue(EvalContext)	org.apache.commons.jxpath.ri.InfoSetUtil.doubleValue(Object)
org.apache.commons.jxpath.ri.compiler.CoreOperationCompare.equal(Object,Object)	org.apache.commons.jxpath.ri.InfoSetUtil.doubleValue(Object)
org.apache.commons.jxpath.ri.model.dom.DOMNodePointer.asPath()	org.apache.commons.jxpath.ri.model.dom.DOMNodePointer.getRelativePositionOfTextNode()
org.apache.commons.jxpath.ri.parser.XPathParser.jj_rescan_token()	org.apache.commons.jxpath.ri.parser.XPathParser.jj_3_4()
org.apache.commons.jxpath.ri.axes.SimplePathInterpreter.createNullPointer(EvalContext,NodePointer,Step[],int)	org.apache.commons.jxpath.ri.compiler.Step.getAxis()
org.apache.commons.jxpath.ri.model.jdom.JDOMNodePointer.createChild(JXPathContext,QName,int)	org.apache.commons.jxpath.JXPathContext.getNamespaceURI(String)
org.apache.commons.jxpath.ri.InfoSetUtil.stringValue(Object)	org.apache.commons.jxpath.ri.EvalContext.getSingleNodePointer()
org.apache.commons.jxpath.ri.model.beans.PropertyPointer.isCollection()	org.apache.commons.jxpath.util.ValueUtils.isCollection(Object)
org.apache.commons.jxpath.ri.Parser.addEscapes(String)	org.apache.commons.jxpath.ri.parser.TokenMgrError.addEscapes(String)
org.apache.commons.jxpath.ri.compiler.CoreFunctionTest.setUp()	org.apache.commons.jxpath.JXPathContext.newContext(Object)
org.apache.commons.jxpath.ri.JXPathContextReferenceImpl.getValue(String,Expression)	org.apache.commons.jxpath.ri.compiler.Expression.computeValue(EvalContext)
org.apache.commons.jxpath.ri.parser.XPathParser.jj_3R_116()	org.apache.commons.jxpath.ri.parser.XPathParser.jj_3R_120()
org.apache.commons.jxpath.ri.model.beans.NullElementPointer.asPath()	org.apache.commons.jxpath.ri.model.NodePointer.asPath()
org.apache.commons.jxpath.ri.model.NodePointer.getParent()	org.apache.commons.jxpath.ri.model.NodePointer.getImmediateParentPointer()
org.apache.commons.jxpath.ri.model.VariablePointer.createPath(JXPathContext)	org.apache.commons.jxpath.ri.model.VariablePointer.asPath()
org.apache.commons.jxpath.ri.parser.XPathParser.jj_3R_18()	org.apache.commons.jxpath.ri.parser.XPathParser.jj_3R_48()
org.apache.commons.jxpath.ri.JXPathContextReferenceImpl.getPointer(String,Expression)	org.apache.commons.jxpath.ri.model.NodePointer.newNodePointer(QName,Object,Locale)
org.apache.commons.jxpath.ri.parser.XPathParserTokenManager.jjMoveStringLiteralDfa3_0(long,long,long,long)	org.apache.commons.jxpath.ri.parser.XPathParserTokenManager.jjMoveStringLiteralDfa4_0(long,long,long,long)
org.apache.commons.jxpath.ri.model.beans.BeanPropertyPointer.getImmediateNode()	org.apache.commons.jxpath.util.ValueUtils.getValue(Object,PropertyDescriptor,int)
org.apache.commons.jxpath.BasicNodeSetTest.testAdd()	org.apache.commons.jxpath.BasicNodeSet.getValues()
org.apache.commons.jxpath.ri.model.XMLModelTestCase.testID()	org.apache.commons.jxpath.ri.model.NodePointer.getValuePointer()
org.apache.commons.jxpath.ri.compiler.CoreFunction.functionFalse(EvalContext)	org.apache.commons.jxpath.ri.compiler.CoreFunction.assertArgCount(int)
org.apache.commons.jxpath.ri.model.VariablePointer.attributeIterator(QName)	org.apache.commons.jxpath.ri.model.NodePointer.getValuePointer()
org.apache.commons.jxpath.ri.EvalContext.getNodeSet()	org.apache.commons.jxpath.ri.EvalContext.getCurrentNodePointer()
org.apache.commons.jxpath.ri.model.beans.BeanPropertyPointer.isCollection()	org.apache.commons.jxpath.ri.model.beans.BeanPropertyPointer.getPropertyDescriptor()
org.apache.commons.jxpath.ri.model.beans.CollectionNodeIterator.prepare()	org.apache.commons.jxpath.ri.model.beans.CollectionNodeIterator.getElementNodeIterator(NodePointer)
org.apache.commons.jxpath.JXPathTestCase.assertXPathCreatePathAndSetValue(JXPathContext,String,Object,String)	org.apache.commons.jxpath.JXPathContext.createPathAndSetValue(String,Object)
org.apache.commons.jxpath.ri.model.dom.DOMNodePointer.createAttribute(JXPathContext,QName)	org.apache.commons.jxpath.ri.NamespaceResolver.getNamespaceURI(String)
org.apache.commons.jxpath.ri.parser.XPathParser.jj_3R_31()	org.apache.commons.jxpath.ri.parser.XPathParser.jj_scan_token(int)
org.apache.commons.jxpath.util.KeyManagerUtils.SingleNodeExtendedKeyManager.getNodeSetByKey(JXPathContext,String,Object)	org.apache.commons.jxpath.KeyManager.getPointerByKey(JXPathContext,String,String)
org.apache.commons.jxpath.ri.model.dynamic.DynamicPropertyPointer.asPath()	org.apache.commons.jxpath.ri.model.beans.PropertyPointer.isCollection()
org.apache.commons.jxpath.ri.model.dynamic.DynamicPropertyPointer.getPropertyIndex()	org.apache.commons.jxpath.ri.model.dynamic.DynamicPropertyPointer.setPropertyIndex(int)
org.apache.commons.jxpath.ri.parser.XPathParserTokenManager.jjMoveStringLiteralDfa20_0(long,long)	org.apache.commons.jxpath.ri.parser.XPathParserTokenManager.jjStopStringLiteralDfa_0(int,long,long)
org.apache.commons.jxpath.ri.model.NodePointer.getLocale()	org.apache.commons.jxpath.ri.model.NodePointer.getLocale()
org.apache.commons.jxpath.ri.compiler.ExtensionFunctionTest.testStaticMethodLookupWithConversion()	org.apache.commons.jxpath.Functions.getFunction(String,String,Object[])
org.apache.commons.jxpath.ri.compiler.ExpressionPath.expressionPath(EvalContext,boolean)	org.apache.commons.jxpath.ri.EvalContext.getSingleNodePointer()
org.apache.commons.jxpath.ri.axes.SimplePathInterpreter.createNullPointerForPredicates(EvalContext,NodePointer,Step[],int,Expression[],int)	org.apache.commons.jxpath.ri.model.beans.NullPropertyPointer.setNameAttributeValue(String)
org.apache.commons.jxpath.ri.compiler.CoreFunction.computeValue(EvalContext)	org.apache.commons.jxpath.ri.compiler.CoreFunction.functionString(EvalContext)
org.apache.commons.jxpath.ri.parser.XPathParser.jj_3R_18()	org.apache.commons.jxpath.ri.parser.XPathParser.jj_3R_35()
org.apache.commons.jxpath.ri.axes.SimplePathInterpreter.doStepNoPredicatesStandard(EvalContext,NodePointer,Step[],int)	org.apache.commons.jxpath.ri.axes.SimplePathInterpreter.getNodeIterator(EvalContext,NodePointer,Step)
org.apache.commons.jxpath.ri.model.MixedModelTest.testVar()	org.apache.commons.jxpath.JXPathContext.getVariables()
org.apache.commons.jxpath.ri.parser.XPathParser.jj_3R_43()	org.apache.commons.jxpath.ri.parser.XPathParser.jj_scan_token(int)
org.apache.commons.jxpath.ri.compiler.VariableTest.testRemovePathArrayElement()	org.apache.commons.jxpath.JXPathContext.getValue(String)
org.apache.commons.jxpath.ri.model.dynamic.DynamicPropertyPointer.getBaseValue()	org.apache.commons.jxpath.DynamicPropertyHandler.getProperty(Object,String)
org.apache.commons.jxpath.ri.compiler.Expression.iteratePointers(EvalContext)	org.apache.commons.jxpath.ri.EvalContext.getRootContext()
org.apache.commons.jxpath.servlet.ServletRequestHandler.getProperty(Object,String)	org.apache.commons.jxpath.servlet.ServletRequestAndContext.getServletRequest()
org.apache.commons.jxpath.ri.parser.XPathParser.jj_3R_127()	org.apache.commons.jxpath.ri.parser.XPathParser.jj_3R_130()
org.apache.commons.jxpath.util.BasicTypeConverterTest.testSingletonCollectionToString()	org.apache.commons.jxpath.util.BasicTypeConverterTest.assertConversion(Object,Class,Object)
org.apache.commons.jxpath.ri.model.beans.CollectionPointerFactory.createNodePointer(QName,Object,Locale)	org.apache.commons.jxpath.util.ValueUtils.isCollection(Object)
org.apache.commons.jxpath.ri.model.dynamic.DynamicPropertyPointer.removeKey()	org.apache.commons.jxpath.ri.model.beans.PropertyPointer.getBean()
org.apache.commons.jxpath.ri.model.beans.NullElementPointer.createPath(JXPathContext)	org.apache.commons.jxpath.ri.model.NodePointer.createChild(JXPathContext,QName,int)
org.apache.commons.jxpath.ri.axes.SimplePathInterpreter.doStepNoPredicatesPropertyOwner(EvalContext,PropertyOwnerPointer,Step[],int)	org.apache.commons.jxpath.ri.model.NodePointer.clone()
org.apache.commons.jxpath.ri.axes.PrecedingOrFollowingContext.nextNode()	org.apache.commons.jxpath.ri.model.NodePointer.getParent()
org.apache.commons.jxpath.ri.compiler.CoreFunction.functionNamespaceURI(EvalContext)	org.apache.commons.jxpath.ri.model.NodePointer.getNamespaceURI()
org.apache.commons.jxpath.ri.model.NodePointer.getNamespaceResolver()	org.apache.commons.jxpath.ri.model.NodePointer.getNamespaceResolver()
org.apache.commons.jxpath.ri.parser.XPathParserTokenManager.jjMoveStringLiteralDfa7_0(long,long,long,long)	org.apache.commons.jxpath.ri.parser.XPathParserTokenManager.jjMoveStringLiteralDfa8_0(long,long,long,long)
org.apache.commons.jxpath.ri.compiler.CoreFunction.functionTranslate(EvalContext)	org.apache.commons.jxpath.ri.compiler.Expression.computeValue(EvalContext)
org.apache.commons.jxpath.ri.model.beans.BeanPropertyPointer.setPropertyIndex(int)	org.apache.commons.jxpath.ri.model.beans.PropertyPointer.setPropertyIndex(int)
org.apache.commons.jxpath.ri.model.XMLModelTestCase.testNamespaceMapping()	org.apache.commons.jxpath.JXPathContext.getContextBean()
org.apache.commons.jxpath.ri.axes.DescendantContext.setPosition(int)	org.apache.commons.jxpath.ri.axes.DescendantContext.nextNode()
src\java\org\apache\commons\jxpath\ri\model\dom\DOMAttributeIterator.java::testAttr(Attr)	org.apache.commons.jxpath.ri.model.dom.DOMAttributeIterator.equalStrings(String,String)
org.apache.commons.jxpath.ri.model.NodePointer.compareNodePointers(NodePointer,int,NodePointer,int)	org.apache.commons.jxpath.ri.model.NodePointer.compareNodePointers(NodePointer,int,NodePointer,int)
org.apache.commons.jxpath.ri.model.VariablePointer.getLength()	org.apache.commons.jxpath.ri.model.VariablePointer.getBaseValue()
org.apache.commons.jxpath.ri.model.dynamic.DynamicPropertyPointer.removeKey()	org.apache.commons.jxpath.ri.model.dynamic.DynamicPropertyPointer.getPropertyName()
org.apache.commons.jxpath.ri.compiler.Expression.iteratePointers(EvalContext)	org.apache.commons.jxpath.ri.compiler.Expression.compute(EvalContext)
org.apache.commons.jxpath.ri.model.beans.BeanPropertyPointer.getBaseValue()	org.apache.commons.jxpath.ri.model.beans.BeanPropertyPointer.getPropertyDescriptor()
org.apache.commons.jxpath.ri.axes.SimplePathInterpreterTest.assertNullPointer(String,String,String)	org.apache.commons.jxpath.Pointer.asPath()
org.apache.commons.jxpath.ri.compiler.CoreFunction.functionFormatNumber(EvalContext)	org.apache.commons.jxpath.ri.compiler.Expression.computeValue(EvalContext)
org.apache.commons.jxpath.ri.model.container.ContainerPointer.namespaceIterator()	org.apache.commons.jxpath.ri.model.NodePointer.getValuePointer()
org.apache.commons.jxpath.ri.compiler.ExtensionFunction.toString()	org.apache.commons.jxpath.ri.compiler.Operation.getArguments()
org.apache.commons.jxpath.xml.JDOMParser.parseXML(InputStream)	org.apache.commons.jxpath.xml.XMLParser2.isIgnoringElementContentWhitespace()
org.apache.commons.jxpath.ri.parser.XPathParserTokenManager.jjMoveStringLiteralDfa19_0(long,long)	org.apache.commons.jxpath.ri.parser.XPathParserTokenManager.jjStopAtPos(int,int)
org.apache.commons.jxpath.ri.model.beans.CollectionPointer.namespacePointer(String)	org.apache.commons.jxpath.ri.model.beans.CollectionPointer.getValuePointer()
org.apache.commons.jxpath.ri.model.beans.BeanPropertyPointer.getPropertyNames()	org.apache.commons.jxpath.ri.model.beans.BeanPropertyPointer.getPropertyDescriptors()
org.apache.commons.jxpath.ri.compiler.ExtensionFunctionTest.testMethodLookupWithExpressionContextAndArgument()	org.apache.commons.jxpath.Function.invoke(ExpressionContext,Object[])
org.apache.commons.jxpath.ri.compiler.CoreFunction.functionLocalName(EvalContext)	org.apache.commons.jxpath.ri.EvalContext.getCurrentNodePointer()
org.apache.commons.jxpath.ri.parser.XPathParser.AxisSpecifier()	org.apache.commons.jxpath.ri.parser.XPathParser.AbbreviatedAxisSpecifier()
org.apache.commons.jxpath.ri.JXPathContextReferenceImpl.iterate(String)	org.apache.commons.jxpath.ri.JXPathContextReferenceImpl.compileExpression(String)
org.apache.commons.jxpath.ri.parser.XPathParserTokenManager.jjMoveStringLiteralDfa15_0(long,long,long,long)	org.apache.commons.jxpath.ri.parser.XPathParserTokenManager.jjStopStringLiteralDfa_0(int,long,long)
org.apache.commons.jxpath.ri.parser.XPathParser.jj_3R_65()	org.apache.commons.jxpath.ri.parser.XPathParser.jj_3R_76()
org.apache.commons.jxpath.ri.axes.RecursiveAxesTest.setUp()	org.apache.commons.jxpath.JXPathContext.newContext(JXPathContext,Object)
org.apache.commons.jxpath.ri.model.MixedModelTest.testVar()	org.apache.commons.jxpath.Variables.declareVariable(String,Object)
org.apache.commons.jxpath.BasicNodeSetTest.testRemove()	org.apache.commons.jxpath.BasicNodeSet.getNodes()
org.apache.commons.jxpath.ri.compiler.CoreFunction.functionTranslate(EvalContext)	org.apache.commons.jxpath.ri.InfoSetUtil.stringValue(Object)
org.apache.commons.jxpath.ri.model.VariablePointer.asPath()	org.apache.commons.jxpath.ri.model.VariablePointer.isCollection()
org.apache.commons.jxpath.ri.compiler.CoreFunction.functionFormatNumber(EvalContext)	org.apache.commons.jxpath.ri.model.NodePointer.getLocale()
org.apache.commons.jxpath.ri.parser.XPathParser.RelationalExpr()	org.apache.commons.jxpath.ri.Compiler.lessThanOrEqual(Object,Object)
org.apache.commons.jxpath.ri.model.beans.CollectionPointer.getLength()	org.apache.commons.jxpath.ri.model.beans.CollectionPointer.getBaseValue()
org.apache.commons.jxpath.ri.model.jdom.JDOMAttributePointer.asPath()	org.apache.commons.jxpath.ri.model.NodePointer.asPath()
org.apache.commons.jxpath.ri.parser.XPathParser.jj_3_4()	org.apache.commons.jxpath.ri.parser.XPathParser.jj_scan_token(int)
org.apache.commons.jxpath.ri.parser.XPathParser.jj_3R_132()	org.apache.commons.jxpath.ri.parser.XPathParser.jj_3R_129()
org.apache.commons.jxpath.ri.parser.XPathParser.jj_3R_35()	org.apache.commons.jxpath.ri.parser.XPathParser.jj_scan_token(int)
org.apache.commons.jxpath.ri.compiler.Path.createContextForStep(EvalContext,int,NodeTest)	org.apache.commons.jxpath.JXPathContext.getNamespaceURI(String)
org.apache.commons.jxpath.ri.model.NodePointer.getParent()	org.apache.commons.jxpath.ri.model.NodePointer.isContainer()
org.apache.commons.jxpath.ri.parser.XPathParser.jj_3R_62()	org.apache.commons.jxpath.ri.parser.XPathParser.jj_3R_71()
org.apache.commons.jxpath.ri.model.dom.DOMAttributePointer.asPath()	org.apache.commons.jxpath.ri.model.NodePointer.asPath()
org.apache.commons.jxpath.ri.model.jdom.JDOMNodePointer.asPath()	org.apache.commons.jxpath.ri.model.jdom.JDOMNodePointer.getRelativePositionOfPI()
org.apache.commons.jxpath.ri.parser.XPathParser.jj_3R_18()	org.apache.commons.jxpath.ri.parser.XPathParser.jj_3R_39()
org.apache.commons.jxpath.ri.parser.XPathParser.QName()	org.apache.commons.jxpath.ri.parser.XPathParser.NCName()
org.apache.commons.jxpath.ri.axes.PredicateContext.setupDynamicPropertyPointer()	org.apache.commons.jxpath.ri.model.NodePointer.getValuePointer()
org.apache.commons.jxpath.ri.parser.XPathParser.jj_3R_47()	org.apache.commons.jxpath.ri.parser.XPathParser.jj_scan_token(int)
org.apache.commons.jxpath.ri.parser.XPathParser.jj_3R_121()	org.apache.commons.jxpath.ri.parser.XPathParser.jj_3R_128()
org.apache.commons.jxpath.util.ClassLoaderUtil.getClass(String)	org.apache.commons.jxpath.util.ClassLoaderUtil.getClass(String,boolean)
org.apache.commons.jxpath.BasicNodeSet.getValues()	org.apache.commons.jxpath.Pointer.getValue()
org.apache.commons.jxpath.ri.model.VariablePointer.equals(Object)	org.apache.commons.jxpath.ri.QName.equals(Object)
org.apache.commons.jxpath.ri.model.beans.PropertyOwnerPointer.getImmediateNode()	org.apache.commons.jxpath.util.ValueUtils.getValue(Object,int)
org.apache.commons.jxpath.ri.model.EmptyCollectionTest.testEmptyChildList()	org.apache.commons.jxpath.JXPathContext.newContext(Object)
org.apache.commons.jxpath.ri.axes.PredicateContext.getCurrentNodePointer()	org.apache.commons.jxpath.ri.EvalContext.getCurrentNodePointer()
org.apache.commons.jxpath.ri.model.dynabeans.DynaBeanPropertyPointer.setValue(int,Object)	org.apache.commons.jxpath.ri.model.dynabeans.DynaBeanPropertyPointer.isIndexedProperty()
org.apache.commons.jxpath.ri.axes.ChildContext.prepare()	org.apache.commons.jxpath.ri.model.NodePointer.childIterator(NodeTest,boolean,NodePointer)
org.apache.commons.jxpath.ri.model.beans.PropertyPointer.isCollection()	org.apache.commons.jxpath.ri.model.NodePointer.getBaseValue()
org.apache.commons.jxpath.servlet.JXPathServletContextTest.testServletContext()	org.apache.commons.jxpath.Variables.getVariable(String)
org.apache.commons.jxpath.ri.compiler.CoreOperationRelationalExpression.compute(Object,Object)	org.apache.commons.jxpath.ri.compiler.CoreOperationRelationalExpression.evaluateCompare(int)
org.apache.commons.jxpath.ri.axes.SimplePathInterpreter.doStepPredicatesStandard(EvalContext,NodePointer,Step[],int)	org.apache.commons.jxpath.ri.axes.SimplePathInterpreter.doPredicate(EvalContext,NodePointer,Step[],int,Expression[],int)
org.apache.commons.jxpath.ri.model.VariablePointer.findVariables(JXPathContext)	org.apache.commons.jxpath.JXPathContext.getVariables()
org.apache.commons.jxpath.ri.axes.SimplePathInterpreter.doPredicateName(EvalContext,NodePointer,Step[],int,Expression[],int)	org.apache.commons.jxpath.ri.model.NodePointer.getLength()
org.apache.commons.jxpath.ri.model.beans.BeanPointer.asPath()	org.apache.commons.jxpath.ri.model.NodePointer.asPath()
org.apache.commons.jxpath.ri.model.EmbeddedColonMapKeysTest.setUp()	org.apache.commons.jxpath.JXPathContext.setLenient(boolean)
org.apache.commons.jxpath.ri.compiler.CoreFunction.functionLocalName(EvalContext)	org.apache.commons.jxpath.ri.model.NodePointer.getName()
org.apache.commons.jxpath.ri.compiler.VariableTest.testCreatePathExpandCollection()	org.apache.commons.jxpath.JXPathContext.getVariables()
org.apache.commons.jxpath.ri.compiler.CoreFunction.functionLang(EvalContext)	org.apache.commons.jxpath.ri.InfoSetUtil.stringValue(Object)
org.apache.commons.jxpath.ri.parser.XPathParser.AbsoluteLocationPath()	org.apache.commons.jxpath.ri.parser.XPathParser.LocationStep(ArrayList)
org.apache.commons.jxpath.ri.axes.NamespaceContext.nextNode()	org.apache.commons.jxpath.ri.compiler.NodeNameTest.getNodeName()
org.apache.commons.jxpath.ri.JXPathContextReferenceImpl.removePath(String,Expression)	org.apache.commons.jxpath.ri.JXPathContextReferenceImpl.getPointer(String,Expression)
org.apache.commons.jxpath.ri.model.beans.CollectionPointer.setIndex(int)	org.apache.commons.jxpath.ri.model.NodePointer.setIndex(int)
org.apache.commons.jxpath.ri.axes.SimplePathInterpreterTest.testDoPredicatesStandard()	org.apache.commons.jxpath.ri.axes.SimplePathInterpreterTest.assertNullPointer(String,String,String)
org.apache.commons.jxpath.ri.compiler.CoreOperationMod.computeValue(EvalContext)	org.apache.commons.jxpath.ri.InfoSetUtil.doubleValue(Object)
org.apache.commons.jxpath.ri.parser.XPathParser.UnionExpr()	org.apache.commons.jxpath.ri.Compiler.union(Object[])
org.apache.commons.jxpath.ri.parser.XPathParserTokenManager.jjMoveStringLiteralDfa10_0(long,long,long,long)	org.apache.commons.jxpath.ri.parser.XPathParserTokenManager.jjStartNfaWithStates_0(int,int,int)
org.apache.commons.jxpath.JXPathTestCase.assertXPathPointer(JXPathContext,String,String)	org.apache.commons.jxpath.JXPathContext.getPointer(String)
org.apache.commons.jxpath.ri.compiler.CoreFunction.computeValue(EvalContext)	org.apache.commons.jxpath.ri.compiler.CoreFunction.functionTrue(EvalContext)
org.apache.commons.jxpath.ri.parser.XPathParser.VariableReference()	org.apache.commons.jxpath.ri.parser.XPathParser.QName()
org.apache.commons.jxpath.ri.axes.PrecedingOrFollowingContext.nextNode()	org.apache.commons.jxpath.ri.EvalContext.getCurrentNodePointer()
org.apache.commons.jxpath.ri.model.container.ContainerPointer.isLeaf()	org.apache.commons.jxpath.ri.model.NodePointer.getValuePointer()
org.apache.commons.jxpath.ri.parser.XPathParserTokenManager.jjMoveStringLiteralDfa5_0(long,long,long,long)	org.apache.commons.jxpath.ri.parser.XPathParserTokenManager.jjStartNfaWithStates_0(int,int,int)
org.apache.commons.jxpath.ri.model.jdom.JDOMNodePointer.testNode(NodePointer,Object,NodeTest)	org.apache.commons.jxpath.ri.compiler.NodeTypeTest.getNodeType()
org.apache.commons.jxpath.ri.parser.XPathParser.jj_3R_91()	org.apache.commons.jxpath.ri.parser.XPathParser.jj_3R_113()
org.apache.commons.jxpath.ri.parser.XPathParserTokenManager.jjFillToken()	org.apache.commons.jxpath.ri.parser.SimpleCharStream.GetImage()
org.apache.commons.jxpath.ri.model.BeanModelTestCase.testRemoveAllListElements()	org.apache.commons.jxpath.JXPathContext.removeAll(String)
org.apache.commons.jxpath.ri.model.XMLModelTestCase.testID()	org.apache.commons.jxpath.JXPathContext.getPointer(String)
org.apache.commons.jxpath.ri.model.jdom.JDOMNodePointer.testNode(NodePointer,Object,NodeTest)	org.apache.commons.jxpath.ri.QName.getName()
org.apache.commons.jxpath.ri.parser.XPathParser.EqualityExpr()	org.apache.commons.jxpath.ri.parser.XPathParser.jj_consume_token(int)
org.apache.commons.jxpath.ri.compiler.CoreFunction.functionLast(EvalContext)	org.apache.commons.jxpath.ri.EvalContext.reset()
org.apache.commons.jxpath.ri.JXPathContextReferenceImpl.getAbsoluteRootContext()	org.apache.commons.jxpath.ri.JXPathContextReferenceImpl.getAbsoluteRootPointer()
org.apache.commons.jxpath.ri.model.beans.BeanPointer.hashCode()	org.apache.commons.jxpath.ri.QName.hashCode()
org.apache.commons.jxpath.ri.axes.SimplePathInterpreterTest.testDoStepNoPredicatesPropertyOwner()	org.apache.commons.jxpath.TestBean.getIntegers()
org.apache.commons.jxpath.ri.NamespaceResolver.getPrefix(NodePointer,String)	org.apache.commons.jxpath.ri.model.NodeIterator.getNodePointer()
org.apache.commons.jxpath.ri.axes.NamespaceContext.nextNode()	org.apache.commons.jxpath.ri.model.NodeIterator.setPosition(int)
org.apache.commons.jxpath.ri.EvalContext.getDocumentOrder()	org.apache.commons.jxpath.ri.EvalContext.isChildOrderingRequired()
org.apache.commons.jxpath.ri.compiler.Step.isContextDependent()	org.apache.commons.jxpath.ri.compiler.Expression.isContextDependent()
org.apache.commons.jxpath.ri.parser.XPathParser.AndExpr()	org.apache.commons.jxpath.ri.Compiler.and(Object[])
org.apache.commons.jxpath.ri.model.BeanModelTestCase.testSetNonPrimitiveValue()	org.apache.commons.jxpath.JXPathContext.getValue(String)
org.apache.commons.jxpath.ri.compiler.ExtensionFunctionTest.testCollectionReturn()	org.apache.commons.jxpath.JXPathContext.getVariables()
org.apache.commons.jxpath.ri.compiler.CoreFunction.toString()	org.apache.commons.jxpath.ri.compiler.Operation.getArguments()
org.apache.commons.jxpath.ri.model.dynabeans.DynaBeanPropertyPointer.remove()	org.apache.commons.jxpath.ri.model.dynabeans.DynaBeanPropertyPointer.getBaseValue()
org.apache.commons.jxpath.ri.parser.XPathParser.jj_3R_144()	org.apache.commons.jxpath.ri.parser.XPathParser.jj_3R_16()
org.apache.commons.jxpath.ri.model.VariablePointer.createPath(JXPathContext)	org.apache.commons.jxpath.ri.model.NodePointer.getAbstractFactory(JXPathContext)
org.apache.commons.jxpath.util.ValueUtils.setValue(Object,PropertyDescriptor,Object)	org.apache.commons.jxpath.util.ValueUtils.getAccessibleMethod(Method)
org.apache.commons.jxpath.ri.compiler.TestFunctions.instancePath(ExpressionContext)	org.apache.commons.jxpath.Pointer.asPath()
org.apache.commons.jxpath.servlet.JXPathServletContextTest.checkPointerIterator(JXPathContext)	org.apache.commons.jxpath.JXPathContext.iteratePointers(String)
org.apache.commons.jxpath.ri.EvalContext.getNodeSet()	org.apache.commons.jxpath.BasicNodeSet.add(Pointer)
org.apache.commons.jxpath.ri.parser.XPathParserTokenManager.jjMoveNfa_0(int,int)	org.apache.commons.jxpath.ri.parser.XPathParserTokenManager.jjCheckNAddTwoStates(int,int)
org.apache.commons.jxpath.ri.model.beans.PropertyIterator.getNodePointer()	org.apache.commons.jxpath.ri.model.NodePointer.getIndex()
org.apache.commons.jxpath.ri.axes.AttributeContext.nextNode()	org.apache.commons.jxpath.ri.EvalContext.setPosition(int)
org.apache.commons.jxpath.ri.compiler.CoreFunction.functionStartsWith(EvalContext)	org.apache.commons.jxpath.ri.compiler.CoreFunction.assertArgCount(int)
org.apache.commons.jxpath.JXPathIntrospector.findDynamicBeanInfo(Class)	org.apache.commons.jxpath.JXPathIntrospector.findDynamicBeanInfo(Class)
org.apache.commons.jxpath.ri.axes.SimplePathInterpreter.doStep(EvalContext,NodePointer,Step[],int)	org.apache.commons.jxpath.ri.axes.SimplePathInterpreter.doStepPredicatesStandard(EvalContext,NodePointer,Step[],int)
org.apache.commons.jxpath.JXPathIntrospector.findInformant(Class)	org.apache.commons.jxpath.JXPathIntrospector.instantiate(Class,String)
org.apache.commons.jxpath.ri.model.dom.NamespacePointer.getNamespaceURI()	org.apache.commons.jxpath.ri.model.NodePointer.getNamespaceURI(String)
org.apache.commons.jxpath.ri.axes.ParentContext.nextNode()	org.apache.commons.jxpath.ri.model.NodePointer.testNode(NodeTest)
org.apache.commons.jxpath.ri.compiler.CoreOperationRelationalExpression.compute(Object,Object)	org.apache.commons.jxpath.ri.compiler.CoreOperationRelationalExpression.reduce(Object)
org.apache.commons.jxpath.ri.parser.XPathParser.jj_3R_80()	org.apache.commons.jxpath.ri.parser.XPathParser.jj_scan_token(int)
org.apache.commons.jxpath.JXPathContext.getNodeSetByKey(String,Object)	org.apache.commons.jxpath.JXPathContext.getKeyManager()
org.apache.commons.jxpath.ri.compiler.Step.toString()	org.apache.commons.jxpath.ri.compiler.Step.getAxis()
org.apache.commons.jxpath.util.ClassLoaderUtilTest.callExampleMessageMethodAndAssertSuccess()	org.apache.commons.jxpath.JXPathContext.selectSingleNode(String)
org.apache.commons.jxpath.ri.parser.XPathParser.jj_2_6(int)	org.apache.commons.jxpath.ri.parser.XPathParser.jj_3_6()
org.apache.commons.jxpath.ri.compiler.CoreFunction.computeValue(EvalContext)	org.apache.commons.jxpath.ri.compiler.CoreFunction.functionFloor(EvalContext)
org.apache.commons.jxpath.ri.compiler.CoreFunction.functionTranslate(EvalContext)	org.apache.commons.jxpath.ri.compiler.CoreFunction.getArg2()
org.apache.commons.jxpath.JXPathTestCase.assertXPathNodeType(JXPathContext,String,Class)	org.apache.commons.jxpath.Pointer.getNode()
org.apache.commons.jxpath.ri.compiler.CoreFunction.computeValue(EvalContext)	org.apache.commons.jxpath.ri.compiler.CoreFunction.functionNamespaceURI(EvalContext)
org.apache.commons.jxpath.ri.axes.PredicateContext.setPosition(int)	org.apache.commons.jxpath.ri.model.NodePointer.setIndex(int)
org.apache.commons.jxpath.ri.JXPathContextReferenceImpl.Anonymous-4c4882af-5dce-4544-8483-5cd132123777.compare(Object,Object)	org.apache.commons.jxpath.ri.model.NodePointerFactory.getOrder()
org.apache.commons.jxpath.ri.parser.SimpleCharStream.ReInit(Reader)	org.apache.commons.jxpath.ri.parser.SimpleCharStream.ReInit(Reader,int,int,int)
org.apache.commons.jxpath.ri.model.beans.BeanPropertyPointer.getPropertyCount()	org.apache.commons.jxpath.JXPathBeanInfo.isAtomic()
org.apache.commons.jxpath.ri.parser.XPathParser.MultiplicativeExpr()	org.apache.commons.jxpath.ri.Compiler.mod(Object,Object)
org.apache.commons.jxpath.ri.model.beans.CollectionNodeIterator.prepare()	org.apache.commons.jxpath.ri.model.NodeIterator.setPosition(int)
org.apache.commons.jxpath.ri.model.XMLModelTestCase.testAxisChild()	org.apache.commons.jxpath.JXPathContext.getValue(String)
org.apache.commons.jxpath.ri.compiler.CoreFunction.functionLocalName(EvalContext)	org.apache.commons.jxpath.ri.compiler.CoreFunction.getArgumentCount()
org.apache.commons.jxpath.ri.compiler.CoreFunction.functionPosition(EvalContext)	org.apache.commons.jxpath.ri.EvalContext.getCurrentPosition()
org.apache.commons.jxpath.ri.model.beans.PropertyPointer.createPath(JXPathContext,Object)	org.apache.commons.jxpath.ri.model.NodePointer.setValue(Object)
org.apache.commons.jxpath.ri.parser.XPathParser.PrimaryExpr()	org.apache.commons.jxpath.ri.Compiler.number(String)
org.apache.commons.jxpath.ri.model.MixedModelTest.testErrorProperty()	org.apache.commons.jxpath.Variables.declareVariable(String,Object)
org.apache.commons.jxpath.ri.JXPathContextReferenceImpl.getValue(String,Expression)	org.apache.commons.jxpath.ri.model.NodePointer.getValuePointer()
org.apache.commons.jxpath.ri.parser.XPathParser.jj_3R_118()	org.apache.commons.jxpath.ri.parser.XPathParser.jj_3R_126()
org.apache.commons.jxpath.ri.EvalContext.isChildOrderingRequired()	org.apache.commons.jxpath.ri.EvalContext.getDocumentOrder()
org.apache.commons.jxpath.ri.compiler.Constant.toString()	org.apache.commons.jxpath.ri.InfoSetUtil.stringValue(Object)
org.apache.commons.jxpath.ri.model.jdom.JDOMNodePointer.createChild(JXPathContext,QName,int)	org.apache.commons.jxpath.ri.QName.toString()
org.apache.commons.jxpath.ri.model.VariablePointer.childIterator(NodeTest,boolean,NodePointer)	org.apache.commons.jxpath.ri.model.NodePointer.getValuePointer()
org.apache.commons.jxpath.ri.model.dynamic.DynamicPropertyPointer.getImmediateNode()	org.apache.commons.jxpath.DynamicPropertyHandler.getProperty(Object,String)
org.apache.commons.jxpath.ri.JXPathCompiledExpression.createPath(JXPathContext)	org.apache.commons.jxpath.ri.JXPathContextReferenceImpl.createPath(String,Expression)
org.apache.commons.jxpath.ri.model.beans.BeanPropertyPointer.createPath(JXPathContext)	org.apache.commons.jxpath.ri.model.beans.PropertyPointer.createPath(JXPathContext)
org.apache.commons.jxpath.ri.model.beans.PropertyPointer.createChild(JXPathContext,QName,int)	org.apache.commons.jxpath.ri.model.NodePointer.clone()
org.apache.commons.jxpath.ri.model.dynamic.DynamicPropertyPointer.remove()	org.apache.commons.jxpath.ri.model.dynamic.DynamicPropertyPointer.getBaseValue()
org.apache.commons.jxpath.ri.model.ExternalXMLNamespaceTest.createDocumentContainer(String)	org.apache.commons.jxpath.xml.XMLParser2.setNamespaceAware(boolean)
org.apache.commons.jxpath.ri.model.dom.DOMNodePointer.createChild(JXPathContext,QName,int,Object)	org.apache.commons.jxpath.ri.model.dom.DOMNodePointer.createChild(JXPathContext,QName,int)
org.apache.commons.jxpath.ri.parser.XPathParser.jj_3R_23()	org.apache.commons.jxpath.ri.parser.XPathParser.jj_scan_token(int)
org.apache.commons.jxpath.ri.compiler.CoreFunction.functionFloor(EvalContext)	org.apache.commons.jxpath.ri.compiler.Expression.computeValue(EvalContext)
org.apache.commons.jxpath.ri.model.jdom.JDOMNodePointer.createChild(JXPathContext,QName,int,Object)	org.apache.commons.jxpath.ri.model.NodePointer.setValue(Object)
org.apache.commons.jxpath.JXPathTestCase.assertXPathValueIterator(JXPathContext,String,Collection)	org.apache.commons.jxpath.JXPathContext.iterate(String)
org.apache.commons.jxpath.ri.model.MixedModelTest.testIteratePointersArrayElementWithVariable()	org.apache.commons.jxpath.Variables.declareVariable(String,Object)
org.apache.commons.jxpath.ri.parser.XPathParser.FilterExpr()	org.apache.commons.jxpath.ri.parser.XPathParser.Predicate()
org.apache.commons.jxpath.ri.parser.XPathParser.jj_2_4(int)	org.apache.commons.jxpath.ri.parser.XPathParser.jj_3_4()
org.apache.commons.jxpath.ri.parser.XPathParser.jj_3R_90()	org.apache.commons.jxpath.ri.parser.XPathParser.jj_3R_110()
org.apache.commons.jxpath.ri.compiler.ExtensionFunction.computeValue(EvalContext)	org.apache.commons.jxpath.ri.compiler.ExtensionFunction.convert(Object)
org.apache.commons.jxpath.ri.model.beans.CollectionPointer.attributeIterator(QName)	org.apache.commons.jxpath.ri.model.beans.CollectionPointer.getValuePointer()
org.apache.commons.jxpath.ri.model.beans.PropertyIterator.setPositionAllProperties(int)	org.apache.commons.jxpath.ri.model.beans.PropertyPointer.getPropertyCount()
org.apache.commons.jxpath.ri.model.dynamic.DynamicPropertyPointer.createPath(JXPathContext,Object)	org.apache.commons.jxpath.ri.model.dynamic.DynamicPropertyPointer.getPropertyName()
org.apache.commons.jxpath.ri.compiler.LocationPath.compute(EvalContext)	org.apache.commons.jxpath.ri.EvalContext.getRootContext()
org.apache.commons.jxpath.ri.parser.XPathParser.jj_3R_19()	org.apache.commons.jxpath.ri.parser.XPathParser.jj_3R_60()
org.apache.commons.jxpath.ri.axes.SimplePathInterpreterTest.testDoStepNoPredicatesPropertyOwner()	org.apache.commons.jxpath.ri.axes.SimplePathInterpreterTest.assertNullPointer(String,String,String)
org.apache.commons.jxpath.ri.axes.SimplePathInterpreter.getNodeIterator(EvalContext,NodePointer,Step)	org.apache.commons.jxpath.JXPathContext.getNamespaceURI(String)
org.apache.commons.jxpath.ri.model.beans.CollectionPointerFactory.createNodePointer(NodePointer,QName,Object)	org.apache.commons.jxpath.util.ValueUtils.isCollection(Object)
org.apache.commons.jxpath.ri.model.beans.NullPropertyPointer.createPath(JXPathContext)	org.apache.commons.jxpath.ri.model.beans.NullPropertyPointer.createBadFactoryException(AbstractFactory)
org.apache.commons.jxpath.ri.model.jdom.JDOMNodePointer.getValue()	org.apache.commons.jxpath.ri.model.NodePointer.getImmediateNode()
org.apache.commons.jxpath.ri.parser.XPathParser.jj_3R_68()	org.apache.commons.jxpath.ri.parser.XPathParser.jj_3R_77()
org.apache.commons.jxpath.ri.axes.SimplePathInterpreter.doStepNoPredicatesPropertyOwner(EvalContext,PropertyOwnerPointer,Step[],int)	org.apache.commons.jxpath.ri.model.NodePointer.getLength()
org.apache.commons.jxpath.ri.model.jdom.JDOMNodePointer.asPath()	org.apache.commons.jxpath.ri.model.jdom.JDOMNodePointer.getRelativePositionByQName()
org.apache.commons.jxpath.ri.model.VariablePointerFactory.createNodePointer(QName,Object,Locale)	org.apache.commons.jxpath.JXPathContext.getVariables()
org.apache.commons.jxpath.ri.parser.XPathParser.jj_3R_89()	org.apache.commons.jxpath.ri.parser.XPathParser.jj_3R_98()
org.apache.commons.jxpath.ri.parser.XPathParserTokenManager.jjMoveStringLiteralDfa4_0(long,long,long,long)	org.apache.commons.jxpath.ri.parser.XPathParserTokenManager.jjStopStringLiteralDfa_0(int,long,long)
org.apache.commons.jxpath.ri.NamespaceResolver.getPrefix(NodePointer,String)	org.apache.commons.jxpath.ri.model.NodePointer.getNamespaceURI()
org.apache.commons.jxpath.ri.compiler.CoreFunction.assertArgCount(int)	org.apache.commons.jxpath.ri.compiler.CoreFunction.assertArgRange(int,int)
org.apache.commons.jxpath.ri.EvalContext.constructIterator()	org.apache.commons.jxpath.ri.EvalContext.getCurrentNodePointer()
org.apache.commons.jxpath.ri.parser.XPathParserTokenManager.jjMoveStringLiteralDfa16_0(long,long)	org.apache.commons.jxpath.ri.parser.XPathParserTokenManager.jjMoveStringLiteralDfa17_0(long,long)
org.apache.commons.jxpath.ri.model.beans.PropertyIterator.getNodePointer()	org.apache.commons.jxpath.ri.model.beans.PropertyPointer.getPropertyName()
org.apache.commons.jxpath.ri.model.VariablePointer.remove()	org.apache.commons.jxpath.ri.QName.toString()
org.apache.commons.jxpath.ri.parser.XPathParserTokenManager.jjMoveStringLiteralDfa9_0(long,long,long,long)	org.apache.commons.jxpath.ri.parser.XPathParserTokenManager.jjStopStringLiteralDfa_0(int,long,long)
org.apache.commons.jxpath.ri.parser.XPathParser.jj_3R_110()	org.apache.commons.jxpath.ri.parser.XPathParser.jj_scan_token(int)
org.apache.commons.jxpath.ri.axes.SimplePathInterpreterTest.setUp()	org.apache.commons.jxpath.TestBean.getMap()
org.apache.commons.jxpath.ri.axes.PredicateContext.nextNode()	org.apache.commons.jxpath.ri.InfoSetUtil.stringValue(Object)
org.apache.commons.jxpath.ri.compiler.CoreOperationAnd.computeValue(EvalContext)	org.apache.commons.jxpath.ri.InfoSetUtil.booleanValue(Object)
org.apache.commons.jxpath.ri.EvalContext.getSingleNodePointer()	org.apache.commons.jxpath.ri.EvalContext.nextSet()
org.apache.commons.jxpath.ri.model.dynamic.DynamicPropertyPointer.asPath()	org.apache.commons.jxpath.ri.model.NodePointer.getImmediateParentPointer()
org.apache.commons.jxpath.ri.compiler.Path.buildContextChain(EvalContext,int,boolean)	org.apache.commons.jxpath.ri.compiler.Step.getAxis()
org.apache.commons.jxpath.JXPathBasicBeanInfo.getPropertyDescriptor(String)	org.apache.commons.jxpath.JXPathBasicBeanInfo.getPropertyDescriptors()
org.apache.commons.jxpath.ri.parser.XPathParser.jj_3_1()	org.apache.commons.jxpath.ri.parser.XPathParser.jj_scan_token(int)
org.apache.commons.jxpath.ri.compiler.ExtensionFunctionTest.setUp()	org.apache.commons.jxpath.util.TypeUtils.getTypeConverter()
org.apache.commons.jxpath.ri.parser.XPathParser.ReInit(InputStream)	org.apache.commons.jxpath.ri.parser.SimpleCharStream.ReInit(InputStream,int,int)
org.apache.commons.jxpath.ri.compiler.CoreFunctionTest.testIDFunction()	org.apache.commons.jxpath.JXPathContext.getPointer(String)
org.apache.commons.jxpath.ri.compiler.Path.searchForPath(EvalContext)	org.apache.commons.jxpath.ri.EvalContext.hasNext()
org.apache.commons.jxpath.util.MethodLookupUtils.lookupConstructor(Class,Object[])	org.apache.commons.jxpath.util.MethodLookupUtils.matchParameterTypes(Class[],Object[])
org.apache.commons.jxpath.ri.model.dom.DOMNodePointer.asPath()	org.apache.commons.jxpath.ri.model.dom.DOMNodePointer.getRelativePositionOfElement()
org.apache.commons.jxpath.ri.parser.XPathParser.jj_3R_26()	org.apache.commons.jxpath.ri.parser.XPathParser.jj_scan_token(int)
org.apache.commons.jxpath.ri.compiler.CoreFunction.computeValue(EvalContext)	org.apache.commons.jxpath.ri.compiler.CoreFunction.functionCeiling(EvalContext)
org.apache.commons.jxpath.ri.parser.XPathParser.jj_3R_109()	org.apache.commons.jxpath.ri.parser.XPathParser.jj_scan_token(int)
org.apache.commons.jxpath.ri.axes.PredicateContext.nextNode()	org.apache.commons.jxpath.ri.InfoSetUtil.booleanValue(Object)
org.apache.commons.jxpath.ri.model.beans.BeanPropertyPointer.getImmediateNode()	org.apache.commons.jxpath.util.ValueUtils.getValue(Object)
org.apache.commons.jxpath.ri.compiler.Path.searchForPath(EvalContext)	org.apache.commons.jxpath.ri.axes.SimplePathInterpreter.createNullPointer(EvalContext,NodePointer,Step[],int)
org.apache.commons.jxpath.ri.parser.XPathParser.jj_3R_70()	org.apache.commons.jxpath.ri.parser.XPathParser.jj_3R_79()
org.apache.commons.jxpath.ri.parser.XPathParserTokenManager.ReInit(SimpleCharStream)	org.apache.commons.jxpath.ri.parser.XPathParserTokenManager.ReInitRounds()
org.apache.commons.jxpath.ri.model.beans.CollectionPointer.setValue(Object)	org.apache.commons.jxpath.ri.model.NodePointer.setValue(Object)
org.apache.commons.jxpath.ri.model.dynamic.DynamicAttributeIterator.prepareForIndividualProperty(String)	org.apache.commons.jxpath.ri.model.beans.PropertyIterator.prepareForIndividualProperty(String)
org.apache.commons.jxpath.ri.parser.XPathParserTokenManager.jjMoveStringLiteralDfa6_0(long,long,long,long)	org.apache.commons.jxpath.ri.parser.XPathParserTokenManager.jjStartNfaWithStates_0(int,int,int)
org.apache.commons.jxpath.ri.axes.SimplePathInterpreter.doPredicateName(EvalContext,NodePointer,Step[],int,Expression[],int)	org.apache.commons.jxpath.ri.model.beans.PropertyPointer.setPropertyName(String)
org.apache.commons.jxpath.ri.axes.SelfContext.setPosition(int)	org.apache.commons.jxpath.ri.model.NodePointer.testNode(NodeTest)
org.apache.commons.jxpath.ri.model.XMLModelTestCase.testNodes()	org.apache.commons.jxpath.Pointer.getNode()
org.apache.commons.jxpath.xml.DOMParser.parseXML(InputStream)	org.apache.commons.jxpath.xml.XMLParser2.isIgnoringComments()
org.apache.commons.jxpath.ri.parser.XPathParserTokenManager.jjMoveStringLiteralDfa0_0()	org.apache.commons.jxpath.ri.parser.XPathParserTokenManager.jjMoveNfa_0(int,int)
org.apache.commons.jxpath.ri.parser.XPathParser.jj_3R_22()	org.apache.commons.jxpath.ri.parser.XPathParser.jj_3R_65()
org.apache.commons.jxpath.ri.NamespaceResolver.getExternallyRegisteredNamespaceURI(String)	org.apache.commons.jxpath.ri.NamespaceResolver.getExternallyRegisteredNamespaceURI(String)
org.apache.commons.jxpath.ri.parser.XPathParser.generateParseException()	org.apache.commons.jxpath.ri.parser.XPathParser.jj_rescan_token()
org.apache.commons.jxpath.ri.model.NodePointer.compareNodePointers(NodePointer,int,NodePointer,int)	org.apache.commons.jxpath.ri.model.NodePointer.compareChildNodePointers(NodePointer,NodePointer)
org.apache.commons.jxpath.ri.parser.XPathParserTokenManager.jjMoveStringLiteralDfa11_0(long,long,long,long)	org.apache.commons.jxpath.ri.parser.XPathParserTokenManager.jjStopAtPos(int,int)
org.apache.commons.jxpath.ri.model.beans.BeanModelTest.testIndexedProperty()	org.apache.commons.jxpath.JXPathContext.newContext(JXPathContext,Object)
org.apache.commons.jxpath.ri.JXPathContextReferenceImpl.setValue(String,Expression,Object,boolean)	org.apache.commons.jxpath.ri.model.NodePointer.createPath(JXPathContext,Object)
org.apache.commons.jxpath.ri.model.beans.NullElementPointer.getValuePointer()	org.apache.commons.jxpath.ri.model.beans.NullElementPointer.getName()
org.apache.commons.jxpath.ri.parser.XPathParserTokenManager.jjMoveStringLiteralDfa19_0(long,long)	org.apache.commons.jxpath.ri.parser.XPathParserTokenManager.jjStartNfa_0(int,long,long)
org.apache.commons.jxpath.ri.compiler.ExtensionFunctionTest.testConstructorLookup()	org.apache.commons.jxpath.Functions.getFunction(String,String,Object[])
org.apache.commons.jxpath.ri.model.jdom.JDOMNodePointer.createAttribute(JXPathContext,QName)	org.apache.commons.jxpath.ri.model.NodePointer.createAttribute(JXPathContext,QName)
org.apache.commons.jxpath.ri.JXPathContextReferenceImpl.setValue(String,Expression,Object,boolean)	org.apache.commons.jxpath.ri.JXPathContextReferenceImpl.checkSimplePath(Expression)
org.apache.commons.jxpath.ri.compiler.CoreFunction.functionKey(EvalContext)	org.apache.commons.jxpath.ri.compiler.CoreFunction.getArg1()
org.apache.commons.jxpath.ri.EvalContext.nextSet()	org.apache.commons.jxpath.ri.EvalContext.nextSet()
org.apache.commons.jxpath.ri.model.beans.NullElementPointer.createPath(JXPathContext,Object)	org.apache.commons.jxpath.ri.model.NodePointer.createChild(JXPathContext,QName,int,Object)
org.apache.commons.jxpath.ri.axes.SimplePathInterpreter.doPredicateName(EvalContext,NodePointer,Step[],int,Expression[],int)	org.apache.commons.jxpath.ri.axes.SimplePathInterpreter.createNullPointerForPredicates(EvalContext,NodePointer,Step[],int,Expression[],int)
org.apache.commons.jxpath.ri.parser.XPathParserTokenManager.getNextToken()	org.apache.commons.jxpath.ri.parser.SimpleCharStream.GetImage()
org.apache.commons.jxpath.ri.axes.SimplePathInterpreterTest.assertValueAndPointer(String,Object,String,String,String)	org.apache.commons.jxpath.ri.axes.SimplePathInterpreterTest.pointerSignature(Pointer)
org.apache.commons.jxpath.ri.model.dom.DOMAttributePointer.testNode(NodeTest)	org.apache.commons.jxpath.ri.compiler.NodeTypeTest.getNodeType()
org.apache.commons.jxpath.ri.axes.SimplePathInterpreter.doPredicateName(EvalContext,NodePointer,Step[],int,Expression[],int)	org.apache.commons.jxpath.ri.model.beans.PropertyPointer.isActual()
org.apache.commons.jxpath.ri.model.jdom.JDOMNodePointer.setValue(Object)	org.apache.commons.jxpath.ri.model.jdom.JDOMNodePointer.nodeParent(Object)
org.apache.commons.jxpath.ri.axes.RootContext.getVariableContext(QName)	org.apache.commons.jxpath.ri.JXPathContextReferenceImpl.getVariablePointer(QName)
org.apache.commons.jxpath.ri.parser.XPathParser.ReInit(XPathParserTokenManager)	org.apache.commons.jxpath.ri.parser.XPathParserTokenManager.getNextToken()
org.apache.commons.jxpath.ri.model.beans.NullPropertyPointer.createPath(JXPathContext,Object)	org.apache.commons.jxpath.JXPathContext.getFactory()
org.apache.commons.jxpath.ri.model.dynabeans.DynaBeanPropertyPointer.remove()	org.apache.commons.jxpath.ri.model.dynabeans.DynaBeanPropertyPointer.isIndexedProperty()
org.apache.commons.jxpath.ri.parser.XPathParser.jj_3R_122()	org.apache.commons.jxpath.ri.parser.XPathParser.jj_scan_token(int)
org.apache.commons.jxpath.ri.parser.XPathParser.jj_3R_58()	org.apache.commons.jxpath.ri.parser.XPathParser.jj_3R_69()
org.apache.commons.jxpath.ri.parser.XPathParser.jj_3R_38()	org.apache.commons.jxpath.ri.parser.XPathParser.jj_scan_token(int)
org.apache.commons.jxpath.ri.model.beans.PropertyIterator.getNodePointer()	org.apache.commons.jxpath.ri.model.NodePointer.setIndex(int)
org.apache.commons.jxpath.ri.parser.SimpleCharStream.FillBuff()	org.apache.commons.jxpath.ri.parser.SimpleCharStream.backup(int)
org.apache.commons.jxpath.ri.parser.XPathParserTokenManager.jjMoveStringLiteralDfa17_0(long,long)	org.apache.commons.jxpath.ri.parser.XPathParserTokenManager.jjMoveStringLiteralDfa18_0(long,long)
org.apache.commons.jxpath.ri.compiler.ExtensionFunctionTest.testStaticMethodLookup()	org.apache.commons.jxpath.Function.invoke(ExpressionContext,Object[])
org.apache.commons.jxpath.ri.model.NodePointer.newNodePointer(QName,Object,Locale)	org.apache.commons.jxpath.ri.model.NodePointerFactory.createNodePointer(QName,Object,Locale)
org.apache.commons.jxpath.ri.parser.XPathParser.jj_3R_95()	org.apache.commons.jxpath.ri.parser.XPathParser.jj_scan_token(int)
org.apache.commons.jxpath.ri.compiler.ExtensionFunctionTest.testMethodLookup()	org.apache.commons.jxpath.Functions.getFunction(String,String,Object[])
org.apache.commons.jxpath.ri.parser.XPathParser.jj_3R_90()	org.apache.commons.jxpath.ri.parser.XPathParser.jj_3R_112()
org.apache.commons.jxpath.ri.JXPathContextReferenceImpl.createNodeFactoryArray()	org.apache.commons.jxpath.ri.model.NodePointerFactory.getOrder()
org.apache.commons.jxpath.ri.model.BeanModelTestCase.testRelativeContextInheritance()	org.apache.commons.jxpath.JXPathContext.setFunctions(Functions)
org.apache.commons.jxpath.ri.model.BeanModelTestCase.testIteratePointerSetValue()	org.apache.commons.jxpath.Pointer.setValue(Object)
org.apache.commons.jxpath.servlet.KeywordVariables.getVariable(String)	org.apache.commons.jxpath.servlet.KeywordVariables.isDeclaredVariable(String)
org.apache.commons.jxpath.ri.parser.XPathParser.jj_3R_81()	org.apache.commons.jxpath.ri.parser.XPathParser.jj_3R_89()
org.apache.commons.jxpath.ri.axes.PrecedingOrFollowingContext.nextNode()	org.apache.commons.jxpath.ri.model.NodePointer.testNode(NodeTest)
org.apache.commons.jxpath.ri.model.container.ContainerPointer.getImmediateValuePointer()	org.apache.commons.jxpath.ri.model.container.ContainerPointer.getImmediateNode()
org.apache.commons.jxpath.ri.parser.XPathParser.jj_3R_79()	org.apache.commons.jxpath.ri.parser.XPathParser.jj_3R_86()
org.apache.commons.jxpath.ri.compiler.CoreFunction.functionFloor(EvalContext)	org.apache.commons.jxpath.ri.compiler.CoreFunction.assertArgCount(int)
org.apache.commons.jxpath.xml.DOMParser.parseXML(InputStream)	org.apache.commons.jxpath.xml.XMLParser2.isExpandEntityReferences()
org.apache.commons.jxpath.ri.parser.XPathParser.NodeType()	org.apache.commons.jxpath.ri.parser.XPathParser.jj_consume_token(int)
org.apache.commons.jxpath.ri.compiler.VariableTest.testInvalidVariableName()	org.apache.commons.jxpath.JXPathContext.setValue(String,Object)
org.apache.commons.jxpath.ri.axes.SelfContext.getSingleNodePointer()	org.apache.commons.jxpath.ri.EvalContext.getSingleNodePointer()
org.apache.commons.jxpath.ri.model.NodePointer.clone()	org.apache.commons.jxpath.ri.model.NodePointer.clone()
org.apache.commons.jxpath.ri.model.beans.TestBeanFactory.createObject(JXPathContext,Pointer,Object,String,int)	org.apache.commons.jxpath.TestBean.setBeans(NestedTestBean[])
org.apache.commons.jxpath.ri.model.BeanModelTestCase.testMultiple(int,int,boolean,boolean,int)	org.apache.commons.jxpath.ri.model.NodeIterator.getPosition()
org.apache.commons.jxpath.servlet.JXPathServletContextTest.checkPointerIterator(JXPathContext)	org.apache.commons.jxpath.Pointer.asPath()
org.apache.commons.jxpath.ri.compiler.Path.isSimplePath()	org.apache.commons.jxpath.ri.compiler.Path.getSteps()
org.apache.commons.jxpath.ri.model.VariablePointer.namespacePointer(String)	org.apache.commons.jxpath.ri.model.NodePointer.getValuePointer()
org.apache.commons.jxpath.ri.parser.XPathParserTokenManager.jjMoveStringLiteralDfa11_0(long,long,long,long)	org.apache.commons.jxpath.ri.parser.SimpleCharStream.readChar()
org.apache.commons.jxpath.util.ClassLoaderUtilTest.callExampleMessageMethodAndAssertSuccess()	org.apache.commons.jxpath.JXPathContext.newContext(Object)
org.apache.commons.jxpath.ri.EvalContext.getContextNodePointer()	org.apache.commons.jxpath.ri.EvalContext.getCurrentNodePointer()
org.apache.commons.jxpath.ri.model.beans.CollectionPointer.getLength()	org.apache.commons.jxpath.util.ValueUtils.getLength(Object)
org.apache.commons.jxpath.ri.axes.DescendantContext.nextNode()	org.apache.commons.jxpath.ri.model.NodeIterator.getPosition()
org.apache.commons.jxpath.ri.axes.SimplePathInterpreter.doStepNoPredicatesStandard(EvalContext,NodePointer,Step[],int)	org.apache.commons.jxpath.ri.axes.SimplePathInterpreter.computeQuality(NodePointer)
org.apache.commons.jxpath.ri.model.NodePointer.testNode(NodeTest)	org.apache.commons.jxpath.ri.model.NodePointer.isNode()
org.apache.commons.jxpath.ri.axes.SimplePathInterpreter.doStepNoPredicatesPropertyOwner(EvalContext,PropertyOwnerPointer,Step[],int)	org.apache.commons.jxpath.ri.axes.SimplePathInterpreter.doStep(EvalContext,NodePointer,Step[],int)
org.apache.commons.jxpath.ri.axes.ChildContext.prepare()	org.apache.commons.jxpath.ri.EvalContext.getCurrentNodePointer()
org.apache.commons.jxpath.ri.parser.XPathParser.jj_3R_18()	org.apache.commons.jxpath.ri.parser.XPathParser.jj_3R_51()
org.apache.commons.jxpath.ri.compiler.CoreOperationCompare.equal(EvalContext,Expression,Expression)	org.apache.commons.jxpath.ri.EvalContext.reset()
org.apache.commons.jxpath.servlet.JXPathServletContexts.getApplicationContext(ServletContext)	org.apache.commons.jxpath.JXPathContextFactory.newContext(JXPathContext,Object)
org.apache.commons.jxpath.ri.axes.ChildContext.getSingleNodePointer()	org.apache.commons.jxpath.ri.axes.ChildContext.getCurrentNodePointer()
org.apache.commons.jxpath.ri.axes.UnionContext.setPosition(int)	org.apache.commons.jxpath.ri.EvalContext.getCurrentNodePointer()
org.apache.commons.jxpath.ri.compiler.CoreFunction.functionRound(EvalContext)	org.apache.commons.jxpath.ri.compiler.CoreFunction.assertArgCount(int)
org.apache.commons.jxpath.ri.model.jdom.JDOMNodePointer.getNamespaceURI()	org.apache.commons.jxpath.ri.model.jdom.JDOMNodePointer.getNamespaceURI(Object)
org.apache.commons.jxpath.ri.model.jdom.JDOMNodePointer.testNode(NodePointer,Object,NodeTest)	org.apache.commons.jxpath.ri.model.jdom.JDOMNodePointer.getNamespaceURI(Object)
org.apache.commons.jxpath.ri.compiler.ExtensionFunctionTest.setUp()	org.apache.commons.jxpath.JXPathContext.newContext(Object)
org.apache.commons.jxpath.ri.model.dynabeans.LazyDynaBeanTest.testStrictLazyDynaBeanPropertyFactory()	org.apache.commons.jxpath.ri.JXPathContextReferenceImpl.addNodePointerFactory(NodePointerFactory)
org.apache.commons.jxpath.ri.compiler.NodeNameTest.toString()	org.apache.commons.jxpath.ri.QName.toString()
org.apache.commons.jxpath.ri.compiler.Path.areBasicPredicates(Expression[])	org.apache.commons.jxpath.ri.compiler.NameAttributeTest.getNameTestExpression()
org.apache.commons.jxpath.ri.compiler.CoreFunction.computeValue(EvalContext)	org.apache.commons.jxpath.ri.compiler.CoreFunction.functionID(EvalContext)
org.apache.commons.jxpath.ri.compiler.VariableTest.testRemovePathUndeclareVariable()	org.apache.commons.jxpath.Variables.declareVariable(String,Object)
org.apache.commons.jxpath.ri.Parser.parseExpression(String,Compiler)	org.apache.commons.jxpath.ri.Parser.addEscapes(String)
org.apache.commons.jxpath.ri.model.ExternalXMLNamespaceTest.createContext(String)	org.apache.commons.jxpath.JXPathContext.registerNamespace(String,String)
org.apache.commons.jxpath.ri.parser.XPathParser.Predicate()	org.apache.commons.jxpath.ri.parser.XPathParser.Expression()
org.apache.commons.jxpath.ri.model.beans.PropertyOwnerPointer.compareChildNodePointers(NodePointer,NodePointer)	org.apache.commons.jxpath.ri.QName.toString()
org.apache.commons.jxpath.ri.axes.SimplePathInterpreter.doStepPredicatesStandard(EvalContext,NodePointer,Step[],int)	org.apache.commons.jxpath.ri.model.NodeIterator.setPosition(int)
org.apache.commons.jxpath.ri.compiler.CoreFunction.functionSubstringAfter(EvalContext)	org.apache.commons.jxpath.ri.compiler.Expression.computeValue(EvalContext)
org.apache.commons.jxpath.ri.model.jdom.JDOMNodeIterator.setPosition(int)	org.apache.commons.jxpath.ri.model.jdom.JDOMNodeIterator.previous()
org.apache.commons.jxpath.servlet.JXPathServletContextTest.testServletRequest()	org.apache.commons.jxpath.servlet.JXPathServletContextTest.checkPointerIterator(JXPathContext)
org.apache.commons.jxpath.ri.model.VariablePointer.namespaceIterator()	org.apache.commons.jxpath.ri.model.NodePointer.getValuePointer()
org.apache.commons.jxpath.ri.model.beans.BadlyImplementedFactoryTest.testBadFactoryImplementation()	org.apache.commons.jxpath.JXPathContext.createPath(String)
org.apache.commons.jxpath.ri.parser.ParseException.getMessage()	org.apache.commons.jxpath.ri.parser.ParseException.add_escapes(String)
org.apache.commons.jxpath.ri.model.beans.PropertyIterator.setPosition(int)	org.apache.commons.jxpath.ri.model.beans.PropertyIterator.setPositionIndividualProperty(int)
org.apache.commons.jxpath.ri.parser.XPathParser.jj_3R_134()	org.apache.commons.jxpath.ri.parser.XPathParser.jj_scan_token(int)
org.apache.commons.jxpath.ri.JXPathContextReferenceImpl.getEvalContext()	org.apache.commons.jxpath.ri.JXPathContextReferenceImpl.getContextPointer()
org.apache.commons.jxpath.ri.model.VariablePointer.asPath()	org.apache.commons.jxpath.ri.model.NodePointer.getNode()
org.apache.commons.jxpath.ri.JXPathContextReferenceImpl.iterate(String,Expression)	org.apache.commons.jxpath.ri.compiler.Expression.iterate(EvalContext)
org.apache.commons.jxpath.ri.JXPathContextReferenceImpl.getValue(String,Expression,Class)	org.apache.commons.jxpath.ri.JXPathContextReferenceImpl.getValue(String,Expression)
org.apache.commons.jxpath.ri.model.dynamic.DynamicPropertyPointer.getBaseValue()	org.apache.commons.jxpath.ri.model.beans.PropertyPointer.getBean()
org.apache.commons.jxpath.ri.axes.PredicateContext.setupDynamicPropertyPointer()	org.apache.commons.jxpath.ri.model.beans.PropertyOwnerPointer.getPropertyPointer()
org.apache.commons.jxpath.ri.compiler.CoreFunction.computeValue(EvalContext)	org.apache.commons.jxpath.ri.compiler.CoreFunction.functionConcat(EvalContext)
org.apache.commons.jxpath.ri.compiler.CoreFunction.functionName(EvalContext)	org.apache.commons.jxpath.ri.model.NodePointer.getName()
org.apache.commons.jxpath.ri.model.jdom.JDOMNodePointer.asPath()	org.apache.commons.jxpath.ri.model.jdom.JDOMNodePointer.getNamespaceURI()
org.apache.commons.jxpath.ri.compiler.CoreFunction.compute(EvalContext)	org.apache.commons.jxpath.ri.compiler.CoreFunction.computeValue(EvalContext)
org.apache.commons.jxpath.ri.model.beans.PropertyOwnerPointer.getImmediateNode()	org.apache.commons.jxpath.ri.model.NodePointer.getBaseValue()
org.apache.commons.jxpath.ri.model.beans.PropertyPointer.createPath(JXPathContext)	org.apache.commons.jxpath.ri.model.NodePointer.asPath()
org.apache.commons.jxpath.ri.model.NodePointer.handle(Throwable)	org.apache.commons.jxpath.ri.model.NodePointer.handle(Throwable,NodePointer)
org.apache.commons.jxpath.xml.DocumentContainer.getValue()	org.apache.commons.jxpath.xml.DocumentContainer.parseXML(InputStream)
org.apache.commons.jxpath.servlet.JXPathServletContextTest.testServletContext()	org.apache.commons.jxpath.servlet.JXPathServletContexts.getApplicationContext(ServletContext)
org.apache.commons.jxpath.ri.parser.XPathParser.jj_3R_19()	org.apache.commons.jxpath.ri.parser.XPathParser.jj_3R_63()
org.apache.commons.jxpath.ri.compiler.VariableTest.testCreatePathAndSetValueExpandCollection()	org.apache.commons.jxpath.JXPathContext.getValue(String)
org.apache.commons.jxpath.ri.model.BeanModelTestCase.testRelativeContextRelativePath()	org.apache.commons.jxpath.JXPathContext.getRelativeContext(Pointer)
org.apache.commons.jxpath.ri.compiler.VariableTest.setUp()	org.apache.commons.jxpath.JXPathContext.getVariables()
org.apache.commons.jxpath.JXPathContext.compile(String)	org.apache.commons.jxpath.JXPathContext.newContext(Object)
org.apache.commons.jxpath.ri.model.beans.NullPropertyPointer.asPath()	org.apache.commons.jxpath.ri.model.beans.NullPropertyPointer.getPropertyName()
org.apache.commons.jxpath.ri.parser.XPathParser.jj_3R_90()	org.apache.commons.jxpath.ri.parser.XPathParser.jj_3R_103()
org.apache.commons.jxpath.ri.compiler.CoreFunction.functionLocalName(EvalContext)	org.apache.commons.jxpath.ri.compiler.Expression.compute(EvalContext)
org.apache.commons.jxpath.ri.axes.SimplePathInterpreter.getNodeIterator(EvalContext,NodePointer,Step)	org.apache.commons.jxpath.ri.model.NodePointer.attributeIterator(QName)
org.apache.commons.jxpath.ri.parser.XPathParser.jj_2_2(int)	org.apache.commons.jxpath.ri.parser.XPathParser.jj_save(int,int)
org.apache.commons.jxpath.ri.NamespaceResolver.getExternallyRegisteredPrefix(String)	org.apache.commons.jxpath.ri.NamespaceResolver.getExternallyRegisteredPrefix(String)
org.apache.commons.jxpath.ri.compiler.CoreOperationAdd.computeValue(EvalContext)	org.apache.commons.jxpath.ri.InfoSetUtil.doubleValue(Object)
org.apache.commons.jxpath.ri.compiler.CoreFunction.functionNamespaceURI(EvalContext)	org.apache.commons.jxpath.ri.compiler.CoreFunction.getArgumentCount()
org.apache.commons.jxpath.ri.compiler.TreeCompiler.expressionPath(Object,Object[],Object[])	org.apache.commons.jxpath.ri.compiler.TreeCompiler.toExpressionArray(Object[])
org.apache.commons.jxpath.ri.model.beans.NullPropertyPointer.createPath(JXPathContext)	org.apache.commons.jxpath.ri.model.NodePointer.createAttribute(JXPathContext,QName)
org.apache.commons.jxpath.ri.model.dynamic.DynamicPropertiesModelTest.testRemovePath()	org.apache.commons.jxpath.JXPathContext.getContextBean()
org.apache.commons.jxpath.ri.parser.XPathParserTokenManager.jjMoveStringLiteralDfa18_0(long,long)	org.apache.commons.jxpath.ri.parser.XPathParserTokenManager.jjStartNfa_0(int,long,long)
org.apache.commons.jxpath.util.ClassLoaderUtil.getClass(ClassLoader,String,boolean)	org.apache.commons.jxpath.util.ClassLoaderUtil.toCanonicalName(String)
org.apache.commons.jxpath.ri.model.XMLModelTestCase.setUp()	org.apache.commons.jxpath.JXPathContext.getPointer(String)
org.apache.commons.jxpath.ri.model.dynamic.DynamicPropertyPointer.remove()	org.apache.commons.jxpath.util.ValueUtils.remove(Object,int)
org.apache.commons.jxpath.BasicNodeSetTest.testNodes()	org.apache.commons.jxpath.BasicNodeSet.getPointers()
org.apache.commons.jxpath.ri.model.dynamic.DynamicPropertiesModelTest.testCreatePathAndSetValueNewCollectionElement()	org.apache.commons.jxpath.TestBean.getMap()
org.apache.commons.jxpath.BasicNodeSetTest.setUp()	org.apache.commons.jxpath.JXPathContext.newContext(Object)
org.apache.commons.jxpath.util.ValueUtils.getValue(Object,PropertyDescriptor,int)	org.apache.commons.jxpath.util.ValueUtils.getValue(Object,int)
org.apache.commons.jxpath.ri.compiler.CoreFunction.computeValue(EvalContext)	org.apache.commons.jxpath.ri.compiler.CoreFunction.functionLocalName(EvalContext)
org.apache.commons.jxpath.ri.model.VariablePointerFactory.createNodePointer(NodePointer,QName,Object)	org.apache.commons.jxpath.ri.model.VariablePointerFactory.createNodePointer(QName,Object,Locale)
org.apache.commons.jxpath.ri.model.dynamic.DynamicPointerFactory.createNodePointer(NodePointer,QName,Object)	org.apache.commons.jxpath.JXPathBeanInfo.getDynamicPropertyHandlerClass()
org.apache.commons.jxpath.ri.model.VariablePointer.getImmediateValuePointer()	org.apache.commons.jxpath.ri.model.VariablePointer.getImmediateNode()
org.apache.commons.jxpath.ri.model.dynabeans.DynaBeanPropertyPointer.convert(Object,boolean)	org.apache.commons.jxpath.util.TypeUtils.convert(Object,Class)
org.apache.commons.jxpath.ri.axes.PredicateContext.nextNode()	org.apache.commons.jxpath.ri.EvalContext.nextNode()
org.apache.commons.jxpath.ri.model.beans.BeanPropertyPointer.remove()	org.apache.commons.jxpath.ri.model.beans.BeanPropertyPointer.setValue(Object)
org.apache.commons.jxpath.ri.model.beans.CollectionPointer.childIterator(NodeTest,boolean,NodePointer)	org.apache.commons.jxpath.ri.model.NodePointer.childIterator(NodeTest,boolean,NodePointer)
org.apache.commons.jxpath.ri.parser.XPathParser.WildcardName()	org.apache.commons.jxpath.ri.parser.XPathParser.NCName()
org.apache.commons.jxpath.ri.axes.SimplePathInterpreter.doStepPredicatesStandard(EvalContext,NodePointer,Step[],int)	org.apache.commons.jxpath.ri.axes.SimplePathInterpreter.isNameAttributeEqual(NodePointer,String)
org.apache.commons.jxpath.ri.compiler.CoreOperationCompare.equal(Object,Object)	org.apache.commons.jxpath.ri.InfoSetUtil.stringValue(Object)
org.apache.commons.jxpath.ri.model.beans.BeanPropertyPointer.remove()	org.apache.commons.jxpath.util.ValueUtils.setValue(Object,PropertyDescriptor,Object)
org.apache.commons.jxpath.ri.model.NodePointer.isDefaultNamespace(String)	org.apache.commons.jxpath.ri.model.NodePointer.getNamespaceURI(String)
org.apache.commons.jxpath.ri.parser.XPathParser.PathExpr()	org.apache.commons.jxpath.ri.parser.XPathParser.jj_2_6(int)
org.apache.commons.jxpath.ri.axes.SimplePathInterpreter.doStepPredicatesStandard(EvalContext,NodePointer,Step[],int)	org.apache.commons.jxpath.ri.axes.SimplePathInterpreter.doPredicatesStandard(EvalContext,List,Step[],int,Expression[],int)
org.apache.commons.jxpath.ri.model.beans.PropertyPointer.createChild(JXPathContext,QName,int)	org.apache.commons.jxpath.ri.model.NodePointer.setIndex(int)
org.apache.commons.jxpath.ri.parser.XPathParser.jj_3R_87()	org.apache.commons.jxpath.ri.parser.XPathParser.jj_scan_token(int)
org.apache.commons.jxpath.ri.parser.XPathParser.jj_3R_143()	org.apache.commons.jxpath.ri.parser.XPathParser.jj_3R_77()
org.apache.commons.jxpath.ri.axes.SimplePathInterpreterTest.testDoPredicateIndex()	org.apache.commons.jxpath.ri.axes.SimplePathInterpreterTest.assertNullPointer(String,String,String)
org.apache.commons.jxpath.ri.model.EmptyCollectionTest.testEmptyArray()	org.apache.commons.jxpath.JXPathContext.newContext(Object)
org.apache.commons.jxpath.ri.NamespaceResolver.getPrefix(String)	org.apache.commons.jxpath.ri.NamespaceResolver.getExternallyRegisteredPrefix(String)
org.apache.commons.jxpath.ri.parser.XPathParser.NodeTest(ArrayList)	org.apache.commons.jxpath.ri.Compiler.step(int,Object,Object[])
org.apache.commons.jxpath.ri.model.beans.NullPropertyPointer.createPath(JXPathContext,Object)	org.apache.commons.jxpath.ri.model.beans.NullPropertyPointer.getName()
org.apache.commons.jxpath.ri.parser.XPathParserTokenManager.ReInit(SimpleCharStream,int)	org.apache.commons.jxpath.ri.parser.XPathParserTokenManager.ReInit(SimpleCharStream)
org.apache.commons.jxpath.ri.model.container.ContainerPointer.getImmediateNode()	org.apache.commons.jxpath.util.ValueUtils.getValue(Object)
org.apache.commons.jxpath.ri.axes.ChildContext.nextNode()	org.apache.commons.jxpath.ri.axes.ChildContext.setPosition(int)
org.apache.commons.jxpath.util.BasicTypeConverterTest.testPrimitiveToString()	org.apache.commons.jxpath.util.BasicTypeConverterTest.assertConversion(Object,Class,Object)
org.apache.commons.jxpath.ri.EvalContext.sortPointers(List)	org.apache.commons.jxpath.ri.EvalContext.getDocumentOrder()
org.apache.commons.jxpath.ri.model.VariablePointer.createChild(JXPathContext,QName,int,Object)	org.apache.commons.jxpath.util.ValueUtils.setValue(Object,int,Object)
org.apache.commons.jxpath.ri.model.BeanModelTestCase.testCreatePath()	org.apache.commons.jxpath.JXPathContext.setValue(String,Object)
org.apache.commons.jxpath.ri.JXPathContextReferenceImpl.removeAll(String,Expression)	org.apache.commons.jxpath.ri.JXPathContextReferenceImpl.removePath(String)
org.apache.commons.jxpath.JXPathContext.getPointerByID(String)	org.apache.commons.jxpath.IdentityManager.getPointerByID(JXPathContext,String)
org.apache.commons.jxpath.ri.compiler.CoreFunction.functionString(EvalContext)	org.apache.commons.jxpath.ri.InfoSetUtil.stringValue(Object)
org.apache.commons.jxpath.ri.model.dom.DOMAttributePointer.getNamespaceURI()	org.apache.commons.jxpath.ri.model.NodePointer.getNamespaceURI(String)
org.apache.commons.jxpath.ri.model.beans.BeanPropertyPointer.remove()	org.apache.commons.jxpath.ri.model.beans.PropertyPointer.getBean()
org.apache.commons.jxpath.ri.model.beans.NullPropertyPointer.getValuePointer()	org.apache.commons.jxpath.ri.model.beans.NullPropertyPointer.getPropertyName()
org.apache.commons.jxpath.ri.parser.XPathParserTokenManager.jjFillToken()	org.apache.commons.jxpath.ri.parser.SimpleCharStream.getEndColumn()
org.apache.commons.jxpath.ri.parser.XPathParser.LocationStep(ArrayList)	org.apache.commons.jxpath.ri.parser.XPathParser.NodeTest(ArrayList)
org.apache.commons.jxpath.ri.JXPathContextReferenceImpl.removePath(String)	org.apache.commons.jxpath.ri.JXPathContextReferenceImpl.removePath(String,Expression)
org.apache.commons.jxpath.ri.model.container.ContainerPointer.isCollection()	org.apache.commons.jxpath.util.ValueUtils.isCollection(Object)
org.apache.commons.jxpath.ri.parser.XPathParser.jj_3R_18()	org.apache.commons.jxpath.ri.parser.XPathParser.jj_3R_42()
org.apache.commons.jxpath.ri.model.container.ContainerPointer.isLeaf()	org.apache.commons.jxpath.ri.model.NodePointer.isLeaf()
org.apache.commons.jxpath.ri.compiler.VariableTest.testRemovePathCollectionElement()	org.apache.commons.jxpath.JXPathContext.removePath(String)
org.apache.commons.jxpath.util.BasicTypeConverterTest.assertConversion(Object,Class,Object)	org.apache.commons.jxpath.util.TypeUtils.canConvert(Object,Class)
org.apache.commons.jxpath.ri.parser.XPathParser.AxisSpecifier()	org.apache.commons.jxpath.ri.parser.XPathParser.AxisName()
org.apache.commons.jxpath.ri.parser.XPathParserTokenManager.jjMoveStringLiteralDfa1_0(long,long)	org.apache.commons.jxpath.ri.parser.XPathParserTokenManager.jjStartNfa_0(int,long,long)
org.apache.commons.jxpath.ri.compiler.TreeCompiler.isNameAttributeTest(Expression)	org.apache.commons.jxpath.ri.compiler.Step.getNodeTest()
org.apache.commons.jxpath.ri.model.beans.CollectionPointer.isLeaf()	org.apache.commons.jxpath.JXPathBeanInfo.isAtomic()
org.apache.commons.jxpath.ri.model.NodePointer.asPath()	org.apache.commons.jxpath.ri.model.NodePointer.getName()
org.apache.commons.jxpath.ri.parser.XPathParser.jj_2_6(int)	org.apache.commons.jxpath.ri.parser.XPathParser.jj_save(int,int)
org.apache.commons.jxpath.ri.model.NodePointer.createAttribute(JXPathContext,QName)	org.apache.commons.jxpath.ri.model.NodePointer.asPath()
org.apache.commons.jxpath.ri.compiler.CoreFunction.functionLocalName(EvalContext)	org.apache.commons.jxpath.ri.EvalContext.next()
org.apache.commons.jxpath.ri.axes.SimplePathInterpreterTest.testDoStepNoPredicatesStandard()	org.apache.commons.jxpath.ri.axes.SimplePathInterpreterTest.assertValueAndPointer(String,Object,String,String)
org.apache.commons.jxpath.util.MethodLookupUtils.lookupMethod(Class,String,Object[])	org.apache.commons.jxpath.util.MethodLookupUtils.matchParameterTypes(Class[],Object[])
org.apache.commons.jxpath.ri.compiler.ContextDependencyTest.testContextDependency(String,boolean)	org.apache.commons.jxpath.ri.compiler.Expression.isContextDependent()
org.apache.commons.jxpath.ri.NamespaceResolver.getPrefix(NodePointer,String)	org.apache.commons.jxpath.ri.QName.getName()
org.apache.commons.jxpath.ri.model.dom.DOMNodeIterator.next()	org.apache.commons.jxpath.ri.model.dom.DOMNodeIterator.testChild()
org.apache.commons.jxpath.ri.model.beans.CollectionPointer.childIterator(NodeTest,boolean,NodePointer)	org.apache.commons.jxpath.ri.model.beans.CollectionPointer.getValuePointer()
org.apache.commons.jxpath.ri.parser.XPathParser.MultiplicativeExpr()	org.apache.commons.jxpath.ri.Compiler.multiply(Object,Object)
org.apache.commons.jxpath.ri.parser.XPathParser.getToken(int)	org.apache.commons.jxpath.ri.parser.XPathParserTokenManager.getNextToken()
org.apache.commons.jxpath.ri.parser.XPathParser.NodeTest(ArrayList)	org.apache.commons.jxpath.ri.Compiler.nodeTypeTest(int)
org.apache.commons.jxpath.JXPathContext.newContext(JXPathContext,Object)	org.apache.commons.jxpath.JXPathContext.getContextFactory()
org.apache.commons.jxpath.ri.model.VariablePointer.compareChildNodePointers(NodePointer,NodePointer)	org.apache.commons.jxpath.ri.model.NodePointer.getIndex()
org.apache.commons.jxpath.JXPathTestCase.assertXPathValueAndPointer(JXPathContext,String,Object,String)	org.apache.commons.jxpath.JXPathTestCase.assertXPathValue(JXPathContext,String,Object)
org.apache.commons.jxpath.ri.model.dom.DOMModelTest.testGetElementDescendantOrSelf()	org.apache.commons.jxpath.JXPathContext.getPointer(String)
org.apache.commons.jxpath.ri.compiler.CoreFunction.functionRound(EvalContext)	org.apache.commons.jxpath.ri.InfoSetUtil.doubleValue(Object)
org.apache.commons.jxpath.ri.model.dynamic.DynamicPropertyPointer.getPropertyNames()	org.apache.commons.jxpath.DynamicPropertyHandler.getPropertyNames(Object)
org.apache.commons.jxpath.ri.axes.ParentContext.nextNode()	org.apache.commons.jxpath.ri.model.NodePointer.isContainer()
org.apache.commons.jxpath.ri.model.beans.PropertyPointer.createChild(JXPathContext,QName,int,Object)	org.apache.commons.jxpath.ri.model.beans.PropertyPointer.createPath(JXPathContext,Object)
org.apache.commons.jxpath.JXPathContext.selectSingleNode(String)	org.apache.commons.jxpath.Pointer.getNode()
org.apache.commons.jxpath.ri.axes.SimplePathInterpreter.doStepPredicatesStandard(EvalContext,NodePointer,Step[],int)	org.apache.commons.jxpath.ri.axes.SimplePathInterpreter.indexFromPredicate(EvalContext,Expression)
org.apache.commons.jxpath.ri.compiler.CoreOperationDivide.computeValue(EvalContext)	org.apache.commons.jxpath.ri.InfoSetUtil.doubleValue(Object)
org.apache.commons.jxpath.ri.compiler.TestFunctions.isMap(ExpressionContext)	org.apache.commons.jxpath.ExpressionContext.getContextNodePointer()
org.apache.commons.jxpath.ri.NamespaceResolver.getPrefix(NodePointer,String)	org.apache.commons.jxpath.ri.model.NodePointer.getParent()
org.apache.commons.jxpath.ri.EvalContext.performIteratorStep()	org.apache.commons.jxpath.ri.EvalContext.nextNode()
org.apache.commons.jxpath.ri.compiler.Path.isSimpleStep(Step)	org.apache.commons.jxpath.ri.compiler.Step.getAxis()
org.apache.commons.jxpath.ri.parser.XPathParser.jj_3R_115()	org.apache.commons.jxpath.ri.parser.XPathParser.jj_3R_117()
org.apache.commons.jxpath.ri.parser.SimpleCharStream.ReInit(InputStream)	org.apache.commons.jxpath.ri.parser.SimpleCharStream.ReInit(InputStream,int,int,int)
org.apache.commons.jxpath.ri.compiler.ExtensionFunction.computeValue(EvalContext)	org.apache.commons.jxpath.ri.axes.RootContext.getFunction(QName,Object[])
org.apache.commons.jxpath.ri.parser.XPathParser.jj_3R_136()	org.apache.commons.jxpath.ri.parser.XPathParser.jj_3R_138()
org.apache.commons.jxpath.ri.parser.XPathParser.AbsoluteLocationPath()	org.apache.commons.jxpath.ri.parser.XPathParser.jj_consume_token(int)
org.apache.commons.jxpath.ri.model.beans.BeanPropertyPointer.isCollection()	org.apache.commons.jxpath.util.ValueUtils.isCollection(Object)
org.apache.commons.jxpath.ri.axes.SimplePathInterpreter.doPredicatesStandard(EvalContext,List,Step[],int,Expression[],int)	org.apache.commons.jxpath.ri.axes.SimplePathInterpreter.doStep(EvalContext,NodePointer,Step[],int)
org.apache.commons.jxpath.ri.compiler.CoreFunctionTest.testFormatNumberFunction()	org.apache.commons.jxpath.JXPathContext.setDecimalFormatSymbols(String,DecimalFormatSymbols)
org.apache.commons.jxpath.ri.compiler.CoreFunction.functionNormalizeSpace(EvalContext)	org.apache.commons.jxpath.ri.compiler.CoreFunction.assertArgCount(int)
org.apache.commons.jxpath.ri.model.dom.DOMNodePointer.asPath()	org.apache.commons.jxpath.ri.NamespaceResolver.getPrefix(String)
org.apache.commons.jxpath.ri.compiler.CoreOperationRelationalExpression.reduce(Object)	org.apache.commons.jxpath.ri.EvalContext.getSingleNodePointer()
org.apache.commons.jxpath.ri.model.NodePointer.getValue()	org.apache.commons.jxpath.ri.model.NodePointer.getValue()
org.apache.commons.jxpath.ri.model.dom.DOMNodePointer.createChild(JXPathContext,QName,int)	org.apache.commons.jxpath.ri.QName.getPrefix()
org.apache.commons.jxpath.ri.parser.XPathParser.AdditiveExpr()	org.apache.commons.jxpath.ri.Compiler.sum(Object[])
org.apache.commons.jxpath.ri.JXPathContextReferenceImpl.compileExpression(String)	org.apache.commons.jxpath.ri.Parser.parseExpression(String,Compiler)
org.apache.commons.jxpath.ri.axes.SimplePathInterpreterTest.testDoStepNoPredicatesPropertyOwner()	org.apache.commons.jxpath.TestBean.getNestedBean()
org.apache.commons.jxpath.ri.model.NodePointer.testNode(NodeTest)	org.apache.commons.jxpath.ri.compiler.NodeNameTest.getNodeName()
org.apache.commons.jxpath.ri.parser.XPathParser.jj_3R_75()	org.apache.commons.jxpath.ri.parser.XPathParser.jj_scan_token(int)
org.apache.commons.jxpath.util.ValueUtils.getIndexedPropertyLength(Object,IndexedPropertyDescriptor)	org.apache.commons.jxpath.util.ValueUtils.getLength(Object)
org.apache.commons.jxpath.ri.axes.SimplePathInterpreter.doPredicateName(EvalContext,NodePointer,Step[],int,Expression[],int)	org.apache.commons.jxpath.ri.axes.SimplePathInterpreter.doPredicateName(EvalContext,NodePointer,Step[],int,Expression[],int)
org.apache.commons.jxpath.util.BasicTypeConverter.canConvert(Object,Class)	org.apache.commons.jxpath.util.TypeUtils.wrapPrimitive(Class)
org.apache.commons.jxpath.ri.axes.PrecedingOrFollowingContext.nextNode()	org.apache.commons.jxpath.ri.model.NodePointer.isLeaf()
org.apache.commons.jxpath.ri.model.jdom.JDOMNodePointer.createAttribute(JXPathContext,QName)	org.apache.commons.jxpath.ri.model.NodeIterator.getNodePointer()
org.apache.commons.jxpath.ri.model.EmbeddedColonMapKeysTest.setUp()	org.apache.commons.jxpath.JXPathContext.newContext(Object)
org.apache.commons.jxpath.ri.parser.XPathParser.EqualityExpr()	org.apache.commons.jxpath.ri.Compiler.equal(Object,Object)
org.apache.commons.jxpath.xml.DocumentContainer.parseXML(InputStream)	org.apache.commons.jxpath.xml.XMLParser.parseXML(InputStream)
org.apache.commons.jxpath.ri.parser.XPathParser.jj_3R_18()	org.apache.commons.jxpath.ri.parser.XPathParser.jj_3R_55()
org.apache.commons.jxpath.ri.model.BeanModelTestCase.testIteratePointerSetValue()	org.apache.commons.jxpath.JXPathContext.setValue(String,Object)
org.apache.commons.jxpath.ri.parser.XPathParser.Expression()	org.apache.commons.jxpath.ri.parser.XPathParser.OrExpr()
org.apache.commons.jxpath.ri.compiler.CoreFunction.functionLocalName(EvalContext)	org.apache.commons.jxpath.ri.EvalContext.hasNext()
org.apache.commons.jxpath.ri.JXPathContextReferenceImpl.getVariablePointer(QName)	org.apache.commons.jxpath.ri.model.VariablePointerFactory.contextWrapper(JXPathContext)
org.apache.commons.jxpath.ri.model.dynamic.DynamicPropertiesModelTest.testCreatePathCreateBean()	org.apache.commons.jxpath.TestBean.setMap(Map)
org.apache.commons.jxpath.ri.parser.XPathParser.jj_3_6()	org.apache.commons.jxpath.ri.parser.XPathParser.jj_3R_19()
org.apache.commons.jxpath.ri.model.BeanModelTestCase.relativeProperty(PropertyPointer,int)	org.apache.commons.jxpath.ri.model.beans.PropertyPointer.getPropertyNames()
org.apache.commons.jxpath.ri.model.container.ContainerModelTest.testContainerVariableWithCollection()	org.apache.commons.jxpath.JXPathContext.getVariables()
org.apache.commons.jxpath.ri.parser.XPathParserTokenManager.jjMoveStringLiteralDfa14_0(long,long,long,long)	org.apache.commons.jxpath.ri.parser.XPathParserTokenManager.jjMoveStringLiteralDfa15_0(long,long,long,long)
org.apache.commons.jxpath.xml.DocumentContainer.parseXML(InputStream)	org.apache.commons.jxpath.xml.XMLParser2.isIgnoringElementContentWhitespace()
org.apache.commons.jxpath.ri.parser.XPathParser.jj_3R_51()	org.apache.commons.jxpath.ri.parser.XPathParser.jj_scan_token(int)
org.apache.commons.jxpath.ri.parser.XPathParserTokenManager.jjStartNfa_0(int,long,long)	org.apache.commons.jxpath.ri.parser.XPathParserTokenManager.jjStopStringLiteralDfa_0(int,long,long)
org.apache.commons.jxpath.ri.parser.XPathParserTokenManager.jjMoveStringLiteralDfa11_0(long,long,long,long)	org.apache.commons.jxpath.ri.parser.XPathParserTokenManager.jjMoveStringLiteralDfa12_0(long,long,long,long)
org.apache.commons.jxpath.JXPathContext.newContext(JXPathContext,Object)	org.apache.commons.jxpath.JXPathContextFactory.newContext(JXPathContext,Object)
org.apache.commons.jxpath.ri.model.beans.NullPropertyPointer.asPath()	org.apache.commons.jxpath.ri.model.NodePointer.escape(String)
org.apache.commons.jxpath.ri.model.beans.PropertyIterator.getNodePointer()	org.apache.commons.jxpath.ri.model.beans.PropertyIterator.prepareForIndividualProperty(String)
org.apache.commons.jxpath.ri.model.beans.CollectionPointer.setValue(Object)	org.apache.commons.jxpath.util.ValueUtils.setValue(Object,int,Object)
src\java\org\apache\commons\jxpath\ri\model\dom\DOMAttributeIterator.java::getAttribute(Element,QName)	org.apache.commons.jxpath.ri.NamespaceResolver.getNamespaceURI(String)
org.apache.commons.jxpath.ri.axes.InitialContext.setPosition(int)	org.apache.commons.jxpath.ri.model.NodePointer.setIndex(int)
org.apache.commons.jxpath.ri.NamespaceResolver.getNamespaceURI(String)	org.apache.commons.jxpath.ri.model.NodePointer.getNamespaceURI(String)
org.apache.commons.jxpath.ri.compiler.VariableTest.testNestedContext()	org.apache.commons.jxpath.JXPathContext.newContext(JXPathContext,Object)
org.apache.commons.jxpath.ri.compiler.TreeCompiler.union(Object[])	org.apache.commons.jxpath.ri.compiler.TreeCompiler.toExpressionArray(Object[])
org.apache.commons.jxpath.ri.compiler.CoreOperationTest.setUp()	org.apache.commons.jxpath.Variables.declareVariable(String,Object)
org.apache.commons.jxpath.ri.parser.XPathParserTokenManager.jjMoveStringLiteralDfa10_0(long,long,long,long)	org.apache.commons.jxpath.ri.parser.SimpleCharStream.readChar()
org.apache.commons.jxpath.ri.JXPathContextReferenceImpl.getValue(String,Expression)	org.apache.commons.jxpath.ri.model.NodePointer.isActual()
org.apache.commons.jxpath.ri.model.beans.PropertyPointer.compareChildNodePointers(NodePointer,NodePointer)	org.apache.commons.jxpath.ri.model.NodePointer.compareChildNodePointers(NodePointer,NodePointer)
org.apache.commons.jxpath.ri.model.dynamic.DynamicPropertiesModelTest.testCreatePathAndSetValueNewCollectionElement()	org.apache.commons.jxpath.JXPathContext.getContextBean()
org.apache.commons.jxpath.ri.model.dynamic.DynamicPointer.isLeaf()	org.apache.commons.jxpath.ri.model.NodePointer.getNode()
org.apache.commons.jxpath.ri.model.beans.BeanPropertyPointer.getBaseValue()	org.apache.commons.jxpath.util.ValueUtils.getValue(Object,PropertyDescriptor)
org.apache.commons.jxpath.ri.model.beans.BeanPointer.equals(Object)	org.apache.commons.jxpath.ri.QName.equals(Object)
org.apache.commons.jxpath.ri.model.dynamic.DynamicPropertiesModelTest.testCreatePathAndSetValueNewCollectionElement()	org.apache.commons.jxpath.TestBean.setMap(Map)
org.apache.commons.jxpath.ri.model.NodePointer.newChildNodePointer(NodePointer,QName,Object)	org.apache.commons.jxpath.ri.model.NodePointerFactory.createNodePointer(NodePointer,QName,Object)
org.apache.commons.jxpath.ri.compiler.CoreFunction.functionNumber(EvalContext)	org.apache.commons.jxpath.ri.compiler.CoreFunction.getArg1()
org.apache.commons.jxpath.ri.parser.XPathParser.jj_3R_90()	org.apache.commons.jxpath.ri.parser.XPathParser.jj_3R_107()
org.apache.commons.jxpath.ri.compiler.CoreOperationUnion.computeValue(EvalContext)	org.apache.commons.jxpath.ri.EvalContext.getRootContext()
org.apache.commons.jxpath.ri.compiler.ExtensionFunctionTest.testStaticMethodLookupWithExpressionContext()	org.apache.commons.jxpath.Functions.getFunction(String,String,Object[])
org.apache.commons.jxpath.ri.model.dom.DOMNodePointer.createAttribute(JXPathContext,QName)	org.apache.commons.jxpath.ri.model.NodeIterator.setPosition(int)
org.apache.commons.jxpath.ri.JXPathContextReferenceImpl.createPath(String,Expression)	org.apache.commons.jxpath.ri.compiler.Expression.computeValue(EvalContext)
org.apache.commons.jxpath.servlet.PageScopeContextHandler.getProperty(Object,String)	org.apache.commons.jxpath.servlet.PageScopeContext.getAttribute(String)
org.apache.commons.jxpath.ri.compiler.ExpressionPath.compute(EvalContext)	org.apache.commons.jxpath.ri.compiler.ExpressionPath.expressionPath(EvalContext,boolean)
org.apache.commons.jxpath.ri.JXPathContextReferenceImpl.removePath(String)	org.apache.commons.jxpath.ri.JXPathContextReferenceImpl.compileExpression(String)
org.apache.commons.jxpath.ri.compiler.CoreFunction.functionFormatNumber(EvalContext)	org.apache.commons.jxpath.ri.InfoSetUtil.stringValue(Object)
org.apache.commons.jxpath.ri.parser.XPathParserTokenManager.jjMoveStringLiteralDfa7_0(long,long,long,long)	org.apache.commons.jxpath.ri.parser.XPathParserTokenManager.jjStartNfaWithStates_0(int,int,int)
org.apache.commons.jxpath.ri.axes.SimplePathInterpreter.isNameAttributeEqual(NodePointer,String)	org.apache.commons.jxpath.ri.model.NodeIterator.getNodePointer()
org.apache.commons.jxpath.ri.model.beans.LangAttributePointer.getBaseValue()	org.apache.commons.jxpath.ri.model.NodePointer.getLocale()
org.apache.commons.jxpath.ri.axes.SimplePathInterpreter.doStepPredicatesStandard(EvalContext,NodePointer,Step[],int)	org.apache.commons.jxpath.ri.model.NodeIterator.getNodePointer()
org.apache.commons.jxpath.ri.model.beans.NullElementPointer.equals(Object)	org.apache.commons.jxpath.ri.model.NodePointer.getImmediateParentPointer()
org.apache.commons.jxpath.ri.compiler.CoreOperationCompare.contains(Iterator,Object)	org.apache.commons.jxpath.ri.compiler.CoreOperationCompare.equal(Object,Object)
org.apache.commons.jxpath.ri.axes.SimplePathInterpreter.doStepPredicatesPropertyOwner(EvalContext,PropertyOwnerPointer,Step[],int)	org.apache.commons.jxpath.ri.axes.SimplePathInterpreter.createNullPointer(EvalContext,NodePointer,Step[],int)
org.apache.commons.jxpath.ri.axes.SimplePathInterpreter.doPredicateName(EvalContext,NodePointer,Step[],int,Expression[],int)	org.apache.commons.jxpath.ri.axes.SimplePathInterpreter.computeQuality(NodePointer)
org.apache.commons.jxpath.ri.axes.SimplePathInterpreter.doStepPredicatesPropertyOwner(EvalContext,PropertyOwnerPointer,Step[],int)	org.apache.commons.jxpath.ri.axes.SimplePathInterpreter.doPredicate(EvalContext,NodePointer,Step[],int,Expression[],int)
org.apache.commons.jxpath.ri.JXPathContextReferenceImpl.compilePath(String)	org.apache.commons.jxpath.ri.JXPathContextReferenceImpl.compileExpression(String)
org.apache.commons.jxpath.ri.JXPathContextReferenceImpl.removePath(String,Expression)	org.apache.commons.jxpath.ri.model.NodePointer.remove()
org.apache.commons.jxpath.ri.parser.XPathParser.NodeTest(ArrayList)	org.apache.commons.jxpath.ri.parser.XPathParser.jj_consume_token(int)
org.apache.commons.jxpath.ri.compiler.CoreFunction.functionKey(EvalContext)	org.apache.commons.jxpath.JXPathContext.getNodeSetByKey(String,Object)
org.apache.commons.jxpath.ri.model.beans.CollectionPointer.asPath()	org.apache.commons.jxpath.ri.model.NodePointer.getImmediateParentPointer()
org.apache.commons.jxpath.ri.model.dom.DOMModelTest.testGetElementDescendantOrSelf()	org.apache.commons.jxpath.JXPathContext.getContextBean()
org.apache.commons.jxpath.ri.parser.XPathParserTokenManager.jjMoveStringLiteralDfa17_0(long,long)	org.apache.commons.jxpath.ri.parser.XPathParserTokenManager.jjStopStringLiteralDfa_0(int,long,long)
org.apache.commons.jxpath.ri.compiler.CoreFunction.functionLocalName(EvalContext)	org.apache.commons.jxpath.ri.compiler.CoreFunction.assertArgCount(int)
org.apache.commons.jxpath.ri.model.EmptyCollectionTest.testEmptyList()	org.apache.commons.jxpath.JXPathContext.newContext(Object)
org.apache.commons.jxpath.PackageFunctions.getFunction(String,String,Object[])	org.apache.commons.jxpath.util.MethodLookupUtils.lookupConstructor(Class,Object[])
org.apache.commons.jxpath.ri.model.VariablePointer.getBaseValue()	org.apache.commons.jxpath.Variables.getVariable(String)
org.apache.commons.jxpath.ri.model.MixedModelTest.testMatrix()	org.apache.commons.jxpath.JXPathContext.getVariables()
org.apache.commons.jxpath.JXPathTestCase.assertDocumentOrder(JXPathContext,String,String,int)	org.apache.commons.jxpath.JXPathContext.getPointer(String)
org.apache.commons.jxpath.servlet.JXPathServletContexts.getRequestContext(ServletRequest,ServletContext)	org.apache.commons.jxpath.servlet.JXPathServletContexts.getSessionContext(HttpSession,ServletContext)
org.apache.commons.jxpath.ri.compiler.CoreFunction.functionCount(EvalContext)	org.apache.commons.jxpath.ri.model.NodePointer.getValue()
org.apache.commons.jxpath.ri.parser.XPathParserTokenManager.jjMoveStringLiteralDfa16_0(long,long)	org.apache.commons.jxpath.ri.parser.XPathParserTokenManager.jjStopStringLiteralDfa_0(int,long,long)
org.apache.commons.jxpath.ri.compiler.LocationPath.computeContextDependent()	org.apache.commons.jxpath.ri.compiler.Path.computeContextDependent()
org.apache.commons.jxpath.ri.compiler.CoreFunctionTest.Anonymous-614d9095-9815-49c7-ac5d-b3a3a263ca59.getPointerByKey(JXPathContext,String,String)	org.apache.commons.jxpath.ri.model.NodePointer.newNodePointer(QName,Object,Locale)
org.apache.commons.jxpath.ri.model.beans.NullPointer.equals(Object)	org.apache.commons.jxpath.ri.QName.equals(Object)
org.apache.commons.jxpath.xml.DOMParser.parseXML(InputStream)	org.apache.commons.jxpath.xml.XMLParser2.isNamespaceAware()
org.apache.commons.jxpath.ri.axes.SimplePathInterpreter.doPredicate(EvalContext,NodePointer,Step[],int,Expression[],int)	org.apache.commons.jxpath.ri.axes.SimplePathInterpreter.doStep(EvalContext,NodePointer,Step[],int)
org.apache.commons.jxpath.ri.parser.XPathParser.FilterExpr()	org.apache.commons.jxpath.ri.parser.XPathParser.PrimaryExpr()
org.apache.commons.jxpath.ri.parser.XPathParser.ReInit(Reader)	org.apache.commons.jxpath.ri.parser.SimpleCharStream.ReInit(Reader,int,int)
org.apache.commons.jxpath.ri.JXPathContextReferenceImpl.getValue(String,Expression)	org.apache.commons.jxpath.ri.JXPathContextReferenceImpl.getEvalContext()
org.apache.commons.jxpath.JXPathContext.getContextFactory()	org.apache.commons.jxpath.JXPathContextFactory.newInstance()
org.apache.commons.jxpath.ri.parser.XPathParser.jj_2_1(int)	org.apache.commons.jxpath.ri.parser.XPathParser.jj_3_1()
org.apache.commons.jxpath.ri.model.MixedModelTest.setUp()	org.apache.commons.jxpath.JXPathContext.getVariables()
org.apache.commons.jxpath.ri.parser.XPathParser.LocationPath()	org.apache.commons.jxpath.ri.parser.XPathParser.AbsoluteLocationPath()
org.apache.commons.jxpath.ri.parser.XPathParser.jj_3R_18()	org.apache.commons.jxpath.ri.parser.XPathParser.jj_3R_34()
org.apache.commons.jxpath.ri.EvalContext.nextSet()	org.apache.commons.jxpath.ri.EvalContext.reset()
org.apache.commons.jxpath.ri.EvalContext.getSingleNodePointer()	org.apache.commons.jxpath.ri.EvalContext.reset()
org.apache.commons.jxpath.util.BasicTypeConverterTest.testArrayToArray()	org.apache.commons.jxpath.util.BasicTypeConverterTest.assertConversion(Object,Class,Object)
org.apache.commons.jxpath.ri.compiler.VariableReference.compute(EvalContext)	org.apache.commons.jxpath.ri.compiler.VariableReference.computeValue(EvalContext)
org.apache.commons.jxpath.ri.axes.SimplePathInterpreter.createChildPointerForStep(PropertyOwnerPointer,Step)	org.apache.commons.jxpath.ri.compiler.NodeNameTest.getNodeName()
org.apache.commons.jxpath.ri.model.jdom.JDOMNodePointer.remove()	org.apache.commons.jxpath.ri.model.jdom.JDOMNodePointer.nodeParent(Object)
org.apache.commons.jxpath.ri.axes.SimplePathInterpreterTest.testDoPredicateIndex()	org.apache.commons.jxpath.ri.axes.SimplePathInterpreterTest.assertValueAndPointer(String,Object,String,String,String)
org.apache.commons.jxpath.ri.JXPathContextReferenceImpl.createPath(String,Expression)	org.apache.commons.jxpath.ri.JXPathContextReferenceImpl.getEvalContext()
org.apache.commons.jxpath.ri.compiler.CoreFunction.functionSubstring(EvalContext)	org.apache.commons.jxpath.ri.compiler.CoreFunction.getArg3()
org.apache.commons.jxpath.ri.model.beans.CollectionPointer.getImmediateNode()	org.apache.commons.jxpath.util.ValueUtils.getValue(Object,int)
org.apache.commons.jxpath.ri.axes.SelfContext.setPosition(int)	org.apache.commons.jxpath.ri.EvalContext.setPosition(int)
org.apache.commons.jxpath.ri.model.dynamic.DynamicPointer.hashCode()	org.apache.commons.jxpath.ri.QName.hashCode()
org.apache.commons.jxpath.ri.parser.XPathParser.jj_3R_130()	org.apache.commons.jxpath.ri.parser.XPathParser.jj_3R_133()
org.apache.commons.jxpath.ri.model.beans.PropertyPointer.createChild(JXPathContext,QName,int)	org.apache.commons.jxpath.ri.QName.toString()
org.apache.commons.jxpath.ri.model.TestMixedModelFactory.createObject(JXPathContext,Pointer,Object,String,int)	org.apache.commons.jxpath.TestBean.setMap(Map)
org.apache.commons.jxpath.ri.EvalContext.getContextNodeList()	org.apache.commons.jxpath.ri.EvalContext.nextNode()
org.apache.commons.jxpath.ri.model.beans.BeanPropertyPointer.setValue(Object)	org.apache.commons.jxpath.ri.model.beans.PropertyPointer.getBean()
org.apache.commons.jxpath.ri.model.dynamic.DynamicPropertyPointer.setPropertyIndex(int)	org.apache.commons.jxpath.ri.model.beans.PropertyPointer.setPropertyIndex(int)
org.apache.commons.jxpath.ri.parser.XPathParser.jj_2_3(int)	org.apache.commons.jxpath.ri.parser.XPathParser.jj_save(int,int)
org.apache.commons.jxpath.ri.axes.SimplePathInterpreter.createNullPointerForPredicates(EvalContext,NodePointer,Step[],int,Expression[],int)	org.apache.commons.jxpath.ri.axes.SimplePathInterpreter.createNullPointer(EvalContext,NodePointer,Step[],int)
org.apache.commons.jxpath.ri.compiler.CoreFunction.functionConcat(EvalContext)	org.apache.commons.jxpath.ri.InfoSetUtil.stringValue(Object)
org.apache.commons.jxpath.ri.compiler.CoreFunction.functionFormatNumber(EvalContext)	org.apache.commons.jxpath.ri.compiler.CoreFunction.getArg3()
org.apache.commons.jxpath.ri.compiler.LocationPath.computeValue(EvalContext)	org.apache.commons.jxpath.ri.compiler.Path.getSingleNodePointerForSteps(EvalContext)
org.apache.commons.jxpath.ri.axes.SimplePathInterpreter.doStep(EvalContext,NodePointer,Step[],int)	org.apache.commons.jxpath.ri.compiler.Step.getPredicates()
org.apache.commons.jxpath.ri.model.NodePointer.isNode()	org.apache.commons.jxpath.ri.model.NodePointer.isContainer()
org.apache.commons.jxpath.ri.parser.XPathParser.jj_3R_141()	org.apache.commons.jxpath.ri.parser.XPathParser.jj_3R_143()
org.apache.commons.jxpath.ri.parser.XPathParser.jj_3R_138()	org.apache.commons.jxpath.ri.parser.XPathParser.jj_scan_token(int)
org.apache.commons.jxpath.ri.model.VariablePointer.createCollection(JXPathContext,int)	org.apache.commons.jxpath.ri.model.VariablePointer.getBaseValue()
org.apache.commons.jxpath.ri.compiler.CoreFunction.functionName(EvalContext)	org.apache.commons.jxpath.ri.compiler.Expression.compute(EvalContext)
org.apache.commons.jxpath.PackageFunctions.getFunction(String,String,Object[])	org.apache.commons.jxpath.util.MethodLookupUtils.lookupMethod(Class,String,Object[])
org.apache.commons.jxpath.ri.compiler.CoreFunctionTest.Anonymous-de5d4367-9266-4f1f-87f5-39dd40fa05ad.getPointerByID(JXPathContext,String)	org.apache.commons.jxpath.ri.model.NodePointer.getPointerByID(JXPathContext,String)
org.apache.commons.jxpath.ri.axes.AncestorContext.reset()	org.apache.commons.jxpath.ri.EvalContext.reset()
org.apache.commons.jxpath.ri.axes.SelfContext.getCurrentNodePointer()	org.apache.commons.jxpath.ri.axes.SelfContext.setPosition(int)
org.apache.commons.jxpath.ri.compiler.CoreOperationRelationalExpression.computeValue(EvalContext)	org.apache.commons.jxpath.ri.compiler.Expression.compute(EvalContext)
org.apache.commons.jxpath.ri.parser.XPathParser.jj_3R_150()	org.apache.commons.jxpath.ri.parser.XPathParser.jj_3R_151()
org.apache.commons.jxpath.ri.axes.SimplePathInterpreterTest.testDoStepNoPredicatesPropertyOwner()	org.apache.commons.jxpath.NestedTestBean.getStrings()
org.apache.commons.jxpath.ri.model.dynamic.DynamicPointer.isLeaf()	org.apache.commons.jxpath.JXPathBeanInfo.isAtomic()
org.apache.commons.jxpath.ri.model.dynabeans.StrictLazyDynaBeanPointerFactory.StrictLazyDynaBeanPointer.Anonymous-7bf305f8-bf44-47f0-b7f9-6c07d18252af.isActualProperty()	org.apache.commons.jxpath.ri.model.dynabeans.DynaBeanPropertyPointer.getPropertyName()
org.apache.commons.jxpath.ri.parser.XPathParser.jj_3R_66()	org.apache.commons.jxpath.ri.parser.XPathParser.jj_scan_token(int)
org.apache.commons.jxpath.ri.parser.XPathParser.jj_3R_18()	org.apache.commons.jxpath.ri.parser.XPathParser.jj_3R_56()
org.apache.commons.jxpath.util.KeyManagerUtils.SingleNodeExtendedKeyManager.getNodeSetByKey(JXPathContext,String,Object)	org.apache.commons.jxpath.ri.InfoSetUtil.stringValue(Object)
org.apache.commons.jxpath.ri.parser.XPathParser.jj_3R_142()	org.apache.commons.jxpath.ri.parser.XPathParser.jj_3R_146()
org.apache.commons.jxpath.ri.compiler.Path.getSingleNodePointerForSteps(EvalContext)	org.apache.commons.jxpath.ri.compiler.Path.searchForPath(EvalContext)
org.apache.commons.jxpath.BasicNodeSetTest.removePointers(String)	org.apache.commons.jxpath.BasicNodeSet.remove(Pointer)
org.apache.commons.jxpath.ri.compiler.Operation.computeContextDependent()	org.apache.commons.jxpath.ri.compiler.Expression.isContextDependent()
org.apache.commons.jxpath.ri.parser.XPathParser.jj_rescan_token()	org.apache.commons.jxpath.ri.parser.XPathParser.jj_3_1()
org.apache.commons.jxpath.ri.JXPathContextReferenceImpl.iteratePointers(String)	org.apache.commons.jxpath.ri.JXPathContextReferenceImpl.compileExpression(String)
org.apache.commons.jxpath.servlet.JXPathServletContextTest.testServletRequestWithoutSession()	org.apache.commons.jxpath.servlet.JXPathServletContextTest.getServletContext()
org.apache.commons.jxpath.ri.parser.XPathParser.jj_3R_124()	org.apache.commons.jxpath.ri.parser.XPathParser.jj_3R_117()
org.apache.commons.jxpath.ri.model.beans.PropertyPointer.getImmediateNode()	org.apache.commons.jxpath.util.ValueUtils.getValue(Object,int)
org.apache.commons.jxpath.ClassFunctions.getFunction(String,String,Object[])	org.apache.commons.jxpath.util.MethodLookupUtils.lookupStaticMethod(Class,String,Object[])
org.apache.commons.jxpath.ri.JXPathContextReferenceImpl.iteratePointers(String)	org.apache.commons.jxpath.ri.JXPathContextReferenceImpl.iteratePointers(String,Expression)
org.apache.commons.jxpath.ri.parser.XPathParser.jj_3R_151()	org.apache.commons.jxpath.ri.parser.XPathParser.jj_3R_16()
org.apache.commons.jxpath.ri.compiler.Path.getSingleNodePointerForSteps(EvalContext)	org.apache.commons.jxpath.ri.axes.SimplePathInterpreter.interpretSimpleLocationPath(EvalContext,NodePointer,Step[])
org.apache.commons.jxpath.ri.compiler.CoreFunction.functionString(EvalContext)	org.apache.commons.jxpath.ri.compiler.CoreFunction.getArg1()
org.apache.commons.jxpath.ri.parser.XPathParser.jj_3R_19()	org.apache.commons.jxpath.ri.parser.XPathParser.jj_3R_59()
org.apache.commons.jxpath.ri.JXPathContextReferenceImpl.getValue(String,Class)	org.apache.commons.jxpath.ri.JXPathContextReferenceImpl.getValue(String,Expression,Class)
org.apache.commons.jxpath.ri.compiler.CoreFunction.functionPosition(EvalContext)	org.apache.commons.jxpath.ri.compiler.CoreFunction.assertArgCount(int)
org.apache.commons.jxpath.ri.axes.SimplePathInterpreter.doStepNoPredicatesPropertyOwner(EvalContext,PropertyOwnerPointer,Step[],int)	org.apache.commons.jxpath.ri.model.NodePointer.setIndex(int)
org.apache.commons.jxpath.ri.model.dom.DOMAttributeIterator.getNodePointer()	org.apache.commons.jxpath.ri.model.dom.DOMAttributeIterator.setPosition(int)
org.apache.commons.jxpath.ri.model.jdom.JDOMNodePointer.createAttribute(JXPathContext,QName)	org.apache.commons.jxpath.ri.model.NodeIterator.setPosition(int)
org.apache.commons.jxpath.ri.parser.XPathParserTokenManager.jjMoveStringLiteralDfa7_0(long,long,long,long)	org.apache.commons.jxpath.ri.parser.XPathParserTokenManager.jjStopStringLiteralDfa_0(int,long,long)
org.apache.commons.jxpath.ri.axes.SimplePathInterpreterTest.testDoStepPredicatesPropertyOwner()	org.apache.commons.jxpath.ri.axes.SimplePathInterpreterTest.assertNullPointer(String,String,String)
org.apache.commons.jxpath.JXPathTestCase.assertXPathValue(JXPathContext,String,Object)	org.apache.commons.jxpath.JXPathContext.setLenient(boolean)
org.apache.commons.jxpath.ri.compiler.CoreFunction.functionFormatNumber(EvalContext)	org.apache.commons.jxpath.ri.EvalContext.getCurrentNodePointer()
org.apache.commons.jxpath.ri.model.container.ContainerPointer.namespacePointer(String)	org.apache.commons.jxpath.ri.model.NodePointer.namespacePointer(String)
org.apache.commons.jxpath.ri.model.VariablePointer.createChild(JXPathContext,QName,int)	org.apache.commons.jxpath.ri.model.VariablePointer.isActual()
org.apache.commons.jxpath.ri.parser.XPathParser.parseExpression()	org.apache.commons.jxpath.ri.parser.XPathParser.jj_consume_token(int)
org.apache.commons.jxpath.ri.parser.XPathParser.LocationPath()	org.apache.commons.jxpath.ri.parser.XPathParser.jj_consume_token(int)
org.apache.commons.jxpath.ri.parser.XPathParserTokenManager.jjMoveStringLiteralDfa2_0(long,long,long,long)	org.apache.commons.jxpath.ri.parser.XPathParserTokenManager.jjStartNfa_0(int,long,long)
org.apache.commons.jxpath.ri.model.beans.TestBeanFactory.createObject(JXPathContext,Pointer,Object,String,int)	org.apache.commons.jxpath.TestBean.getBeans()
org.apache.commons.jxpath.ri.compiler.CoreFunction.functionSubstringBefore(EvalContext)	org.apache.commons.jxpath.ri.InfoSetUtil.stringValue(Object)
org.apache.commons.jxpath.xml.DocumentContainer.parseXML(InputStream)	org.apache.commons.jxpath.xml.XMLParser2.setNamespaceAware(boolean)
org.apache.commons.jxpath.util.ValueUtils.getValue(Object,int)	org.apache.commons.jxpath.util.ValueUtils.getValue(Object)
org.apache.commons.jxpath.ri.compiler.CoreFunctionTest.testKeyFunction()	org.apache.commons.jxpath.ri.model.NodePointer.newNodePointer(QName,Object,Locale)
org.apache.commons.jxpath.ri.JXPathContextReferenceImpl.createPathAndSetValue(String,Object)	org.apache.commons.jxpath.ri.JXPathContextReferenceImpl.createPathAndSetValue(String,Expression,Object)
org.apache.commons.jxpath.ri.parser.XPathParser.jj_3R_15()	org.apache.commons.jxpath.ri.parser.XPathParser.jj_3R_20()
org.apache.commons.jxpath.ri.compiler.ExpressionPath.isSimpleExpressionPath()	org.apache.commons.jxpath.ri.compiler.ExpressionPath.getPredicates()
org.apache.commons.jxpath.ri.NamespaceResolver.getPrefix(NodePointer,String)	org.apache.commons.jxpath.ri.model.NodeIterator.setPosition(int)
org.apache.commons.jxpath.ri.parser.XPathParserTokenManager.jjMoveStringLiteralDfa8_0(long,long,long,long)	org.apache.commons.jxpath.ri.parser.XPathParserTokenManager.jjStartNfaWithStates_0(int,int,int)
org.apache.commons.jxpath.ri.axes.ChildContext.getSingleNodePointer()	org.apache.commons.jxpath.ri.axes.ChildContext.prepare()
org.apache.commons.jxpath.ri.JXPathCompiledExpressionTest.assertXPathExpression(String,Class,String)	org.apache.commons.jxpath.JXPathContext.compile(String)
org.apache.commons.jxpath.util.ClassLoaderUtilTest.callExampleMessageMethodAndAssertClassNotFoundJXPathException()	org.apache.commons.jxpath.JXPathContext.newContext(Object)
org.apache.commons.jxpath.BasicNodeSetTest.testNodes()	org.apache.commons.jxpath.BasicNodeSet.getNodes()
org.apache.commons.jxpath.ri.parser.XPathParser.ReInit(Reader)	org.apache.commons.jxpath.ri.parser.XPathParserTokenManager.getNextToken()
org.apache.commons.jxpath.ri.compiler.CoreFunction.functionSubstringAfter(EvalContext)	org.apache.commons.jxpath.ri.compiler.CoreFunction.getArg2()
org.apache.commons.jxpath.ri.model.XMLModelTestCase.Anonymous-63d4c6af-d86e-4f09-8460-9de8ce7f1273.getPointerByID(JXPathContext,String)	org.apache.commons.jxpath.ri.model.NodePointer.getPointerByID(JXPathContext,String)
org.apache.commons.jxpath.ri.compiler.Expression.iteratePointers(EvalContext)	org.apache.commons.jxpath.ri.axes.RootContext.getCurrentNodePointer()
org.apache.commons.jxpath.ri.model.beans.NullPropertyPointer.setValue(Object)	org.apache.commons.jxpath.ri.model.beans.PropertyPointer.setPropertyName(String)
org.apache.commons.jxpath.ri.axes.SimplePathInterpreter.doStep(EvalContext,NodePointer,Step[],int)	org.apache.commons.jxpath.ri.axes.SimplePathInterpreter.doStepNoPredicatesStandard(EvalContext,NodePointer,Step[],int)
org.apache.commons.jxpath.ri.compiler.Expression.iteratePointers(EvalContext)	org.apache.commons.jxpath.util.ValueUtils.iterate(Object)
org.apache.commons.jxpath.ri.model.jdom.JDOMNodePointer.testNode(NodePointer,Object,NodeTest)	org.apache.commons.jxpath.ri.model.jdom.JDOMNodePointer.getPrefix(Object)
org.apache.commons.jxpath.ri.parser.XPathParser.RelativeLocationPath()	org.apache.commons.jxpath.ri.Compiler.locationPath(boolean,Object[])
org.apache.commons.jxpath.ri.axes.NamespaceContext.setPosition(int)	org.apache.commons.jxpath.ri.axes.NamespaceContext.nextNode()
org.apache.commons.jxpath.ri.axes.SimplePathInterpreter.createChildPointerForStep(PropertyOwnerPointer,Step)	org.apache.commons.jxpath.ri.model.NodePointer.setAttribute(boolean)
src\java\org\apache\commons\jxpath\ri\model\dom\DOMNodePointer.java::testNode(Node,NodeTest)	org.apache.commons.jxpath.ri.compiler.NodeTypeTest.getNodeType()
org.apache.commons.jxpath.util.ValueUtils.convert(Object,Class)	org.apache.commons.jxpath.util.TypeUtils.convert(Object,Class)
org.apache.commons.jxpath.ri.parser.XPathParser.jj_3R_118()	org.apache.commons.jxpath.ri.parser.XPathParser.jj_3R_123()
org.apache.commons.jxpath.ri.model.XMLModelTestCase.testNamespaceMapping()	org.apache.commons.jxpath.JXPathContext.getNamespaceURI(String)
org.apache.commons.jxpath.ri.parser.XPathParser.jj_3R_92()	org.apache.commons.jxpath.ri.parser.XPathParser.jj_3R_15()
org.apache.commons.jxpath.ri.parser.XPathParserTokenManager.jjMoveStringLiteralDfa20_0(long,long)	org.apache.commons.jxpath.ri.parser.SimpleCharStream.readChar()
org.apache.commons.jxpath.ri.model.XMLModelTestCase.testNodes()	org.apache.commons.jxpath.Pointer.getValue()
org.apache.commons.jxpath.ri.parser.XPathParser.jj_3R_42()	org.apache.commons.jxpath.ri.parser.XPathParser.jj_scan_token(int)
org.apache.commons.jxpath.servlet.JXPathServletContexts.getRequestContext(ServletRequest,ServletContext)	org.apache.commons.jxpath.JXPathContext.getContextBean()
org.apache.commons.jxpath.ri.axes.DescendantContext.nextNode()	org.apache.commons.jxpath.ri.model.NodeIterator.getNodePointer()
org.apache.commons.jxpath.ri.compiler.CoreOperationRelationalExpression.compute(Object,Object)	org.apache.commons.jxpath.ri.EvalContext.reset()
org.apache.commons.jxpath.ri.parser.XPathParser.UnaryExpr()	org.apache.commons.jxpath.ri.parser.XPathParser.jj_consume_token(int)
org.apache.commons.jxpath.ri.compiler.ExpressionPath.toString()	org.apache.commons.jxpath.ri.compiler.Path.getSteps()
org.apache.commons.jxpath.ri.axes.PrecedingOrFollowingContext.nextNode()	org.apache.commons.jxpath.ri.EvalContext.getCurrentPosition()
org.apache.commons.jxpath.ri.parser.XPathParserTokenManager.jjMoveStringLiteralDfa4_0(long,long,long,long)	org.apache.commons.jxpath.ri.parser.XPathParserTokenManager.jjMoveStringLiteralDfa5_0(long,long,long,long)
org.apache.commons.jxpath.ri.parser.XPathParser.jj_3R_102()	org.apache.commons.jxpath.ri.parser.XPathParser.jj_scan_token(int)
org.apache.commons.jxpath.ri.compiler.Path.areBasicPredicates(Expression[])	org.apache.commons.jxpath.ri.compiler.Expression.isContextDependent()
org.apache.commons.jxpath.ri.compiler.CoreFunction.functionFormatNumber(EvalContext)	org.apache.commons.jxpath.ri.compiler.CoreFunction.getArgumentCount()
org.apache.commons.jxpath.ri.model.dom.DOMNodePointer.createAttribute(JXPathContext,QName)	org.apache.commons.jxpath.ri.model.NodePointer.createAttribute(JXPathContext,QName)
org.apache.commons.jxpath.ri.axes.RootContext.toString()	org.apache.commons.jxpath.ri.model.NodePointer.asPath()
org.apache.commons.jxpath.ri.axes.SimplePathInterpreter.isNameAttributeEqual(NodePointer,String)	org.apache.commons.jxpath.ri.model.NodeIterator.setPosition(int)
org.apache.commons.jxpath.ri.parser.SimpleCharStream.readChar()	org.apache.commons.jxpath.ri.parser.SimpleCharStream.FillBuff()
org.apache.commons.jxpath.ri.model.BeanModelTestCase.testCreatePathCreateBeanExpandCollection()	org.apache.commons.jxpath.JXPathContext.setValue(String,Object)
org.apache.commons.jxpath.ri.JXPathCompiledExpression.getValue(JXPathContext,Class)	org.apache.commons.jxpath.ri.JXPathContextReferenceImpl.getValue(String,Expression,Class)
org.apache.commons.jxpath.ri.model.jdom.JDOMNamespaceIterator.getNodePointer()	org.apache.commons.jxpath.ri.model.jdom.JDOMNamespaceIterator.setPosition(int)
org.apache.commons.jxpath.ri.model.beans.PropertyIterator.prepareForIndividualProperty(String)	org.apache.commons.jxpath.ri.model.beans.PropertyPointer.setPropertyIndex(int)
org.apache.commons.jxpath.ri.JXPathContextReferenceImpl.checkSimplePath(Expression)	org.apache.commons.jxpath.ri.compiler.Path.isSimplePath()
src\java\org\apache\commons\jxpath\ri\model\dom\DOMNodePointer.java::testNode(Node,NodeTest)	org.apache.commons.jxpath.ri.model.dom.DOMNodePointer.equalStrings(String,String)
org.apache.commons.jxpath.ri.parser.XPathParser.PathExpr()	org.apache.commons.jxpath.ri.parser.XPathParser.FilterExpr()
org.apache.commons.jxpath.ri.model.beans.CollectionNodeIterator.prepare()	org.apache.commons.jxpath.ri.model.NodePointer.getLength()
org.apache.commons.jxpath.ri.model.beans.PropertyPointer.setPropertyIndex(int)	org.apache.commons.jxpath.ri.model.NodePointer.setIndex(int)
org.apache.commons.jxpath.ri.InfoSetUtil.booleanValue(Object)	org.apache.commons.jxpath.ri.EvalContext.getSingleNodePointer()
org.apache.commons.jxpath.ri.parser.XPathParser.jj_3R_18()	org.apache.commons.jxpath.ri.parser.XPathParser.jj_3R_47()
org.apache.commons.jxpath.ri.model.XMLModelTestCase.assertXMLSignature(JXPathContext,String,String,boolean,boolean,boolean,boolean)	org.apache.commons.jxpath.Pointer.getNode()
org.apache.commons.jxpath.ri.parser.XPathParser.NodeTest(ArrayList)	org.apache.commons.jxpath.ri.parser.XPathParser.jj_2_3(int)
org.apache.commons.jxpath.ri.model.dynamic.DynamicPropertyPointer.setValue(Object)	org.apache.commons.jxpath.util.ValueUtils.setValue(Object,int,Object)
org.apache.commons.jxpath.servlet.JXPathServletContexts.getSessionContext(HttpSession,ServletContext)	org.apache.commons.jxpath.JXPathContext.setVariables(Variables)
org.apache.commons.jxpath.ri.model.dynamic.DynamicPropertyPointer.createPath(JXPathContext,Object)	org.apache.commons.jxpath.ri.model.dynamic.DynamicPropertyPointer.createPath(JXPathContext)
org.apache.commons.jxpath.util.MethodLookupUtils.matchType(Class,Object)	org.apache.commons.jxpath.util.TypeUtils.canConvert(Object,Class)
org.apache.commons.jxpath.JXPathIntrospector.findDynamicBeanInfo(Class)	org.apache.commons.jxpath.JXPathBeanInfo.isDynamic()
org.apache.commons.jxpath.ri.model.NodePointer.printDeep(NodePointer,String)	org.apache.commons.jxpath.ri.model.NodePointer.printDeep(NodePointer,String)
org.apache.commons.jxpath.ri.model.beans.PropertyPointer.createChild(JXPathContext,QName,int,Object)	org.apache.commons.jxpath.ri.model.beans.PropertyPointer.setPropertyName(String)
org.apache.commons.jxpath.ri.axes.NamespaceContext.nextNode()	org.apache.commons.jxpath.ri.EvalContext.setPosition(int)
org.apache.commons.jxpath.ri.axes.SimplePathInterpreter.interpretSimpleExpressionPath(EvalContext,NodePointer,Expression[],Step[])	org.apache.commons.jxpath.ri.axes.SimplePathInterpreter.doPredicate(EvalContext,NodePointer,Step[],int,Expression[],int)
org.apache.commons.jxpath.ri.compiler.CoreFunction.toString()	org.apache.commons.jxpath.ri.compiler.CoreFunction.getFunctionName()
org.apache.commons.jxpath.ri.model.dynabeans.DynaBeanPropertyPointer.setValue(int,Object)	org.apache.commons.jxpath.ri.model.dynabeans.DynaBeanPropertyPointer.getPropertyName()
org.apache.commons.jxpath.ri.parser.XPathParser.jj_2_1(int)	org.apache.commons.jxpath.ri.parser.XPathParser.jj_save(int,int)
org.apache.commons.jxpath.xml.DocumentContainer.parseXML(InputStream)	org.apache.commons.jxpath.xml.XMLParser2.isCoalescing()
org.apache.commons.jxpath.ri.parser.XPathParser.jj_3R_54()	org.apache.commons.jxpath.ri.parser.XPathParser.jj_scan_token(int)
org.apache.commons.jxpath.ri.compiler.VariableTest.testRemovePathCollectionElement()	org.apache.commons.jxpath.JXPathContext.getVariables()
org.apache.commons.jxpath.JXPathContext.getDecimalFormatSymbols(String)	org.apache.commons.jxpath.JXPathContext.getDecimalFormatSymbols(String)
org.apache.commons.jxpath.ri.parser.XPathParser.jj_3R_131()	org.apache.commons.jxpath.ri.parser.XPathParser.jj_3R_136()
org.apache.commons.jxpath.ri.parser.XPathParserTokenManager.jjMoveStringLiteralDfa8_0(long,long,long,long)	org.apache.commons.jxpath.ri.parser.XPathParserTokenManager.jjMoveStringLiteralDfa9_0(long,long,long,long)
org.apache.commons.jxpath.xml.DOMParser.parseXML(InputStream)	org.apache.commons.jxpath.xml.XMLParser2.isValidating()
org.apache.commons.jxpath.ri.model.MixedModelTest.setUp()	org.apache.commons.jxpath.TestMixedModelBean.getElement()
org.apache.commons.jxpath.ri.compiler.CoreFunction.functionFormatNumber(EvalContext)	org.apache.commons.jxpath.ri.compiler.CoreFunction.assertArgRange(int,int)
org.apache.commons.jxpath.ri.model.dom.DOMNodePointer.createAttribute(JXPathContext,QName)	org.apache.commons.jxpath.ri.model.NodeIterator.getNodePointer()
org.apache.commons.jxpath.ri.axes.NamespaceContext.reset()	org.apache.commons.jxpath.ri.EvalContext.reset()
org.apache.commons.jxpath.ri.model.beans.PropertyPointer.createPath(JXPathContext)	org.apache.commons.jxpath.ri.model.NodePointer.getAbstractFactory(JXPathContext)
org.apache.commons.jxpath.ri.parser.XPathParser.jj_3R_18()	org.apache.commons.jxpath.ri.parser.XPathParser.jj_3R_38()
org.apache.commons.jxpath.ri.axes.SimplePathInterpreterTest.testDoPredicateName()	org.apache.commons.jxpath.ri.axes.SimplePathInterpreterTest.assertValueAndPointer(String,Object,String,String)
org.apache.commons.jxpath.ri.JXPathContextReferenceImpl.getPointer(String)	org.apache.commons.jxpath.ri.JXPathContextReferenceImpl.getPointer(String,Expression)
org.apache.commons.jxpath.ri.parser.XPathParserTokenManager.jjMoveStringLiteralDfa10_0(long,long,long,long)	org.apache.commons.jxpath.ri.parser.XPathParserTokenManager.jjStopAtPos(int,int)
org.apache.commons.jxpath.ri.model.NodePointer.getValue()	org.apache.commons.jxpath.ri.model.NodePointer.getNode()
org.apache.commons.jxpath.ri.model.BeanModelTestCase.testBooleanPredicate()	org.apache.commons.jxpath.Variables.declareVariable(String,Object)
org.apache.commons.jxpath.ri.model.beans.BeanPropertyPointer.isCollection()	org.apache.commons.jxpath.ri.model.beans.BeanPropertyPointer.getBaseValue()
org.apache.commons.jxpath.ri.parser.XPathParser.jj_3R_72()	org.apache.commons.jxpath.ri.parser.XPathParser.jj_3R_81()
org.apache.commons.jxpath.ri.axes.PredicateContext.nextNode()	org.apache.commons.jxpath.ri.model.NodePointer.getNode()
org.apache.commons.jxpath.ri.JXPathCompiledExpression.getValue(JXPathContext)	org.apache.commons.jxpath.ri.JXPathContextReferenceImpl.getValue(String,Expression)
org.apache.commons.jxpath.ri.parser.XPathParser.jj_3R_99()	org.apache.commons.jxpath.ri.parser.XPathParser.jj_3R_64()
org.apache.commons.jxpath.ri.model.MixedModelTest.testIteratePointersArrayElementWithVariable()	org.apache.commons.jxpath.Pointer.asPath()
org.apache.commons.jxpath.ri.parser.XPathParserTokenManager.jjMoveNfa_0(int,int)	org.apache.commons.jxpath.ri.parser.XPathParserTokenManager.jjCanMove_2(int,int,int,long,long)
org.apache.commons.jxpath.ri.model.AliasedNamespaceIterationTest.createContext(String)	org.apache.commons.jxpath.JXPathContext.registerNamespace(String,String)
org.apache.commons.jxpath.ri.model.beans.PropertyPointer.hashCode()	org.apache.commons.jxpath.ri.model.NodePointer.getImmediateParentPointer()
org.apache.commons.jxpath.ri.model.NodePointer.isDefaultNamespace(String)	org.apache.commons.jxpath.ri.model.NodePointer.getDefaultNamespaceURI()
org.apache.commons.jxpath.ri.axes.AttributeContext.nextNode()	org.apache.commons.jxpath.ri.model.NodeIterator.setPosition(int)
org.apache.commons.jxpath.ri.parser.XPathParser.PrimaryExpr()	org.apache.commons.jxpath.ri.parser.XPathParser.VariableReference()
org.apache.commons.jxpath.ri.compiler.CoreFunction.functionID(EvalContext)	org.apache.commons.jxpath.ri.model.NodePointer.getPointerByID(JXPathContext,String)
org.apache.commons.jxpath.ri.JXPathContextReferenceImpl.getPointer(String,Expression)	org.apache.commons.jxpath.JXPathContext.isLenient()
org.apache.commons.jxpath.ri.model.dom.DOMAttributePointer.setValue(Object)	org.apache.commons.jxpath.util.TypeUtils.convert(Object,Class)
src\java\org\apache\commons\jxpath\ri\model\dom\DOMNodePointer.java::testNode(Node,NodeTest)	org.apache.commons.jxpath.ri.QName.getPrefix()
org.apache.commons.jxpath.ri.compiler.Step.toString()	org.apache.commons.jxpath.ri.compiler.NodeTypeTest.getNodeType()
org.apache.commons.jxpath.ri.parser.XPathParser.jj_3R_46()	org.apache.commons.jxpath.ri.parser.XPathParser.jj_scan_token(int)
org.apache.commons.jxpath.ri.compiler.CoreFunction.functionSubstringAfter(EvalContext)	org.apache.commons.jxpath.ri.InfoSetUtil.stringValue(Object)
org.apache.commons.jxpath.ri.model.dynabeans.StrictLazyDynaBeanPointerFactory.StrictLazyDynaBeanPointer.getPropertyPointer()	org.apache.commons.jxpath.ri.model.dynabeans.DynaBeanPropertyPointer.getPropertyName()
org.apache.commons.jxpath.ri.parser.XPathParser.jj_3R_94()	org.apache.commons.jxpath.ri.parser.XPathParser.jj_3R_115()
org.apache.commons.jxpath.TestBean.getObjects()	org.apache.commons.jxpath.TestBean.getIntegers()
org.apache.commons.jxpath.ri.model.jdom.JDOMNamespacePointer.getImmediateNode()	org.apache.commons.jxpath.ri.model.jdom.JDOMNamespacePointer.getNamespaceURI()
org.apache.commons.jxpath.util.ValueUtils.setValue(Object,int,Object)	org.apache.commons.jxpath.util.ValueUtils.convert(Object,Class)
org.apache.commons.jxpath.ri.axes.SimplePathInterpreter.createChildPointerForStep(PropertyOwnerPointer,Step)	org.apache.commons.jxpath.ri.QName.toString()
org.apache.commons.jxpath.ri.model.beans.BeanPointer.isLeaf()	org.apache.commons.jxpath.ri.model.NodePointer.getNode()
org.apache.commons.jxpath.ri.compiler.ExpressionPath.isSimpleExpressionPath()	org.apache.commons.jxpath.ri.compiler.Path.areBasicPredicates(Expression[])
org.apache.commons.jxpath.ri.parser.XPathParser.jj_3R_106()	org.apache.commons.jxpath.ri.parser.XPathParser.jj_scan_token(int)
org.apache.commons.jxpath.ri.model.jdom.JDOMAttributeIterator.getNodePointer()	org.apache.commons.jxpath.ri.model.jdom.JDOMAttributeIterator.setPosition(int)
org.apache.commons.jxpath.ri.axes.ChildContext.getCurrentNodePointer()	org.apache.commons.jxpath.ri.axes.ChildContext.setPosition(int)
org.apache.commons.jxpath.ri.parser.XPathParserTokenManager.jjMoveStringLiteralDfa0_0()	org.apache.commons.jxpath.ri.parser.XPathParserTokenManager.jjMoveStringLiteralDfa1_0(long,long)
org.apache.commons.jxpath.ri.parser.XPathParser.RelativeLocationPath()	org.apache.commons.jxpath.ri.parser.XPathParser.LocationStep(ArrayList)
org.apache.commons.jxpath.util.ClassLoaderUtilTest.callExampleMessageMethodAndAssertClassNotFoundJXPathException()	org.apache.commons.jxpath.JXPathContext.selectSingleNode(String)
org.apache.commons.jxpath.ri.parser.XPathParserTokenManager.jjMoveStringLiteralDfa8_0(long,long,long,long)	org.apache.commons.jxpath.ri.parser.XPathParserTokenManager.jjStopStringLiteralDfa_0(int,long,long)
org.apache.commons.jxpath.ri.axes.SimplePathInterpreter.doPredicateName(EvalContext,NodePointer,Step[],int,Expression[],int)	org.apache.commons.jxpath.ri.model.NodePointer.isCollection()
org.apache.commons.jxpath.ri.EvalContext.getContextNodeList()	org.apache.commons.jxpath.ri.EvalContext.setPosition(int)
org.apache.commons.jxpath.ri.model.dynabeans.DynaBeanPropertyPointer.setValue(int,Object)	org.apache.commons.jxpath.ri.model.dynabeans.DynaBeanPropertyPointer.convert(Object,boolean)
org.apache.commons.jxpath.ri.model.VariablePointer.findVariables(JXPathContext)	org.apache.commons.jxpath.ri.QName.toString()
org.apache.commons.jxpath.ri.axes.SimplePathInterpreterTest.assertNullPointer(String,String,String)	org.apache.commons.jxpath.JXPathContext.getPointer(String)
org.apache.commons.jxpath.FunctionLibrary.getFunction(String,String,Object[])	org.apache.commons.jxpath.Functions.getFunction(String,String,Object[])
org.apache.commons.jxpath.util.ValueUtils.getValue(Object,PropertyDescriptor)	org.apache.commons.jxpath.util.ValueUtils.getAccessibleMethod(Method)
org.apache.commons.jxpath.ri.axes.SimplePathInterpreterTest.assertNullPointer(String,String,String)	org.apache.commons.jxpath.ri.model.NodePointer.getValuePointer()
org.apache.commons.jxpath.TestBean.setIntegers(int,int)	org.apache.commons.jxpath.util.ValueUtils.expandCollection(Object,int)
src\java\org\apache\commons\jxpath\ri\model\dom\DOMNodePointer.java::testNode(Node,NodeTest)	org.apache.commons.jxpath.ri.QName.getName()
org.apache.commons.jxpath.ri.model.dynabeans.LazyDynaBeanTest.testLazyProperty()	org.apache.commons.jxpath.JXPathContext.getValue(String)
org.apache.commons.jxpath.ri.model.dynamic.DynamicPropertyPointer.createPath(JXPathContext)	org.apache.commons.jxpath.AbstractFactory.createObject(JXPathContext,Pointer,Object,String,int)
org.apache.commons.jxpath.ri.model.VariablePointer.getImmediateValuePointer()	org.apache.commons.jxpath.ri.model.beans.NullPointer.getName()
org.apache.commons.jxpath.ri.compiler.CoreFunction.computeValue(EvalContext)	org.apache.commons.jxpath.ri.compiler.CoreFunction.functionNumber(EvalContext)
org.apache.commons.jxpath.PackageFunctions.getFunction(String,String,Object[])	org.apache.commons.jxpath.util.ClassLoaderUtil.getClass(String,boolean)
org.apache.commons.jxpath.ri.model.beans.BeanPropertyPointer.getLength()	org.apache.commons.jxpath.util.ValueUtils.getCollectionHint(Class)
org.apache.commons.jxpath.ri.parser.XPathParser.jj_rescan_token()	org.apache.commons.jxpath.ri.parser.XPathParser.jj_3_5()
org.apache.commons.jxpath.ri.model.MixedModelTest.setUp()	org.apache.commons.jxpath.JXPathContext.setLocale(Locale)
org.apache.commons.jxpath.ri.model.VariablePointer.createPath(JXPathContext,Object)	org.apache.commons.jxpath.ri.model.VariablePointer.setValue(Object)
org.apache.commons.jxpath.ri.axes.SimplePathInterpreter.createNullPointerForPredicates(EvalContext,NodePointer,Step[],int,Expression[],int)	org.apache.commons.jxpath.ri.axes.SimplePathInterpreter.keyFromPredicate(EvalContext,Expression)
org.apache.commons.jxpath.ri.JXPathContextReferenceImpl.removeAll(String)	org.apache.commons.jxpath.ri.JXPathContextReferenceImpl.compileExpression(String)
org.apache.commons.jxpath.ri.model.MixedModelTest.testIteratePointersArray()	org.apache.commons.jxpath.JXPathContext.getValue(String)
org.apache.commons.jxpath.ri.InfoSetUtil.doubleValue(Object)	org.apache.commons.jxpath.ri.InfoSetUtil.stringValue(Object)
org.apache.commons.jxpath.ri.model.VariablePointer.createCollection(JXPathContext,int)	org.apache.commons.jxpath.ri.model.VariablePointer.getLength()
org.apache.commons.jxpath.ri.model.dynamic.DynamicPointerFactory.createNodePointer(QName,Object,Locale)	org.apache.commons.jxpath.JXPathBeanInfo.getDynamicPropertyHandlerClass()
org.apache.commons.jxpath.ri.model.NodePointer.getNodeSetByKey(JXPathContext,String,Object)	org.apache.commons.jxpath.JXPathContext.getNodeSetByKey(String,Object)
org.apache.commons.jxpath.ri.model.VariablePointer.remove()	org.apache.commons.jxpath.util.ValueUtils.remove(Object,int)
org.apache.commons.jxpath.ri.compiler.CoreFunction.functionLang(EvalContext)	org.apache.commons.jxpath.ri.compiler.CoreFunction.getArg1()
org.apache.commons.jxpath.ri.parser.XPathParser.jj_3R_133()	org.apache.commons.jxpath.ri.parser.XPathParser.jj_3R_129()
org.apache.commons.jxpath.ri.compiler.CoreFunction.functionNull(EvalContext)	org.apache.commons.jxpath.ri.compiler.CoreFunction.assertArgCount(int)
org.apache.commons.jxpath.ri.model.beans.CollectionPointer.asPath()	org.apache.commons.jxpath.ri.model.NodePointer.asPath()
org.apache.commons.jxpath.ri.axes.SimplePathInterpreter.indexFromPredicate(EvalContext,Expression)	org.apache.commons.jxpath.ri.compiler.Expression.computeValue(EvalContext)
org.apache.commons.jxpath.ri.compiler.ExtensionFunctionTest.setUp()	org.apache.commons.jxpath.JXPathContext.setFunctions(Functions)
org.apache.commons.jxpath.servlet.ServletRequestHandler.collectPropertyNames(HashSet,Object)	org.apache.commons.jxpath.servlet.HttpSessionHandler.collectPropertyNames(HashSet,Object)
org.apache.commons.jxpath.ri.compiler.CoreFunction.computeValue(EvalContext)	org.apache.commons.jxpath.ri.compiler.CoreFunction.functionTranslate(EvalContext)
org.apache.commons.jxpath.ri.model.beans.PropertyIterator.setPositionAllProperties(int)	org.apache.commons.jxpath.ri.model.beans.PropertyPointer.setPropertyIndex(int)
org.apache.commons.jxpath.ri.compiler.CoreFunction.functionLast(EvalContext)	org.apache.commons.jxpath.ri.EvalContext.nextNode()
org.apache.commons.jxpath.ri.parser.XPathParser.jj_3R_87()	org.apache.commons.jxpath.ri.parser.XPathParser.jj_3R_86()
org.apache.commons.jxpath.servlet.HttpSessionHandler.setProperty(Object,String,Object)	org.apache.commons.jxpath.servlet.HttpSessionAndServletContext.getSession()
org.apache.commons.jxpath.JXPathTestCase.assertXPathCreatePath(JXPathContext,String,Object,String)	org.apache.commons.jxpath.JXPathContext.createPath(String)
org.apache.commons.jxpath.ri.parser.XPathParser.jj_3R_65()	org.apache.commons.jxpath.ri.parser.XPathParser.jj_3R_75()
org.apache.commons.jxpath.ri.model.dynamic.DynamicPropertyPointer.getPropertyCount()	org.apache.commons.jxpath.ri.model.dynamic.DynamicPropertyPointer.getPropertyNames()
org.apache.commons.jxpath.JXPathTestCase.assertXPathCreatePathAndSetValue(JXPathContext,String,Object,String)	org.apache.commons.jxpath.Pointer.getValue()
org.apache.commons.jxpath.util.MethodLookupUtils.lookupStaticMethod(Class,String,Object[])	org.apache.commons.jxpath.util.MethodLookupUtils.matchParameterTypes(Class[],Object[])
org.apache.commons.jxpath.BasicNodeSet.add(NodeSet)	org.apache.commons.jxpath.BasicNodeSet.clearCacheLists()
org.apache.commons.jxpath.ri.axes.SimplePathInterpreter.computeQuality(NodePointer)	org.apache.commons.jxpath.ri.model.NodePointer.getImmediateParentPointer()
org.apache.commons.jxpath.ri.model.NodePointer.getRootNode()	org.apache.commons.jxpath.ri.model.NodePointer.getImmediateNode()
org.apache.commons.jxpath.ri.JXPathContextReferenceImpl.iterate(String,Expression)	org.apache.commons.jxpath.ri.JXPathContextReferenceImpl.getEvalContext()
org.apache.commons.jxpath.ri.parser.XPathParserTokenManager.jjMoveStringLiteralDfa18_0(long,long)	org.apache.commons.jxpath.ri.parser.XPathParserTokenManager.jjStopAtPos(int,int)
org.apache.commons.jxpath.util.ValueUtils.setValue(Object,PropertyDescriptor,Object)	org.apache.commons.jxpath.util.ValueUtils.convert(Object,Class)
org.apache.commons.jxpath.ri.model.dom.DOMNodePointer.isLanguage(String)	org.apache.commons.jxpath.ri.model.NodePointer.isLanguage(String)
org.apache.commons.jxpath.ri.compiler.CoreFunction.functionTranslate(EvalContext)	org.apache.commons.jxpath.ri.compiler.CoreFunction.getArg3()
org.apache.commons.jxpath.ri.EvalContext.getRootContext()	org.apache.commons.jxpath.ri.EvalContext.getRootContext()
org.apache.commons.jxpath.ri.axes.PredicateContext.setupDynamicPropertyPointer()	org.apache.commons.jxpath.ri.model.NodePointer.clone()
org.apache.commons.jxpath.ri.parser.XPathParser.jj_3R_83()	org.apache.commons.jxpath.ri.parser.XPathParser.jj_3R_91()
org.apache.commons.jxpath.ri.model.BeanModelTestCase.testIterateAndSet()	org.apache.commons.jxpath.JXPathContext.iteratePointers(String)
org.apache.commons.jxpath.JXPathContextFactory.newInstance()	org.apache.commons.jxpath.JXPathContextFactory.findFactory(String,String)
org.apache.commons.jxpath.ri.compiler.CoreOperationCompare.equal(EvalContext,Expression,Expression)	org.apache.commons.jxpath.ri.compiler.Expression.compute(EvalContext)
org.apache.commons.jxpath.ri.model.XMLModelTestCase.setUp()	org.apache.commons.jxpath.xml.DocumentContainer.getValue()
org.apache.commons.jxpath.servlet.JXPathServletContexts.getSessionContext(HttpSession,ServletContext)	org.apache.commons.jxpath.servlet.JXPathServletContexts.getApplicationContext(ServletContext)
org.apache.commons.jxpath.xml.JDOMParser.parseXML(InputStream)	org.apache.commons.jxpath.xml.XMLParser2.isExpandEntityReferences()
org.apache.commons.jxpath.ri.compiler.ContextDependencyTest.testContextDependency(String,boolean)	org.apache.commons.jxpath.ri.Parser.parseExpression(String,Compiler)
org.apache.commons.jxpath.ri.compiler.CoreFunction.computeValue(EvalContext)	org.apache.commons.jxpath.ri.compiler.CoreFunction.functionSubstringAfter(EvalContext)
org.apache.commons.jxpath.ri.axes.ChildContext.setPosition(int)	org.apache.commons.jxpath.ri.EvalContext.getCurrentPosition()
org.apache.commons.jxpath.ri.model.dynamic.DynamicPropertiesModelTest.testCreatePathNewCollectionElement()	org.apache.commons.jxpath.JXPathContext.getContextBean()
org.apache.commons.jxpath.ri.model.dynamic.DynamicPropertiesModelTest.testCreatePath()	org.apache.commons.jxpath.JXPathContext.getContextBean()
org.apache.commons.jxpath.ri.model.NodePointer.asPath()	org.apache.commons.jxpath.ri.model.NodePointer.asPath()
org.apache.commons.jxpath.ri.parser.XPathParser.NodeTest(ArrayList)	org.apache.commons.jxpath.ri.parser.XPathParser.unescape(String)
org.apache.commons.jxpath.ri.parser.XPathParser.jj_2_5(int)	org.apache.commons.jxpath.ri.parser.XPathParser.jj_3_5()
org.apache.commons.jxpath.ri.model.beans.PropertyPointer.isActual()	org.apache.commons.jxpath.ri.model.beans.PropertyPointer.isActualProperty()
org.apache.commons.jxpath.ri.parser.XPathParserTokenManager.jjMoveStringLiteralDfa1_0(long,long)	org.apache.commons.jxpath.ri.parser.XPathParserTokenManager.jjMoveStringLiteralDfa2_0(long,long,long,long)
org.apache.commons.jxpath.ri.parser.XPathParser.jj_3_5()	org.apache.commons.jxpath.ri.parser.XPathParser.jj_scan_token(int)
org.apache.commons.jxpath.ri.model.dynamic.DynamicPropertiesModelTest.testCreatePath()	org.apache.commons.jxpath.TestBean.setMap(Map)
org.apache.commons.jxpath.ri.StressTest.testThreads()	org.apache.commons.jxpath.JXPathContext.newContext(JXPathContext,Object)
org.apache.commons.jxpath.ri.axes.SimplePathInterpreter.createChildPointerForStep(PropertyOwnerPointer,Step)	org.apache.commons.jxpath.ri.model.beans.PropertyOwnerPointer.getPropertyPointer()
org.apache.commons.jxpath.ri.parser.XPathParser.jj_3R_18()	org.apache.commons.jxpath.ri.parser.XPathParser.jj_3R_29()
org.apache.commons.jxpath.ri.parser.XPathParser.AxisName()	org.apache.commons.jxpath.ri.parser.XPathParser.jj_consume_token(int)
org.apache.commons.jxpath.ri.axes.AttributeContext.nextNode()	org.apache.commons.jxpath.ri.compiler.NodeNameTest.getNodeName()
org.apache.commons.jxpath.ri.model.beans.CollectionNodeIterator.setPosition(int)	org.apache.commons.jxpath.ri.model.beans.CollectionNodeIterator.prepare()
org.apache.commons.jxpath.JXPathTestCase.assertXPathCreatePathAndSetValue(JXPathContext,String,Object,String)	org.apache.commons.jxpath.Pointer.asPath()
org.apache.commons.jxpath.ri.model.dynamic.DynamicPropertyPointer.asPath()	org.apache.commons.jxpath.ri.model.NodePointer.asPath()
org.apache.commons.jxpath.ri.model.beans.NullPropertyPointer.createPath(JXPathContext)	org.apache.commons.jxpath.ri.model.beans.NullPropertyPointer.getName()
org.apache.commons.jxpath.ri.model.jdom.JDOMNodeIterator.getNodePointer()	org.apache.commons.jxpath.ri.model.jdom.JDOMNodeIterator.setPosition(int)
org.apache.commons.jxpath.ri.model.beans.NullPointer.createPath(JXPathContext,Object)	org.apache.commons.jxpath.ri.model.beans.NullPointer.asPath()
org.apache.commons.jxpath.ri.parser.XPathParser.jj_3R_90()	org.apache.commons.jxpath.ri.parser.XPathParser.jj_3R_111()
org.apache.commons.jxpath.ri.model.dynamic.DynamicPropertiesModelTest.testCreatePathNewCollectionElement()	org.apache.commons.jxpath.TestBean.setMap(Map)
org.apache.commons.jxpath.ri.parser.XPathParser.ArgumentList()	org.apache.commons.jxpath.ri.parser.XPathParser.Argument()
org.apache.commons.jxpath.ri.compiler.ExtensionFunction.computeValue(EvalContext)	org.apache.commons.jxpath.ri.compiler.Expression.compute(EvalContext)
src\java\org\apache\commons\jxpath\ri\model\dom\DOMNodePointer.java::testNode(Node,NodeTest)	org.apache.commons.jxpath.ri.compiler.NodeNameTest.isWildcard()
org.apache.commons.jxpath.ri.axes.SimplePathInterpreter.createNullPointerForPredicates(EvalContext,NodePointer,Step[],int,Expression[],int)	org.apache.commons.jxpath.ri.axes.SimplePathInterpreter.valuePointer(NodePointer)
org.apache.commons.jxpath.ri.compiler.CoreFunction.computeValue(EvalContext)	org.apache.commons.jxpath.ri.compiler.CoreFunction.functionFalse(EvalContext)
org.apache.commons.jxpath.ri.parser.XPathParserTokenManager.jjMoveStringLiteralDfa9_0(long,long,long,long)	org.apache.commons.jxpath.ri.parser.XPathParserTokenManager.jjStartNfaWithStates_0(int,int,int)
org.apache.commons.jxpath.ri.JXPathContextReferenceImpl.getPointer(String)	org.apache.commons.jxpath.ri.JXPathContextReferenceImpl.compileExpression(String)
org.apache.commons.jxpath.ri.parser.XPathParserTokenManager.jjMoveStringLiteralDfa21_0(long,long)	org.apache.commons.jxpath.ri.parser.XPathParserTokenManager.jjStartNfa_0(int,long,long)
org.apache.commons.jxpath.ri.compiler.TestFunctions.pathWithSuffix(ExpressionContext,String)	org.apache.commons.jxpath.ExpressionContext.getContextNodePointer()
org.apache.commons.jxpath.ri.model.dom.DOMNamespaceIterator.getNodePointer()	org.apache.commons.jxpath.ri.model.dom.DOMNamespaceIterator.setPosition(int)
org.apache.commons.jxpath.util.BasicTypeConverter.convert(Object,Class)	org.apache.commons.jxpath.util.BasicTypeConverter.allocateCollection(Class)
org.apache.commons.jxpath.ri.model.beans.BeanPropertyPointer.getImmediateNode()	org.apache.commons.jxpath.ri.model.beans.BeanPropertyPointer.getBaseValue()
org.apache.commons.jxpath.ri.parser.XPathParser.SubtractiveExpr()	org.apache.commons.jxpath.ri.Compiler.minus(Object,Object)
org.apache.commons.jxpath.ri.model.VariablePointer.createCollection(JXPathContext,int)	org.apache.commons.jxpath.util.ValueUtils.expandCollection(Object,int)
org.apache.commons.jxpath.BasicNodeSet.getNodes()	org.apache.commons.jxpath.Pointer.getNode()
org.apache.commons.jxpath.ri.parser.XPathParser.jj_3R_17()	org.apache.commons.jxpath.ri.parser.XPathParser.jj_3R_26()
org.apache.commons.jxpath.ri.compiler.CoreOperationMultiply.computeValue(EvalContext)	org.apache.commons.jxpath.ri.InfoSetUtil.doubleValue(Object)
org.apache.commons.jxpath.ri.model.container.ContainerPointer.childIterator(NodeTest,boolean,NodePointer)	org.apache.commons.jxpath.ri.model.NodePointer.childIterator(NodeTest,boolean,NodePointer)
org.apache.commons.jxpath.ri.model.XMLModelTestCase.testNamespaceMapping()	org.apache.commons.jxpath.JXPathContext.getRelativeContext(Pointer)
org.apache.commons.jxpath.ri.model.beans.CollectionPointer.namespacePointer(String)	org.apache.commons.jxpath.ri.model.NodePointer.namespacePointer(String)
org.apache.commons.jxpath.ri.model.dynamic.DynamicPropertiesModelTest.testRemovePath()	org.apache.commons.jxpath.JXPathContext.getValue(String)
org.apache.commons.jxpath.ri.model.dom.NamespacePointer.asPath()	org.apache.commons.jxpath.ri.model.NodePointer.asPath()
org.apache.commons.jxpath.ri.model.beans.BeanPropertyPointer.getPropertyName()	org.apache.commons.jxpath.ri.model.beans.BeanPropertyPointer.getPropertyDescriptor()
org.apache.commons.jxpath.ri.model.beans.CollectionPointer.createPath(JXPathContext,Object)	org.apache.commons.jxpath.ri.model.beans.CollectionPointer.createPath(JXPathContext)
org.apache.commons.jxpath.ri.compiler.Path.searchForPath(EvalContext)	org.apache.commons.jxpath.ri.EvalContext.getSingleNodePointer()
org.apache.commons.jxpath.ri.model.MixedModelTest.testMatrix()	org.apache.commons.jxpath.JXPathContext.getContextBean()
org.apache.commons.jxpath.ri.model.beans.NullPropertyPointer.setValue(Object)	org.apache.commons.jxpath.ri.model.beans.PropertyOwnerPointer.isDynamicPropertyDeclarationSupported()
org.apache.commons.jxpath.ri.EvalContext.hasNext()	org.apache.commons.jxpath.ri.EvalContext.performIteratorStep()
org.apache.commons.jxpath.ri.parser.XPathParser.jj_3R_34()	org.apache.commons.jxpath.ri.parser.XPathParser.jj_scan_token(int)
org.apache.commons.jxpath.ri.model.BeanModelTestCase.testRelativeContextAbsolutePath()	org.apache.commons.jxpath.JXPathContext.getRelativeContext(Pointer)
org.apache.commons.jxpath.ri.parser.XPathParser.jj_3R_74()	org.apache.commons.jxpath.ri.parser.XPathParser.jj_3R_17()
org.apache.commons.jxpath.ri.model.XMLModelTestCase.testCreatePathAndSetValue()	org.apache.commons.jxpath.JXPathContext.registerNamespace(String,String)
org.apache.commons.jxpath.ri.parser.XPathParser.jj_3R_126()	org.apache.commons.jxpath.ri.parser.XPathParser.jj_scan_token(int)
org.apache.commons.jxpath.ri.EvalContext.hasNext()	org.apache.commons.jxpath.ri.EvalContext.getDocumentOrder()
org.apache.commons.jxpath.ri.compiler.ExtensionFunctionTest.testConstructorLookupWithExpressionContext()	org.apache.commons.jxpath.Function.invoke(ExpressionContext,Object[])
org.apache.commons.jxpath.ri.compiler.CoreFunction.functionName(EvalContext)	org.apache.commons.jxpath.ri.EvalContext.next()
org.apache.commons.jxpath.PackageFunctions.getFunction(String,String,Object[])	org.apache.commons.jxpath.Pointer.getValue()
org.apache.commons.jxpath.ri.axes.SimplePathInterpreter.doStep(EvalContext,NodePointer,Step[],int)	org.apache.commons.jxpath.ri.axes.SimplePathInterpreter.doStepNoPredicatesPropertyOwner(EvalContext,PropertyOwnerPointer,Step[],int)
org.apache.commons.jxpath.ri.model.NodePointer.compareTo(Object)	org.apache.commons.jxpath.ri.model.NodePointer.compareChildNodePointers(NodePointer,NodePointer)
org.apache.commons.jxpath.ri.model.dom.DOMNodePointer.createAttribute(JXPathContext,QName)	org.apache.commons.jxpath.ri.model.dom.DOMNodePointer.getNamespaceResolver()
org.apache.commons.jxpath.ri.model.beans.BeanPropertyPointer.createPath(JXPathContext)	org.apache.commons.jxpath.ri.model.beans.BeanPropertyPointer.getImmediateNode()
org.apache.commons.jxpath.ri.parser.XPathParserTokenManager.jjMoveStringLiteralDfa18_0(long,long)	org.apache.commons.jxpath.ri.parser.XPathParserTokenManager.jjMoveStringLiteralDfa19_0(long,long)
org.apache.commons.jxpath.ri.model.dom.DOMNodeIterator.previous()	org.apache.commons.jxpath.ri.model.dom.DOMNodeIterator.testChild()
org.apache.commons.jxpath.ri.compiler.CoreFunction.functionName(EvalContext)	org.apache.commons.jxpath.ri.QName.toString()
org.apache.commons.jxpath.ri.axes.SimplePathInterpreter.doStepPredicatesStandard(EvalContext,NodePointer,Step[],int)	org.apache.commons.jxpath.ri.compiler.Step.getPredicates()
org.apache.commons.jxpath.JXPathTestCase.assertXPathCreatePath(JXPathContext,String,Object,String)	org.apache.commons.jxpath.JXPathContext.getValue(String)
org.apache.commons.jxpath.ri.axes.NamespaceContext.nextNode()	org.apache.commons.jxpath.ri.model.NodePointer.namespacePointer(String)
org.apache.commons.jxpath.ri.Parser.parseExpression(String,Compiler)	org.apache.commons.jxpath.ri.parser.TokenMgrError.getPosition()
org.apache.commons.jxpath.ri.parser.XPathParser.PathExpr()	org.apache.commons.jxpath.ri.parser.XPathParser.LocationPath()
org.apache.commons.jxpath.ri.JXPathCompiledExpression.removeAll(JXPathContext)	org.apache.commons.jxpath.ri.JXPathContextReferenceImpl.removeAll(String,Expression)
org.apache.commons.jxpath.ri.model.NodePointer.getNode()	org.apache.commons.jxpath.ri.model.NodePointer.getImmediateNode()
org.apache.commons.jxpath.ri.parser.XPathParserTokenManager.jjMoveNfa_0(int,int)	org.apache.commons.jxpath.ri.parser.XPathParserTokenManager.jjAddStates(int,int)
org.apache.commons.jxpath.ri.model.container.ContainerPointer.getNamespaceURI(String)	org.apache.commons.jxpath.ri.model.NodePointer.getValuePointer()
org.apache.commons.jxpath.JXPathTestCase.assertXPathCreatePath(JXPathContext,String,Object,String)	org.apache.commons.jxpath.Pointer.getValue()
org.apache.commons.jxpath.ri.parser.XPathParser.jj_3R_49()	org.apache.commons.jxpath.ri.parser.XPathParser.jj_scan_token(int)
org.apache.commons.jxpath.ri.parser.XPathParser.jj_3R_133()	org.apache.commons.jxpath.ri.parser.XPathParser.jj_scan_token(int)
org.apache.commons.jxpath.ri.model.beans.TestBeanFactory.createObject(JXPathContext,Pointer,Object,String,int)	org.apache.commons.jxpath.TestBean.setNestedBean(NestedTestBean)
org.apache.commons.jxpath.ri.model.jdom.JDOMAttributePointer.asPath()	org.apache.commons.jxpath.ri.model.jdom.JDOMAttributePointer.getName()
org.apache.commons.jxpath.ri.model.jdom.JDOMNodePointer.asPath()	org.apache.commons.jxpath.ri.model.jdom.JDOMNodePointer.getNamespaceResolver()
org.apache.commons.jxpath.ri.parser.SimpleCharStream.ReInit(InputStream,int,int)	org.apache.commons.jxpath.ri.parser.SimpleCharStream.ReInit(InputStream,int,int,int)
org.apache.commons.jxpath.ri.model.dynamic.DynamicPropertyPointer.getBaseValue()	org.apache.commons.jxpath.ri.model.dynamic.DynamicPropertyPointer.getPropertyName()
org.apache.commons.jxpath.ri.model.dynabeans.DynaBeanPropertyPointer.getImmediateNode()	org.apache.commons.jxpath.util.ValueUtils.getValue(Object,int)
org.apache.commons.jxpath.ri.axes.SimplePathInterpreter.doStepNoPredicatesStandard(EvalContext,NodePointer,Step[],int)	org.apache.commons.jxpath.ri.model.NodeIterator.getNodePointer()
org.apache.commons.jxpath.ri.compiler.CoreFunctionTest.testIDFunction()	org.apache.commons.jxpath.ri.model.NodePointer.getValuePointer()
org.apache.commons.jxpath.ri.compiler.CoreFunction.functionFormatNumber(EvalContext)	org.apache.commons.jxpath.JXPathContext.getDecimalFormatSymbols(String)
org.apache.commons.jxpath.ri.parser.XPathParserTokenManager.jjStartNfaWithStates_0(int,int,int)	org.apache.commons.jxpath.ri.parser.SimpleCharStream.readChar()
org.apache.commons.jxpath.util.ValueUtils.setValue(Object,int,Object)	org.apache.commons.jxpath.util.ValueUtils.getValue(Object)
org.apache.commons.jxpath.ri.parser.XPathParser.jj_3R_69()	org.apache.commons.jxpath.ri.parser.XPathParser.jj_3R_78()
org.apache.commons.jxpath.ri.model.beans.TestBeanFactory.createObject(JXPathContext,Pointer,Object,String,int)	org.apache.commons.jxpath.TestBean.setIntegers(int,int)
org.apache.commons.jxpath.ri.parser.XPathParser.jj_2_2(int)	org.apache.commons.jxpath.ri.parser.XPathParser.jj_3_2()
org.apache.commons.jxpath.ri.axes.RecursiveAxesTest.setUp()	org.apache.commons.jxpath.ri.axes.RecursiveBean.setFirst(RecursiveBean)
org.apache.commons.jxpath.ri.model.BeanModelTestCase.testRemovePathBeanValue()	org.apache.commons.jxpath.JXPathContext.getValue(String)
org.apache.commons.jxpath.JXPathContext.selectSingleNode(String)	org.apache.commons.jxpath.JXPathContext.getPointer(String)
org.apache.commons.jxpath.ri.model.beans.NullPropertyPointer.createPath(JXPathContext)	org.apache.commons.jxpath.ri.model.NodePointer.isAttribute()
org.apache.commons.jxpath.BasicNodeSetTest.removePointers(String)	org.apache.commons.jxpath.JXPathContext.iteratePointers(String)
org.apache.commons.jxpath.ri.axes.SimplePathInterpreter.doStepNoPredicatesStandard(EvalContext,NodePointer,Step[],int)	org.apache.commons.jxpath.ri.model.NodePointer.clone()
org.apache.commons.jxpath.ri.model.NodePointer.getNodeValue()	org.apache.commons.jxpath.ri.model.NodePointer.getNode()
org.apache.commons.jxpath.ri.model.dynamic.DynamicPropertyPointer.setValue(Object)	org.apache.commons.jxpath.ri.model.beans.PropertyPointer.getBean()
org.apache.commons.jxpath.ri.model.dynabeans.TestDynaBeanFactory.declareVariable(JXPathContext,String)	org.apache.commons.jxpath.JXPathContext.getVariables()
org.apache.commons.jxpath.ri.model.MixedModelTest.testIterateArray()	org.apache.commons.jxpath.JXPathContext.newContext(Object)
org.apache.commons.jxpath.ri.axes.PredicateContext.nextNode()	org.apache.commons.jxpath.ri.model.beans.PropertyPointer.setPropertyName(String)
org.apache.commons.jxpath.ri.axes.AttributeContext.nextNode()	org.apache.commons.jxpath.ri.EvalContext.getCurrentNodePointer()
org.apache.commons.jxpath.servlet.ServletRequestHandler.setProperty(Object,String,Object)	org.apache.commons.jxpath.servlet.ServletRequestAndContext.getServletRequest()
org.apache.commons.jxpath.ri.compiler.CoreFunction.functionLast(EvalContext)	org.apache.commons.jxpath.ri.EvalContext.setPosition(int)
org.apache.commons.jxpath.ri.model.dynamic.DynamicPropertyPointer.createPath(JXPathContext)	org.apache.commons.jxpath.ri.model.NodePointer.getAbstractFactory(JXPathContext)
org.apache.commons.jxpath.ri.NamespaceResolver.getPrefix(NodePointer,String)	org.apache.commons.jxpath.ri.model.NodePointer.namespaceIterator()
org.apache.commons.jxpath.ri.JXPathContextReferenceImpl.getPointer(String,Expression)	org.apache.commons.jxpath.ri.compiler.Expression.computeValue(EvalContext)
org.apache.commons.jxpath.ri.model.dynamic.DynamicPropertyPointer.getImmediateNode()	org.apache.commons.jxpath.util.ValueUtils.getValue(Object,int)
org.apache.commons.jxpath.ri.compiler.CoreFunction.functionSubstring(EvalContext)	org.apache.commons.jxpath.ri.InfoSetUtil.stringValue(Object)
org.apache.commons.jxpath.ri.parser.XPathParserTokenManager.jjMoveStringLiteralDfa9_0(long,long,long,long)	org.apache.commons.jxpath.ri.parser.XPathParserTokenManager.jjStopAtPos(int,int)
org.apache.commons.jxpath.ri.model.beans.BeanPropertyPointer.setValue(Object)	org.apache.commons.jxpath.util.ValueUtils.setValue(Object,PropertyDescriptor,Object)
org.apache.commons.jxpath.ri.JXPathContextReferenceImpl.getValue(String,Expression)	org.apache.commons.jxpath.ri.model.NodePointer.getValue()
org.apache.commons.jxpath.ri.model.BeanModelTestCase.testCreatePathExpandNewCollection()	org.apache.commons.jxpath.JXPathContext.setValue(String,Object)
org.apache.commons.jxpath.ri.model.VariablePointer.createChild(JXPathContext,QName,int)	org.apache.commons.jxpath.ri.model.NodePointer.setIndex(int)
org.apache.commons.jxpath.BasicNodeSetTest.testAdd()	org.apache.commons.jxpath.BasicNodeSet.getPointers()
org.apache.commons.jxpath.ri.model.dynabeans.DynaBeanPropertyPointer.setValue(int,Object)	org.apache.commons.jxpath.util.ValueUtils.setValue(Object,int,Object)
org.apache.commons.jxpath.ri.model.VariablePointer.createChild(JXPathContext,QName,int,Object)	org.apache.commons.jxpath.ri.model.NodePointer.setIndex(int)
org.apache.commons.jxpath.util.BasicTypeConverter.convert(Object,Class)	org.apache.commons.jxpath.util.BasicTypeConverter.convertNullToPrimitive(Class)
org.apache.commons.jxpath.ri.model.dynabeans.DynaBeanPropertyPointer.getPropertyIndex()	org.apache.commons.jxpath.ri.model.beans.PropertyPointer.getPropertyIndex()
org.apache.commons.jxpath.ri.JXPathContextReferenceImpl.getNamespaceContextPointer()	org.apache.commons.jxpath.ri.NamespaceResolver.getNamespaceContextPointer()
org.apache.commons.jxpath.ri.model.beans.NullPointer.hashCode()	org.apache.commons.jxpath.ri.QName.hashCode()
org.apache.commons.jxpath.ri.model.dynamic.DynamicPropertiesModelTest.testCreatePathAndSetValueCollectionElement()	org.apache.commons.jxpath.JXPathContext.getContextBean()
org.apache.commons.jxpath.PackageFunctions.getFunction(String,String,Object[])	org.apache.commons.jxpath.util.TypeUtils.convert(Object,Class)
org.apache.commons.jxpath.ri.model.dynamic.DynamicPropertyPointer.getPropertyIndex()	org.apache.commons.jxpath.ri.model.beans.PropertyPointer.getPropertyIndex()
org.apache.commons.jxpath.ri.model.beans.PropertyPointer.getImmediateValuePointer()	org.apache.commons.jxpath.ri.model.NodePointer.clone()
org.apache.commons.jxpath.ri.parser.XPathParser.QName_Without_CoreFunctions()	org.apache.commons.jxpath.ri.parser.XPathParser.NCName_Without_CoreFunctions()
org.apache.commons.jxpath.ri.compiler.CoreFunction.assertArgRange(int,int)	org.apache.commons.jxpath.ri.compiler.CoreFunction.getArgumentCount()
org.apache.commons.jxpath.ri.compiler.ExtensionFunctionTest.testConstructorLookupWithExpressionContext()	org.apache.commons.jxpath.Functions.getFunction(String,String,Object[])
org.apache.commons.jxpath.ri.axes.SimplePathInterpreter.getNodeIterator(EvalContext,NodePointer,Step)	org.apache.commons.jxpath.ri.QName.getPrefix()
org.apache.commons.jxpath.ri.compiler.Path.isSimpleStep(Step)	org.apache.commons.jxpath.ri.compiler.NodeNameTest.isWildcard()
org.apache.commons.jxpath.ri.model.BeanModelTestCase.testIteratePropertyArrayWithoutHasNext()	org.apache.commons.jxpath.JXPathContext.iteratePointers(String)
org.apache.commons.jxpath.ri.model.MixedModelTest.testIteratePointersArrayElementWithVariable()	org.apache.commons.jxpath.JXPathContext.newContext(Object)
org.apache.commons.jxpath.ri.model.jdom.JDOMNodePointer.isLanguage(String)	org.apache.commons.jxpath.ri.model.jdom.JDOMNodePointer.getLanguage()
org.apache.commons.jxpath.util.TypeUtils.convert(Object,Class)	org.apache.commons.jxpath.util.TypeConverter.convert(Object,Class)
org.apache.commons.jxpath.ri.model.VariablePointerFactory.createNodePointer(QName,Object,Locale)	org.apache.commons.jxpath.ri.QName.toString()
org.apache.commons.jxpath.ri.NamespaceResolver.getNamespaceURI(String)	org.apache.commons.jxpath.ri.NamespaceResolver.getExternallyRegisteredNamespaceURI(String)
org.apache.commons.jxpath.ri.compiler.CoreFunction.functionSubstringBefore(EvalContext)	org.apache.commons.jxpath.ri.compiler.Expression.computeValue(EvalContext)
org.apache.commons.jxpath.ri.parser.XPathParser.jj_3R_138()	org.apache.commons.jxpath.ri.parser.XPathParser.jj_3R_137()
org.apache.commons.jxpath.ri.compiler.LocationPath.computeValue(EvalContext)	org.apache.commons.jxpath.ri.EvalContext.getRootContext()
org.apache.commons.jxpath.ri.parser.XPathParser.jj_3R_50()	org.apache.commons.jxpath.ri.parser.XPathParser.jj_scan_token(int)
org.apache.commons.jxpath.ri.model.container.ContainerModelTest.testContainerPropertyWithCollection()	org.apache.commons.jxpath.ri.model.container.ContainerModelTest.ListContainer.getValue()
org.apache.commons.jxpath.ri.parser.XPathParser.getNextToken()	org.apache.commons.jxpath.ri.parser.XPathParserTokenManager.getNextToken()
org.apache.commons.jxpath.ri.axes.SimplePathInterpreter.doPredicateName(EvalContext,NodePointer,Step[],int,Expression[],int)	org.apache.commons.jxpath.ri.axes.SimplePathInterpreter.doPredicatesStandard(EvalContext,List,Step[],int,Expression[],int)
org.apache.commons.jxpath.ri.model.jdom.JDOMNodePointer.createAttribute(JXPathContext,QName)	org.apache.commons.jxpath.ri.model.jdom.JDOMNodePointer.attributeIterator(QName)
org.apache.commons.jxpath.ri.compiler.CoreFunction.functionNumber(EvalContext)	org.apache.commons.jxpath.ri.InfoSetUtil.number(Object)
org.apache.commons.jxpath.ri.parser.XPathParser.jj_3R_19()	org.apache.commons.jxpath.ri.parser.XPathParser.jj_3R_62()
org.apache.commons.jxpath.ri.model.NodePointer.getPointerByKey(JXPathContext,String,String)	org.apache.commons.jxpath.JXPathContext.getPointerByKey(String,String)
org.apache.commons.jxpath.ri.JXPathContextReferenceImpl.removeAll(String)	org.apache.commons.jxpath.ri.JXPathContextReferenceImpl.removeAll(String,Expression)
org.apache.commons.jxpath.ri.parser.XPathParser.jj_3R_108()	org.apache.commons.jxpath.ri.parser.XPathParser.jj_scan_token(int)
org.apache.commons.jxpath.ri.axes.SimplePathInterpreterTest.pointerSignature(Pointer)	org.apache.commons.jxpath.ri.axes.SimplePathInterpreterTest.pointerSignature(Pointer)
org.apache.commons.jxpath.servlet.PageScopeContextHandler.getPropertyNames(Object)	org.apache.commons.jxpath.servlet.PageScopeContext.getAttributeNames()
org.apache.commons.jxpath.ri.parser.XPathParser.UnaryExpr()	org.apache.commons.jxpath.ri.parser.XPathParser.UnionExpr()
org.apache.commons.jxpath.ri.model.MixedModelTest.testCreatePathAndSetValueWithMatrix()	org.apache.commons.jxpath.JXPathContext.setValue(String,Object)
org.apache.commons.jxpath.ri.axes.SimplePathInterpreter.doStepPredicatesPropertyOwner(EvalContext,PropertyOwnerPointer,Step[],int)	org.apache.commons.jxpath.ri.model.NodePointer.isActual()
org.apache.commons.jxpath.ri.model.beans.PropertyOwnerPointer.childIterator(NodeTest,boolean,NodePointer)	org.apache.commons.jxpath.ri.QName.toString()
org.apache.commons.jxpath.ri.parser.XPathParser.jj_3R_90()	org.apache.commons.jxpath.ri.parser.XPathParser.jj_3R_104()
org.apache.commons.jxpath.ri.axes.SimplePathInterpreter.createNullPointer(EvalContext,NodePointer,Step[],int)	org.apache.commons.jxpath.ri.axes.SimplePathInterpreter.createNullPointerForPredicates(EvalContext,NodePointer,Step[],int,Expression[],int)
org.apache.commons.jxpath.ri.parser.XPathParser.jj_2_4(int)	org.apache.commons.jxpath.ri.parser.XPathParser.jj_save(int,int)
org.apache.commons.jxpath.ri.parser.XPathParser.UnaryExpr()	org.apache.commons.jxpath.ri.parser.XPathParser.UnaryExpr()
org.apache.commons.jxpath.ri.JXPathContextReferenceImpl.createPathAndSetValue(String,Object)	org.apache.commons.jxpath.ri.JXPathContextReferenceImpl.compileExpression(String)
org.apache.commons.jxpath.ri.parser.XPathParserTokenManager.jjMoveStringLiteralDfa13_0(long,long,long,long)	org.apache.commons.jxpath.ri.parser.XPathParserTokenManager.jjStartNfa_0(int,long,long)
org.apache.commons.jxpath.ri.compiler.CoreFunction.computeValue(EvalContext)	org.apache.commons.jxpath.ri.compiler.CoreFunction.functionNot(EvalContext)
org.apache.commons.jxpath.util.BasicTypeConverterTest.testArrayToList()	org.apache.commons.jxpath.util.BasicTypeConverterTest.assertConversion(Object,Class,Object)
org.apache.commons.jxpath.ri.model.jdom.JDOMNodePointer.createAttribute(JXPathContext,QName)	org.apache.commons.jxpath.ri.QName.getName()
org.apache.commons.jxpath.ri.compiler.CoreFunction.functionFormatNumber(EvalContext)	org.apache.commons.jxpath.ri.EvalContext.getJXPathContext()
org.apache.commons.jxpath.util.MethodLookupUtils.lookupMethod(Class,String,Object[])	org.apache.commons.jxpath.util.MethodLookupUtils.matchType(Class,Object)
org.apache.commons.jxpath.ri.NamespaceResolver.getPrefix(NodePointer,String)	org.apache.commons.jxpath.ri.model.NodePointer.getName()
org.apache.commons.jxpath.ri.compiler.CoreFunctionTest.testExtendedKeyFunction()	org.apache.commons.jxpath.ri.model.NodePointer.newNodePointer(QName,Object,Locale)
org.apache.commons.jxpath.JXPathBasicBeanInfo.toString()	org.apache.commons.jxpath.JXPathBasicBeanInfo.getPropertyDescriptors()
org.apache.commons.jxpath.ri.compiler.CoreFunction.functionName(EvalContext)	org.apache.commons.jxpath.ri.EvalContext.getCurrentNodePointer()
org.apache.commons.jxpath.util.ValueUtils.remove(Object,int)	org.apache.commons.jxpath.util.ValueUtils.getLength(Object)
org.apache.commons.jxpath.ri.compiler.CoreFunction.computeValue(EvalContext)	org.apache.commons.jxpath.ri.compiler.CoreFunction.functionNormalizeSpace(EvalContext)
org.apache.commons.jxpath.ri.model.BeanModelTestCase.testRemovePathPropertyValue()	org.apache.commons.jxpath.JXPathContext.getValue(String)
org.apache.commons.jxpath.ri.EvalContext.getSingleNodePointer()	org.apache.commons.jxpath.ri.EvalContext.getCurrentNodePointer()
org.apache.commons.jxpath.ri.compiler.CoreFunction.computeValue(EvalContext)	org.apache.commons.jxpath.ri.compiler.CoreFunction.functionStartsWith(EvalContext)
org.apache.commons.jxpath.ri.JXPathContextReferenceImpl.createPath(String,Expression)	org.apache.commons.jxpath.ri.JXPathContextReferenceImpl.checkSimplePath(Expression)
org.apache.commons.jxpath.ri.compiler.CoreFunction.functionNot(EvalContext)	org.apache.commons.jxpath.ri.compiler.Expression.computeValue(EvalContext)
org.apache.commons.jxpath.ri.model.NodePointer.getValue()	org.apache.commons.jxpath.ri.model.NodePointer.getValuePointer()
org.apache.commons.jxpath.BasicNodeSetTest.testRemove()	org.apache.commons.jxpath.BasicNodeSet.getValues()
org.apache.commons.jxpath.ri.axes.SimplePathInterpreter.createChildPointerForStep(PropertyOwnerPointer,Step)	org.apache.commons.jxpath.ri.compiler.Step.getAxis()
org.apache.commons.jxpath.ri.parser.XPathParserTokenManager.jjMoveStringLiteralDfa12_0(long,long,long,long)	org.apache.commons.jxpath.ri.parser.XPathParserTokenManager.jjStopStringLiteralDfa_0(int,long,long)
org.apache.commons.jxpath.ri.compiler.VariableTest.setUp()	org.apache.commons.jxpath.JXPathContext.setFactory(AbstractFactory)
org.apache.commons.jxpath.ri.model.beans.BeanPropertyPointer.setValue(Object)	org.apache.commons.jxpath.util.ValueUtils.setValue(Object,PropertyDescriptor,int,Object)
org.apache.commons.jxpath.ri.axes.SimplePathInterpreterTest.setUp()	org.apache.commons.jxpath.NestedTestBean.getStrings()
org.apache.commons.jxpath.functions.MethodFunction.invoke(ExpressionContext,Object[])	org.apache.commons.jxpath.util.TypeUtils.convert(Object,Class)
org.apache.commons.jxpath.ri.parser.XPathParser.jj_3R_25()	org.apache.commons.jxpath.ri.parser.XPathParser.jj_scan_token(int)
org.apache.commons.jxpath.JXPathContext.newContext(Object)	org.apache.commons.jxpath.JXPathContext.getContextFactory()
org.apache.commons.jxpath.ri.model.XMLModelTestCase.testCreatePath()	org.apache.commons.jxpath.JXPathContext.registerNamespace(String,String)
org.apache.commons.jxpath.ri.compiler.CoreFunction.functionSubstring(EvalContext)	org.apache.commons.jxpath.ri.InfoSetUtil.doubleValue(Object)
org.apache.commons.jxpath.ri.model.BeanModelTestCase.testRelativeContextInheritance()	org.apache.commons.jxpath.JXPathContext.getRelativeContext(Pointer)
org.apache.commons.jxpath.ri.compiler.CoreFunction.functionNumber(EvalContext)	org.apache.commons.jxpath.ri.compiler.Expression.computeValue(EvalContext)
org.apache.commons.jxpath.ri.model.dom.DOMNodePointer.getNamespaceURI(String)	org.apache.commons.jxpath.ri.model.dom.DOMNodePointer.getDefaultNamespaceURI()
org.apache.commons.jxpath.xml.DocumentContainer.parseXML(InputStream)	org.apache.commons.jxpath.xml.XMLParser2.setIgnoringElementContentWhitespace(boolean)
org.apache.commons.jxpath.JXPathContext.getIdentityManager()	org.apache.commons.jxpath.JXPathContext.getIdentityManager()
org.apache.commons.jxpath.ri.compiler.TreeCompiler.function(int,Object[])	org.apache.commons.jxpath.ri.compiler.TreeCompiler.toExpressionArray(Object[])
org.apache.commons.jxpath.ri.compiler.VariableTest.testCreatePathExpandCollection()	org.apache.commons.jxpath.JXPathContext.getValue(String)
org.apache.commons.jxpath.ri.compiler.CoreFunction.functionStringLength(EvalContext)	org.apache.commons.jxpath.ri.compiler.Expression.computeValue(EvalContext)
org.apache.commons.jxpath.ri.model.jdom.JDOMNodePointer.createChild(JXPathContext,QName,int)	org.apache.commons.jxpath.ri.QName.getPrefix()
org.apache.commons.jxpath.ri.EvalContext.toString()	org.apache.commons.jxpath.Pointer.asPath()
org.apache.commons.jxpath.ri.model.beans.BeanPropertyPointer.isActualProperty()	org.apache.commons.jxpath.ri.model.beans.BeanPropertyPointer.getPropertyDescriptor()
org.apache.commons.jxpath.ri.model.beans.CollectionPointer.createPath(JXPathContext,Object)	org.apache.commons.jxpath.ri.model.NodePointer.setValue(Object)
org.apache.commons.jxpath.ri.parser.XPathParser.jj_3R_18()	org.apache.commons.jxpath.ri.parser.XPathParser.jj_3R_50()
org.apache.commons.jxpath.ri.parser.XPathParserTokenManager.jjMoveStringLiteralDfa5_0(long,long,long,long)	org.apache.commons.jxpath.ri.parser.XPathParserTokenManager.jjStopStringLiteralDfa_0(int,long,long)
org.apache.commons.jxpath.ri.model.dynamic.DynamicPropertyPointer.createPath(JXPathContext,Object)	org.apache.commons.jxpath.DynamicPropertyHandler.setProperty(Object,String,Object)
org.apache.commons.jxpath.ri.model.BeanModelTestCase.testRemovePathBeanValue()	org.apache.commons.jxpath.JXPathContext.removePath(String)
org.apache.commons.jxpath.ri.parser.XPathParser.jj_3R_77()	org.apache.commons.jxpath.ri.parser.XPathParser.jj_3R_70()
org.apache.commons.jxpath.ri.compiler.VariableFactory.declareVariable(JXPathContext,String)	org.apache.commons.jxpath.JXPathContext.getVariables()
org.apache.commons.jxpath.ri.model.BeanModelTestCase.testBooleanPredicate()	org.apache.commons.jxpath.JXPathContext.getValue(String)
org.apache.commons.jxpath.ri.compiler.CoreFunction.functionSubstringBefore(EvalContext)	org.apache.commons.jxpath.ri.compiler.CoreFunction.getArg2()
org.apache.commons.jxpath.ri.parser.XPathParserTokenManager.jjMoveStringLiteralDfa4_0(long,long,long,long)	org.apache.commons.jxpath.ri.parser.XPathParserTokenManager.jjStartNfa_0(int,long,long)
org.apache.commons.jxpath.PackageFunctions.getFunction(String,String,Object[])	org.apache.commons.jxpath.NodeSet.getPointers()
org.apache.commons.jxpath.ri.compiler.CoreOperationOr.computeValue(EvalContext)	org.apache.commons.jxpath.ri.compiler.Expression.computeValue(EvalContext)
org.apache.commons.jxpath.ri.axes.ChildContext.getSingleNodePointer()	org.apache.commons.jxpath.ri.model.NodeIterator.getNodePointer()
org.apache.commons.jxpath.ri.model.VariablePointer.createPath(JXPathContext)	org.apache.commons.jxpath.ri.model.VariablePointer.findVariables(JXPathContext)
org.apache.commons.jxpath.ri.parser.XPathParserTokenManager.jjMoveStringLiteralDfa21_0(long,long)	org.apache.commons.jxpath.ri.parser.XPathParserTokenManager.jjStartNfaWithStates_0(int,int,int)
org.apache.commons.jxpath.ri.compiler.Expression.iteratePointers(EvalContext)	org.apache.commons.jxpath.NodeSet.getPointers()
org.apache.commons.jxpath.ri.model.dynamic.DynamicPropertyPointer.createPath(JXPathContext,Object)	org.apache.commons.jxpath.util.ValueUtils.setValue(Object,int,Object)
org.apache.commons.jxpath.ri.model.jdom.JDOMNodePointer.getValue()	org.apache.commons.jxpath.ri.model.NodeIterator.getPosition()
org.apache.commons.jxpath.ri.axes.SimplePathInterpreterTest.testDoPredicateName()	org.apache.commons.jxpath.TestBean.getNestedBean()
org.apache.commons.jxpath.ri.model.beans.BeanPropertyPointer.setIndex(int)	org.apache.commons.jxpath.ri.model.NodePointer.setIndex(int)
org.apache.commons.jxpath.ri.JXPathContextReferenceImpl.removeAll(String,Expression)	org.apache.commons.jxpath.ri.model.NodePointer.asPath()
org.apache.commons.jxpath.ri.JXPathContextReferenceImpl.getPrefix(String)	org.apache.commons.jxpath.ri.NamespaceResolver.getPrefix(String)
org.apache.commons.jxpath.ri.compiler.CoreOperation.compute(EvalContext)	org.apache.commons.jxpath.ri.compiler.CoreOperation.computeValue(EvalContext)
org.apache.commons.jxpath.ri.axes.ChildContext.setPosition(int)	org.apache.commons.jxpath.ri.axes.ChildContext.prepare()
org.apache.commons.jxpath.ri.JXPathContextReferenceImpl.removeAll(String,Expression)	org.apache.commons.jxpath.ri.compiler.Expression.iteratePointers(EvalContext)
org.apache.commons.jxpath.ri.model.beans.CollectionPointer.isLeaf()	org.apache.commons.jxpath.JXPathIntrospector.getBeanInfo(Class)
org.apache.commons.jxpath.ri.compiler.CoreFunctionTest.testExtendedKeyFunction()	org.apache.commons.jxpath.JXPathContext.setKeyManager(KeyManager)
org.apache.commons.jxpath.ri.parser.XPathParser.jj_3R_22()	org.apache.commons.jxpath.ri.parser.XPathParser.jj_3R_68()
org.apache.commons.jxpath.ri.model.jdom.TestJDOMFactory.createObject(JXPathContext,Pointer,Object,String,int)	org.apache.commons.jxpath.JXPathContext.getNamespaceURI(String)
org.apache.commons.jxpath.ri.axes.SimplePathInterpreter.isLangAttribute(QName)	org.apache.commons.jxpath.ri.QName.getName()
org.apache.commons.jxpath.ri.model.container.ContainerModelTest.testContainerRootWithCollection()	org.apache.commons.jxpath.Variables.declareVariable(String,Object)
org.apache.commons.jxpath.ri.EvalContext.getNodeSet()	org.apache.commons.jxpath.ri.EvalContext.nextSet()
org.apache.commons.jxpath.ri.parser.XPathParser.jj_3_2()	org.apache.commons.jxpath.ri.parser.XPathParser.jj_3R_16()
org.apache.commons.jxpath.ri.compiler.CoreFunction.functionNormalizeSpace(EvalContext)	org.apache.commons.jxpath.ri.compiler.Expression.computeValue(EvalContext)
org.apache.commons.jxpath.ri.parser.XPathParser.CoreFunctionCall()	org.apache.commons.jxpath.ri.parser.XPathParser.ArgumentList()
org.apache.commons.jxpath.ri.compiler.VariableTest.testRemovePathUndeclareVariable()	org.apache.commons.jxpath.Variables.isDeclaredVariable(String)
org.apache.commons.jxpath.ri.parser.XPathParser.jj_3R_37()	org.apache.commons.jxpath.ri.parser.XPathParser.jj_scan_token(int)
org.apache.commons.jxpath.ri.model.beans.NullPropertyPointer.createChild(JXPathContext,QName,int)	org.apache.commons.jxpath.ri.model.beans.NullPropertyPointer.createPath(JXPathContext)
org.apache.commons.jxpath.JXPathBasicBeanInfo.toString()	org.apache.commons.jxpath.JXPathBasicBeanInfo.isAtomic()
org.apache.commons.jxpath.ri.compiler.CoreFunction.functionConcat(EvalContext)	org.apache.commons.jxpath.ri.compiler.CoreFunction.getArgumentCount()
org.apache.commons.jxpath.util.JXPath11CompatibleTypeConverter.convert(Object,Class)	org.apache.commons.jxpath.util.BasicTypeConverter.convert(Object,Class)
org.apache.commons.jxpath.ri.compiler.ExpressionPath.expressionPath(EvalContext,boolean)	org.apache.commons.jxpath.ri.compiler.Path.getSteps()
org.apache.commons.jxpath.ri.parser.XPathParserTokenManager.jjStartNfaWithStates_0(int,int,int)	org.apache.commons.jxpath.ri.parser.XPathParserTokenManager.jjMoveNfa_0(int,int)
org.apache.commons.jxpath.ri.model.jdom.JDOMNodeIterator.previous()	org.apache.commons.jxpath.ri.model.jdom.JDOMNodeIterator.testChild()
org.apache.commons.jxpath.ri.axes.SimplePathInterpreterTest.assertValueAndPointer(String,Object,String,String,String)	org.apache.commons.jxpath.ri.model.NodePointer.getValuePointer()
org.apache.commons.jxpath.ri.compiler.CoreOperationMultiply.computeValue(EvalContext)	org.apache.commons.jxpath.ri.compiler.Expression.computeValue(EvalContext)
org.apache.commons.jxpath.ri.compiler.ExtensionFunctionTest.testCollectionMethodCall()	org.apache.commons.jxpath.JXPathContext.getValue(String)
org.apache.commons.jxpath.ri.axes.SimplePathInterpreter.valuePointer(NodePointer)	org.apache.commons.jxpath.ri.model.NodePointer.getValuePointer()
org.apache.commons.jxpath.ri.model.BeanModelTestCase.testRemovePathArrayElement()	org.apache.commons.jxpath.JXPathContext.removePath(String)
org.apache.commons.jxpath.ri.axes.ChildContext.nextNode()	org.apache.commons.jxpath.ri.EvalContext.getCurrentPosition()
org.apache.commons.jxpath.xml.DocumentContainer.parseXML(InputStream)	org.apache.commons.jxpath.xml.XMLParser2.isExpandEntityReferences()
org.apache.commons.jxpath.ri.model.dynamic.DynamicPropertiesModelTest.testCreatePathAndSetValue()	org.apache.commons.jxpath.TestBean.setMap(Map)
org.apache.commons.jxpath.ri.model.beans.PropertyOwnerPointer.setValue(Object)	org.apache.commons.jxpath.ri.model.NodePointer.setValue(Object)
org.apache.commons.jxpath.xml.DocumentContainer.parseXML(InputStream)	org.apache.commons.jxpath.xml.XMLParser2.isNamespaceAware()
org.apache.commons.jxpath.util.BasicTypeConverter.convert(Object,Class)	org.apache.commons.jxpath.util.BasicTypeConverter.convert(Object,Class)
org.apache.commons.jxpath.ri.model.container.ContainerPointer.getImmediateNode()	org.apache.commons.jxpath.ri.model.container.ContainerPointer.getLength()
org.apache.commons.jxpath.ri.model.VariablePointer.getImmediateValuePointer()	org.apache.commons.jxpath.ri.model.NodePointer.newChildNodePointer(NodePointer,QName,Object)
org.apache.commons.jxpath.ri.parser.XPathParser.jj_3R_101()	org.apache.commons.jxpath.ri.parser.XPathParser.jj_scan_token(int)
org.apache.commons.jxpath.ri.model.jdom.JDOMNodePointer.setValue(Object)	org.apache.commons.jxpath.util.TypeUtils.convert(Object,Class)
org.apache.commons.jxpath.ri.parser.XPathParser.WildcardName()	org.apache.commons.jxpath.ri.parser.XPathParser.jj_consume_token(int)
org.apache.commons.jxpath.ri.model.beans.PropertyPointer.createChild(JXPathContext,QName,int,Object)	org.apache.commons.jxpath.ri.QName.toString()
org.apache.commons.jxpath.servlet.JXPathServletContextTest.testServletContext()	org.apache.commons.jxpath.JXPathContext.getVariables()
org.apache.commons.jxpath.ri.compiler.CoreFunction.functionRound(EvalContext)	org.apache.commons.jxpath.ri.compiler.CoreFunction.getArg1()
org.apache.commons.jxpath.ri.JXPathContextReferenceImpl.getValue(String,Expression)	org.apache.commons.jxpath.ri.model.NodePointer.getImmediateParentPointer()
org.apache.commons.jxpath.ri.model.dynamic.DynamicPropertyPointer.createPath(JXPathContext)	org.apache.commons.jxpath.util.ValueUtils.expandCollection(Object,int)
org.apache.commons.jxpath.ri.compiler.CoreFunction.computeContextDependent()	org.apache.commons.jxpath.ri.compiler.Operation.computeContextDependent()
org.apache.commons.jxpath.ri.model.container.ContainerPointer.namespaceIterator()	org.apache.commons.jxpath.ri.model.NodePointer.namespaceIterator()
org.apache.commons.jxpath.ri.model.jdom.JDOMNodePointer.createChild(JXPathContext,QName,int,Object)	org.apache.commons.jxpath.ri.model.jdom.JDOMNodePointer.createChild(JXPathContext,QName,int)
org.apache.commons.jxpath.ri.axes.ParentContext.setPosition(int)	org.apache.commons.jxpath.ri.EvalContext.setPosition(int)
org.apache.commons.jxpath.ri.axes.SimplePathInterpreter.isLangAttribute(QName)	org.apache.commons.jxpath.ri.QName.getPrefix()
org.apache.commons.jxpath.ri.compiler.CoreFunction.functionNamespaceURI(EvalContext)	org.apache.commons.jxpath.ri.compiler.CoreFunction.getArg1()
org.apache.commons.jxpath.ri.JXPathContextReferenceImpl.setValue(String,Expression,Object,boolean)	org.apache.commons.jxpath.Pointer.setValue(Object)
org.apache.commons.jxpath.ri.model.NodePointer.testNode(NodeTest)	org.apache.commons.jxpath.ri.QName.getName()
org.apache.commons.jxpath.ri.axes.SimplePathInterpreter.doPredicatesStandard(EvalContext,List,Step[],int,Expression[],int)	org.apache.commons.jxpath.ri.axes.SimplePathInterpreter.indexFromPredicate(EvalContext,Expression)
org.apache.commons.jxpath.ri.parser.XPathParser.jj_3R_115()	org.apache.commons.jxpath.ri.parser.XPathParser.jj_3R_118()
org.apache.commons.jxpath.ri.axes.SimplePathInterpreter.getNodeIterator(EvalContext,NodePointer,Step)	org.apache.commons.jxpath.ri.EvalContext.getJXPathContext()
org.apache.commons.jxpath.ri.compiler.VariableTest.testRemovePathArrayElement()	org.apache.commons.jxpath.JXPathContext.getVariables()
src\java\org\apache\commons\jxpath\ri\model\dom\DOMAttributeIterator.java::testAttr(Attr)	org.apache.commons.jxpath.ri.QName.getName()
org.apache.commons.jxpath.ri.parser.XPathParser.VariableReference()	org.apache.commons.jxpath.ri.Compiler.variableReference(Object)
org.apache.commons.jxpath.ri.parser.XPathParserTokenManager.jjMoveStringLiteralDfa6_0(long,long,long,long)	org.apache.commons.jxpath.ri.parser.XPathParserTokenManager.jjStartNfa_0(int,long,long)
org.apache.commons.jxpath.ri.axes.SimplePathInterpreter.doPredicateName(EvalContext,NodePointer,Step[],int,Expression[],int)	org.apache.commons.jxpath.ri.axes.SimplePathInterpreter.valuePointer(NodePointer)
org.apache.commons.jxpath.ri.parser.XPathParserTokenManager.jjMoveStringLiteralDfa3_0(long,long,long,long)	org.apache.commons.jxpath.ri.parser.XPathParserTokenManager.jjStopStringLiteralDfa_0(int,long,long)
org.apache.commons.jxpath.xml.DocumentContainer.getParser(String)	org.apache.commons.jxpath.util.ClassLoaderUtil.getClass(String,boolean)
org.apache.commons.jxpath.ri.model.NodePointer.attributeIterator(QName)	org.apache.commons.jxpath.ri.model.NodePointer.getValuePointer()
org.apache.commons.jxpath.JXPathTestCase.assertXPathValue(JXPathContext,String,Object)	org.apache.commons.jxpath.JXPathContext.getValue(String)
org.apache.commons.jxpath.ri.compiler.CoreOperationUnion.computeValue(EvalContext)	org.apache.commons.jxpath.ri.axes.RootContext.getConstantContext(Object)
org.apache.commons.jxpath.ri.parser.XPathParser.QName()	org.apache.commons.jxpath.ri.Compiler.qname(String,String)
org.apache.commons.jxpath.ri.parser.XPathParserTokenManager.jjMoveStringLiteralDfa10_0(long,long,long,long)	org.apache.commons.jxpath.ri.parser.XPathParserTokenManager.jjStopStringLiteralDfa_0(int,long,long)
org.apache.commons.jxpath.ri.compiler.ExtensionFunctionTest.tearDown()	org.apache.commons.jxpath.util.TypeUtils.setTypeConverter(TypeConverter)
org.apache.commons.jxpath.ri.parser.XPathParser.jj_3R_29()	org.apache.commons.jxpath.ri.parser.XPathParser.jj_scan_token(int)
org.apache.commons.jxpath.ri.parser.XPathParser.jj_3R_98()	org.apache.commons.jxpath.ri.parser.XPathParser.jj_scan_token(int)
org.apache.commons.jxpath.ri.NamespaceResolver.getPrefix(String)	org.apache.commons.jxpath.ri.NamespaceResolver.getPrefix(NodePointer,String)
org.apache.commons.jxpath.JXPathTestCase.assertXPathPointerIterator(JXPathContext,String,Collection)	org.apache.commons.jxpath.JXPathContext.iteratePointers(String)
org.apache.commons.jxpath.ri.model.container.ContainerPointer.isCollection()	org.apache.commons.jxpath.ri.model.container.ContainerPointer.getBaseValue()
org.apache.commons.jxpath.ri.axes.PredicateContext.getCurrentNodePointer()	org.apache.commons.jxpath.ri.model.NodePointer.getValuePointer()
org.apache.commons.jxpath.servlet.ServletRequestHandler.collectPropertyNames(HashSet,Object)	org.apache.commons.jxpath.servlet.ServletRequestAndContext.getServletRequest()
org.apache.commons.jxpath.ri.model.beans.BeanPropertyPointer.getBaseValue()	org.apache.commons.jxpath.ri.model.beans.PropertyPointer.getBean()
org.apache.commons.jxpath.ri.model.jdom.JDOMNodePointer.getValue()	org.apache.commons.jxpath.ri.model.NodeIterator.getNodePointer()
org.apache.commons.jxpath.ri.axes.AncestorContext.nextNode()	org.apache.commons.jxpath.ri.model.NodePointer.getImmediateParentPointer()
org.apache.commons.jxpath.ri.compiler.CoreFunction.functionKey(EvalContext)	org.apache.commons.jxpath.ri.InfoSetUtil.stringValue(Object)
org.apache.commons.jxpath.ri.compiler.TreeCompiler.equal(Object,Object)	org.apache.commons.jxpath.ri.compiler.TreeCompiler.isNameAttributeTest(Expression)
org.apache.commons.jxpath.util.ValueUtils.setValue(Object,PropertyDescriptor,int,Object)	org.apache.commons.jxpath.util.ValueUtils.setValue(Object,PropertyDescriptor,Object)
org.apache.commons.jxpath.ri.parser.XPathParser.QName()	org.apache.commons.jxpath.ri.parser.XPathParser.jj_consume_token(int)
org.apache.commons.jxpath.ri.model.beans.BeanPropertyPointer.getImmediateNode()	org.apache.commons.jxpath.ri.model.beans.BeanPropertyPointer.getPropertyDescriptor()
org.apache.commons.jxpath.ri.model.VariablePointer.createChild(JXPathContext,QName,int)	org.apache.commons.jxpath.ri.model.NodePointer.getAbstractFactory(JXPathContext)
org.apache.commons.jxpath.util.ValueUtils.getAccessibleMethodFromInterfaceNest(Class,String,Class[])	org.apache.commons.jxpath.util.ValueUtils.getAccessibleMethodFromInterfaceNest(Class,String,Class[])
org.apache.commons.jxpath.ri.axes.SimplePathInterpreterTest.testDoPredicateIndex()	org.apache.commons.jxpath.TestBean.getNestedBean()
org.apache.commons.jxpath.JXPathIntrospector.instantiate(Class,String)	org.apache.commons.jxpath.util.ClassLoaderUtil.getClass(String)
org.apache.commons.jxpath.ri.parser.XPathParser.jj_3R_30()	org.apache.commons.jxpath.ri.parser.XPathParser.jj_scan_token(int)
org.apache.commons.jxpath.ri.axes.SimplePathInterpreter.doPredicate(EvalContext,NodePointer,Step[],int,Expression[],int)	org.apache.commons.jxpath.ri.axes.SimplePathInterpreter.doPredicateIndex(EvalContext,NodePointer,Step[],int,Expression[],int)
org.apache.commons.jxpath.ri.model.BeanModelTestCase.testCreatePathAndSetValueCreateBeanExpandCollection()	org.apache.commons.jxpath.JXPathContext.setValue(String,Object)
org.apache.commons.jxpath.ri.compiler.CoreFunction.functionFormatNumber(EvalContext)	org.apache.commons.jxpath.JXPathContext.getLocale()
org.apache.commons.jxpath.ri.JXPathContextReferenceImpl.setValue(String,Object)	org.apache.commons.jxpath.ri.JXPathContextReferenceImpl.compileExpression(String)
org.apache.commons.jxpath.ri.model.jdom.JDOMNodePointer.createChild(JXPathContext,QName,int)	org.apache.commons.jxpath.AbstractFactory.createObject(JXPathContext,Pointer,Object,String,int)
org.apache.commons.jxpath.servlet.ServletContextHandler.getPropertyNames(Object)	org.apache.commons.jxpath.servlet.ServletContextHandler.collectPropertyNames(HashSet,Object)
org.apache.commons.jxpath.ri.axes.PredicateContext.nextSet()	org.apache.commons.jxpath.ri.axes.PredicateContext.reset()
org.apache.commons.jxpath.ri.model.beans.PropertyIterator.getNodePointer()	org.apache.commons.jxpath.ri.model.beans.PropertyIterator.setPosition(int)
org.apache.commons.jxpath.ri.model.beans.PropertyPointer.getName()	org.apache.commons.jxpath.ri.model.beans.PropertyPointer.getPropertyName()
org.apache.commons.jxpath.ri.parser.XPathParser.NodeTest(ArrayList)	org.apache.commons.jxpath.ri.parser.XPathParser.jj_2_4(int)
org.apache.commons.jxpath.ri.axes.SimplePathInterpreter.isCollectionElement(NodePointer,int)	org.apache.commons.jxpath.ri.model.NodePointer.isActual()
src\java\org\apache\commons\jxpath\ri\model\dom\DOMAttributeIterator.java::testAttr(Attr)	org.apache.commons.jxpath.ri.QName.getPrefix()
org.apache.commons.jxpath.ri.parser.XPathParser.PrimaryExpr()	org.apache.commons.jxpath.ri.parser.XPathParser.Expression()
org.apache.commons.jxpath.ri.parser.XPathParser.jj_3R_18()	org.apache.commons.jxpath.ri.parser.XPathParser.jj_3R_41()
org.apache.commons.jxpath.ri.parser.XPathParserTokenManager.jjMoveStringLiteralDfa11_0(long,long,long,long)	org.apache.commons.jxpath.ri.parser.XPathParserTokenManager.jjStartNfa_0(int,long,long)
org.apache.commons.jxpath.ri.compiler.ExtensionFunction.computeValue(EvalContext)	org.apache.commons.jxpath.ri.EvalContext.getRootContext()
org.apache.commons.jxpath.ri.parser.XPathParser.jj_3R_147()	org.apache.commons.jxpath.ri.parser.XPathParser.jj_3R_149()
org.apache.commons.jxpath.ri.model.dynamic.DynamicPropertyPointer.remove()	org.apache.commons.jxpath.ri.model.dynamic.DynamicPropertyPointer.removeKey()
org.apache.commons.jxpath.ri.model.beans.CollectionNodeIterator.prepare()	org.apache.commons.jxpath.ri.model.NodePointer.setIndex(int)
org.apache.commons.jxpath.ri.model.beans.CollectionPointer.namespaceIterator()	org.apache.commons.jxpath.ri.model.beans.CollectionPointer.getValuePointer()
org.apache.commons.jxpath.ri.axes.PredicateContext.nextNode()	org.apache.commons.jxpath.ri.compiler.Expression.computeValue(EvalContext)
org.apache.commons.jxpath.ri.model.dom.DOMNodePointer.createChild(JXPathContext,QName,int)	org.apache.commons.jxpath.ri.QName.toString()
org.apache.commons.jxpath.ri.model.dom.DOMNodePointer.createChild(JXPathContext,QName,int,Object)	org.apache.commons.jxpath.ri.model.NodePointer.setValue(Object)
org.apache.commons.jxpath.ri.compiler.CoreFunctionTest.setUp()	org.apache.commons.jxpath.JXPathContext.getVariables()
org.apache.commons.jxpath.ri.axes.InitialContext.nextNode()	org.apache.commons.jxpath.ri.axes.InitialContext.setPosition(int)
org.apache.commons.jxpath.ri.JXPathContextReferenceImpl.setValue(String,Expression,Object,boolean)	org.apache.commons.jxpath.ri.compiler.Expression.computeValue(EvalContext)
org.apache.commons.jxpath.ri.axes.SimplePathInterpreterTest.pointerSignature(Pointer)	org.apache.commons.jxpath.ri.model.NodePointer.getImmediateParentPointer()
org.apache.commons.jxpath.ri.model.beans.NullPointer.createPath(JXPathContext)	org.apache.commons.jxpath.ri.model.beans.NullPointer.asPath()
org.apache.commons.jxpath.ri.model.beans.CollectionPointer.attributeIterator(QName)	org.apache.commons.jxpath.ri.model.NodePointer.attributeIterator(QName)
org.apache.commons.jxpath.ri.model.beans.PropertyPointer.getLength()	org.apache.commons.jxpath.ri.model.NodePointer.getBaseValue()
org.apache.commons.jxpath.ri.model.VariablePointer.setIndex(int)	org.apache.commons.jxpath.ri.model.NodePointer.setIndex(int)
org.apache.commons.jxpath.ri.parser.XPathParserTokenManager.ReInit(SimpleCharStream,int)	org.apache.commons.jxpath.ri.parser.XPathParserTokenManager.SwitchTo(int)
org.apache.commons.jxpath.ri.parser.XPathParser.SubtractiveExpr()	org.apache.commons.jxpath.ri.parser.XPathParser.jj_consume_token(int)
org.apache.commons.jxpath.ri.parser.XPathParser.jj_3R_90()	org.apache.commons.jxpath.ri.parser.XPathParser.jj_3R_108()
org.apache.commons.jxpath.ri.parser.XPathParser.jj_3R_18()	org.apache.commons.jxpath.ri.parser.XPathParser.jj_3R_32()
org.apache.commons.jxpath.JXPathTestCase.assertXPathValue(JXPathContext,String,Object,Class)	org.apache.commons.jxpath.JXPathContext.getValue(String,Class)
org.apache.commons.jxpath.ri.model.beans.PropertyPointer.compareChildNodePointers(NodePointer,NodePointer)	org.apache.commons.jxpath.ri.model.NodePointer.getValuePointer()
org.apache.commons.jxpath.ri.parser.XPathParser.FunctionCall()	org.apache.commons.jxpath.ri.parser.XPathParser.FunctionName()
org.apache.commons.jxpath.ri.axes.SimplePathInterpreter.doStep(EvalContext,NodePointer,Step[],int)	org.apache.commons.jxpath.ri.axes.SimplePathInterpreter.doStepPredicatesPropertyOwner(EvalContext,PropertyOwnerPointer,Step[],int)
org.apache.commons.jxpath.ri.axes.SimplePathInterpreterTest.testDoStepPredicatesStandard()	org.apache.commons.jxpath.ri.axes.SimplePathInterpreterTest.assertNullPointer(String,String,String)
org.apache.commons.jxpath.ri.model.dynamic.DynamicPropertiesModelTest.testMapOfMaps()	org.apache.commons.jxpath.JXPathContext.getContextBean()
src\java\org\apache\commons\jxpath\ri\model\dom\DOMAttributeIterator.java::getAttribute(Element,QName)	org.apache.commons.jxpath.ri.QName.getPrefix()
org.apache.commons.jxpath.ri.JXPathCompiledExpression.iteratePointers(JXPathContext)	org.apache.commons.jxpath.ri.JXPathContextReferenceImpl.iteratePointers(String,Expression)
org.apache.commons.jxpath.ri.model.beans.BeanPropertyPointer.isCollection()	org.apache.commons.jxpath.util.ValueUtils.getCollectionHint(Class)
org.apache.commons.jxpath.util.ValueUtils.getLength(Object)	org.apache.commons.jxpath.util.ValueUtils.getValue(Object)
org.apache.commons.jxpath.ri.model.dynamic.DynamicPropertiesModelTest.testRemovePath()	org.apache.commons.jxpath.JXPathContext.removePath(String)
org.apache.commons.jxpath.ri.parser.XPathParser.jj_3R_74()	org.apache.commons.jxpath.ri.parser.XPathParser.jj_scan_token(int)
org.apache.commons.jxpath.ri.axes.SimplePathInterpreter.doPredicateIndex(EvalContext,NodePointer,Step[],int,Expression[],int)	org.apache.commons.jxpath.ri.axes.SimplePathInterpreter.createNullPointerForPredicates(EvalContext,NodePointer,Step[],int,Expression[],int)
org.apache.commons.jxpath.ri.compiler.CoreFunction.functionSubstring(EvalContext)	org.apache.commons.jxpath.ri.compiler.CoreFunction.getArgumentCount()
org.apache.commons.jxpath.ri.InfoSetUtil.number(Object)	org.apache.commons.jxpath.ri.InfoSetUtil.number(Object)
org.apache.commons.jxpath.ri.model.beans.BeanPropertyPointer.remove()	org.apache.commons.jxpath.ri.model.beans.BeanPropertyPointer.isCollection()
org.apache.commons.jxpath.ri.compiler.CoreFunction.functionKey(EvalContext)	org.apache.commons.jxpath.BasicNodeSet.add(NodeSet)
org.apache.commons.jxpath.ri.model.NodePointer.childIterator(NodeTest,boolean,NodePointer)	org.apache.commons.jxpath.ri.model.NodePointer.getValuePointer()
org.apache.commons.jxpath.ri.parser.XPathParserTokenManager.jjMoveStringLiteralDfa7_0(long,long,long,long)	org.apache.commons.jxpath.ri.parser.XPathParserTokenManager.jjStopAtPos(int,int)
org.apache.commons.jxpath.ri.model.VariablePointer.getBaseValue()	org.apache.commons.jxpath.ri.QName.toString()
org.apache.commons.jxpath.ri.axes.SimplePathInterpreter.doStepPredicatesStandard(EvalContext,NodePointer,Step[],int)	org.apache.commons.jxpath.ri.axes.SimplePathInterpreter.doStep(EvalContext,NodePointer,Step[],int)
org.apache.commons.jxpath.ri.JXPathContextReferenceImpl.createPath(String)	org.apache.commons.jxpath.ri.JXPathContextReferenceImpl.createPath(String,Expression)
org.apache.commons.jxpath.ri.model.beans.BeanPointerFactory.createNodePointer(QName,Object,Locale)	org.apache.commons.jxpath.JXPathIntrospector.getBeanInfo(Class)
org.apache.commons.jxpath.ri.axes.SimplePathInterpreter.doStepNoPredicatesStandard(EvalContext,NodePointer,Step[],int)	org.apache.commons.jxpath.ri.compiler.Step.getAxis()
org.apache.commons.jxpath.ri.model.dynamic.DynamicPropertiesModelTest.testRemovePathArrayElement()	org.apache.commons.jxpath.JXPathContext.getContextBean()
org.apache.commons.jxpath.ri.model.dynamic.DynamicPropertyPointer.getImmediateNode()	org.apache.commons.jxpath.util.ValueUtils.getValue(Object)
org.apache.commons.jxpath.ri.compiler.ExtensionFunctionTest.testCollectionMethodCall()	org.apache.commons.jxpath.JXPathContext.newContext(Object)
org.apache.commons.jxpath.ri.model.MixedModelTest.testIteratePointersArrayElementWithVariable()	org.apache.commons.jxpath.JXPathContext.getValue(String)
org.apache.commons.jxpath.ri.model.beans.PropertyOwnerPointer.childIterator(NodeTest,boolean,NodePointer)	org.apache.commons.jxpath.ri.model.beans.PropertyOwnerPointer.createNodeIterator(String,boolean,NodePointer)
org.apache.commons.jxpath.ri.parser.XPathParser.jj_3R_145()	org.apache.commons.jxpath.ri.parser.XPathParser.jj_3R_147()
org.apache.commons.jxpath.ri.compiler.CoreFunction.computeValue(EvalContext)	org.apache.commons.jxpath.ri.compiler.CoreFunction.functionNull(EvalContext)
org.apache.commons.jxpath.ri.compiler.CoreFunction.functionKey(EvalContext)	org.apache.commons.jxpath.ri.compiler.CoreFunction.assertArgCount(int)
org.apache.commons.jxpath.ri.model.beans.NullPropertyPointer.createChild(JXPathContext,QName,int)	org.apache.commons.jxpath.ri.model.NodePointer.createChild(JXPathContext,QName,int)
org.apache.commons.jxpath.ri.axes.DescendantContext.nextNode()	org.apache.commons.jxpath.ri.model.NodeIterator.setPosition(int)
org.apache.commons.jxpath.ri.compiler.CoreFunction.functionNumber(EvalContext)	org.apache.commons.jxpath.ri.compiler.CoreFunction.assertArgCount(int)
org.apache.commons.jxpath.ri.model.beans.PropertyOwnerPointer.childIterator(NodeTest,boolean,NodePointer)	org.apache.commons.jxpath.ri.compiler.NodeNameTest.getNodeName()
org.apache.commons.jxpath.ri.compiler.CoreFunction.functionString(EvalContext)	org.apache.commons.jxpath.ri.compiler.Expression.computeValue(EvalContext)
org.apache.commons.jxpath.ri.parser.XPathParser.OrExpr()	org.apache.commons.jxpath.ri.Compiler.or(Object[])
org.apache.commons.jxpath.ri.parser.XPathParser.jj_3R_150()	org.apache.commons.jxpath.ri.parser.XPathParser.jj_3R_16()
org.apache.commons.jxpath.ri.compiler.CoreOperation.parenthesize(Expression,boolean)	org.apache.commons.jxpath.ri.compiler.CoreOperation.getPrecedence()
org.apache.commons.jxpath.ri.axes.ParentContext.nextNode()	org.apache.commons.jxpath.ri.EvalContext.getCurrentNodePointer()
org.apache.commons.jxpath.ri.model.NodePointer.getPointerByID(JXPathContext,String)	org.apache.commons.jxpath.JXPathContext.getPointerByID(String)
org.apache.commons.jxpath.servlet.JXPathServletContextTest.testPageContext()	org.apache.commons.jxpath.JXPathContext.iteratePointers(String)
org.apache.commons.jxpath.ri.axes.UnionContext.setPosition(int)	org.apache.commons.jxpath.ri.axes.NodeSetContext.getNodeSet()
org.apache.commons.jxpath.ri.model.dom.NamespacePointer.testNode(NodeTest)	org.apache.commons.jxpath.ri.compiler.NodeTypeTest.getNodeType()
org.apache.commons.jxpath.ri.model.jdom.JDOMNodePointer.createAttribute(JXPathContext,QName)	org.apache.commons.jxpath.ri.QName.getPrefix()
org.apache.commons.jxpath.ri.model.beans.CollectionPointer.createChild(JXPathContext,QName,int,Object)	org.apache.commons.jxpath.ri.model.NodePointer.createPath(JXPathContext,Object)
org.apache.commons.jxpath.ri.parser.XPathParser.jj_3R_114()	org.apache.commons.jxpath.ri.parser.XPathParser.jj_3R_15()
org.apache.commons.jxpath.ri.parser.XPathParser.jj_3R_18()	org.apache.commons.jxpath.ri.parser.XPathParser.jj_3R_54()
org.apache.commons.jxpath.ri.parser.XPathParserTokenManager.jjMoveStringLiteralDfa9_0(long,long,long,long)	org.apache.commons.jxpath.ri.parser.SimpleCharStream.readChar()
org.apache.commons.jxpath.ri.Parser.parseExpression(String,Compiler)	org.apache.commons.jxpath.ri.parser.TokenMgrError.getCharacter()
org.apache.commons.jxpath.servlet.HttpSessionHandler.collectPropertyNames(HashSet,Object)	org.apache.commons.jxpath.servlet.HttpSessionAndServletContext.getServletContext()
org.apache.commons.jxpath.ri.model.jdom.JDOMNodePointer.getNamespaceResolver()	org.apache.commons.jxpath.ri.model.NodePointer.getNamespaceResolver()
org.apache.commons.jxpath.ri.parser.XPathParser.jj_3R_149()	org.apache.commons.jxpath.ri.parser.XPathParser.jj_3R_16()
org.apache.commons.jxpath.ri.compiler.Path.isSimplePath()	org.apache.commons.jxpath.ri.compiler.Path.isSimpleStep(Step)
org.apache.commons.jxpath.ri.StressTest.StressRunnable.run()	org.apache.commons.jxpath.JXPathContext.getValue(String)
org.apache.commons.jxpath.ri.model.dynabeans.DynaBeanPropertyPointer.remove()	org.apache.commons.jxpath.util.ValueUtils.remove(Object,int)
org.apache.commons.jxpath.ri.model.beans.NullPointer.createPath(JXPathContext,Object)	org.apache.commons.jxpath.ri.model.NodePointer.getValuePointer()
org.apache.commons.jxpath.ri.parser.XPathParser.jj_scan_token(int)	org.apache.commons.jxpath.ri.parser.XPathParserTokenManager.getNextToken()
org.apache.commons.jxpath.ri.compiler.CoreFunction.functionStringLength(EvalContext)	org.apache.commons.jxpath.ri.compiler.CoreFunction.getArg1()
org.apache.commons.jxpath.ri.axes.RootContext.getConstantContext(Object)	org.apache.commons.jxpath.ri.model.NodePointer.newNodePointer(QName,Object,Locale)
org.apache.commons.jxpath.ri.axes.PredicateContext.setPosition(int)	org.apache.commons.jxpath.ri.axes.PredicateContext.setupDynamicPropertyPointer()
org.apache.commons.jxpath.ri.axes.SimplePathInterpreter.createNullPointer(EvalContext,NodePointer,Step[],int)	org.apache.commons.jxpath.ri.model.NodePointer.setAttribute(boolean)
org.apache.commons.jxpath.ri.Parser.describePosition(String,int)	org.apache.commons.jxpath.ri.Parser.addEscapes(String)
org.apache.commons.jxpath.ri.axes.SimplePathInterpreter.doPredicatesStandard(EvalContext,List,Step[],int,Expression[],int)	org.apache.commons.jxpath.ri.axes.SimplePathInterpreter.keyFromPredicate(EvalContext,Expression)
org.apache.commons.jxpath.ri.compiler.CoreFunction.functionSubstring(EvalContext)	org.apache.commons.jxpath.ri.compiler.CoreFunction.assertArgRange(int,int)
org.apache.commons.jxpath.ri.model.beans.NullPointer.asPath()	org.apache.commons.jxpath.ri.model.NodePointer.asPath()
org.apache.commons.jxpath.ri.model.jdom.JDOMNodePointer.createChild(JXPathContext,QName,int)	org.apache.commons.jxpath.ri.model.jdom.JDOMNodePointer.childIterator(NodeTest,boolean,NodePointer)
org.apache.commons.jxpath.ri.model.dynamic.TestDynamicPropertyFactory.createObject(JXPathContext,Pointer,Object,String,int)	org.apache.commons.jxpath.TestBean.setMap(Map)
org.apache.commons.jxpath.ri.model.beans.PropertyOwnerPointer.childIterator(NodeTest,boolean,NodePointer)	org.apache.commons.jxpath.ri.model.beans.PropertyOwnerPointer.isValidProperty(QName)
org.apache.commons.jxpath.ri.JXPathContextReferenceImpl.setNamespaceContextPointer(Pointer)	org.apache.commons.jxpath.ri.NamespaceResolver.clone()
org.apache.commons.jxpath.ri.parser.XPathParser.PrimaryExpr()	org.apache.commons.jxpath.ri.Compiler.literal(String)
org.apache.commons.jxpath.ri.parser.XPathParser.ReInit(Reader)	org.apache.commons.jxpath.ri.parser.XPathParserTokenManager.ReInit(SimpleCharStream)
org.apache.commons.jxpath.ri.axes.DescendantContext.isRecursive()	org.apache.commons.jxpath.ri.model.NodePointer.getNode()
org.apache.commons.jxpath.ri.model.VariablePointer.getImmediateNode()	org.apache.commons.jxpath.ri.model.VariablePointer.getBaseValue()
org.apache.commons.jxpath.ri.axes.SimplePathInterpreterTest.testInterpretExpressionPath()	org.apache.commons.jxpath.ri.axes.SimplePathInterpreterTest.assertNullPointer(String,String,String)
org.apache.commons.jxpath.ri.compiler.CoreFunction.functionNormalizeSpace(EvalContext)	org.apache.commons.jxpath.ri.compiler.CoreFunction.getArg1()
org.apache.commons.jxpath.ri.model.MixedModelTest.testIteratePointersArray()	org.apache.commons.jxpath.JXPathContext.iteratePointers(String)
org.apache.commons.jxpath.ri.EvalContext.getValue()	org.apache.commons.jxpath.ri.EvalContext.getNodeSet()
org.apache.commons.jxpath.util.BasicTypeConverter.allocateNumber(Class,double)	org.apache.commons.jxpath.util.BasicTypeConverter.allocateNumber(Class,double)
org.apache.commons.jxpath.ri.parser.XPathParser.EqualityExpr()	org.apache.commons.jxpath.ri.Compiler.notEqual(Object,Object)
org.apache.commons.jxpath.ri.compiler.CoreOperationSubtract.computeValue(EvalContext)	org.apache.commons.jxpath.ri.InfoSetUtil.doubleValue(Object)
org.apache.commons.jxpath.ri.compiler.ExtensionFunctionTest.testNodeSetReturn()	org.apache.commons.jxpath.TestBean.getBeans()
org.apache.commons.jxpath.ri.compiler.Path.createContextForStep(EvalContext,int,NodeTest)	org.apache.commons.jxpath.ri.EvalContext.getJXPathContext()
org.apache.commons.jxpath.ri.compiler.CoreFunction.functionKey(EvalContext)	org.apache.commons.jxpath.ri.compiler.CoreFunction.getArg2()
org.apache.commons.jxpath.ri.model.jdom.JDOMNodePointer.asPath()	org.apache.commons.jxpath.ri.model.jdom.JDOMNodePointer.getLocalName(Object)
org.apache.commons.jxpath.ri.model.MixedModelTest.setUp()	org.apache.commons.jxpath.TestMixedModelBean.getDocument()
org.apache.commons.jxpath.ri.JXPathContextReferenceImpl.setValue(String,Expression,Object)	org.apache.commons.jxpath.ri.JXPathContextReferenceImpl.setValue(String,Expression,Object,boolean)
org.apache.commons.jxpath.ri.parser.XPathParserTokenManager.jjMoveStringLiteralDfa5_0(long,long,long,long)	org.apache.commons.jxpath.ri.parser.XPathParserTokenManager.jjMoveStringLiteralDfa6_0(long,long,long,long)
org.apache.commons.jxpath.ri.axes.SimplePathInterpreterTest.testDoStepNoPredicatesPropertyOwner()	org.apache.commons.jxpath.ri.axes.SimplePathInterpreterTest.assertValueAndPointer(String,Object,String,String,String)
org.apache.commons.jxpath.ri.axes.SimplePathInterpreterTest.testDoPredicateName()	org.apache.commons.jxpath.ri.axes.SimplePathInterpreterTest.assertValueAndPointer(String,Object,String,String,String)
org.apache.commons.jxpath.ri.model.container.ContainerPointer.attributeIterator(QName)	org.apache.commons.jxpath.ri.model.NodePointer.attributeIterator(QName)
org.apache.commons.jxpath.ri.parser.XPathParser.jj_rescan_token()	org.apache.commons.jxpath.ri.parser.XPathParser.jj_3_2()
org.apache.commons.jxpath.ri.model.container.ContainerModelTest.testContainerMapWithCollection()	org.apache.commons.jxpath.ri.model.container.ContainerModelTest.ListContainer.getValue()
org.apache.commons.jxpath.ri.parser.XPathParserTokenManager.jjMoveStringLiteralDfa14_0(long,long,long,long)	org.apache.commons.jxpath.ri.parser.XPathParserTokenManager.jjStopStringLiteralDfa_0(int,long,long)
org.apache.commons.jxpath.JXPathContext.getKeyManager()	org.apache.commons.jxpath.JXPathContext.getKeyManager()
org.apache.commons.jxpath.ri.parser.XPathParserTokenManager.jjStartNfa_0(int,long,long)	org.apache.commons.jxpath.ri.parser.XPathParserTokenManager.jjMoveNfa_0(int,int)
org.apache.commons.jxpath.ri.compiler.CoreFunction.functionName(EvalContext)	org.apache.commons.jxpath.ri.compiler.CoreFunction.assertArgCount(int)
org.apache.commons.jxpath.ri.model.VariablePointer.setValue(Object)	org.apache.commons.jxpath.Variables.declareVariable(String,Object)
org.apache.commons.jxpath.ri.compiler.TestFunctions.path(ExpressionContext)	org.apache.commons.jxpath.ExpressionContext.getContextNodePointer()
org.apache.commons.jxpath.ri.model.dynamic.DynamicPointerFactory.createNodePointer(QName,Object,Locale)	org.apache.commons.jxpath.JXPathBeanInfo.isDynamic()
org.apache.commons.jxpath.ri.model.beans.NullPropertyPointer.createPath(JXPathContext,Object)	org.apache.commons.jxpath.ri.model.beans.PropertyOwnerPointer.getPropertyPointer()
org.apache.commons.jxpath.ri.compiler.ExtensionFunctionTest.setUp()	org.apache.commons.jxpath.FunctionLibrary.addFunctions(Functions)
org.apache.commons.jxpath.ri.parser.XPathParser.jj_3R_139()	org.apache.commons.jxpath.ri.parser.XPathParser.jj_3R_141()
org.apache.commons.jxpath.ri.compiler.Expression.iterate(EvalContext)	org.apache.commons.jxpath.NodeSet.getPointers()
org.apache.commons.jxpath.ri.axes.AttributeContext.nextNode()	org.apache.commons.jxpath.ri.model.NodeIterator.getNodePointer()
org.apache.commons.jxpath.ri.parser.XPathParser.jj_3R_19()	org.apache.commons.jxpath.ri.parser.XPathParser.jj_3R_58()
org.apache.commons.jxpath.ri.compiler.CoreFunction.functionString(EvalContext)	org.apache.commons.jxpath.ri.compiler.CoreFunction.getArgumentCount()
org.apache.commons.jxpath.ri.parser.XPathParser.jj_3R_21()	org.apache.commons.jxpath.ri.parser.XPathParser.jj_scan_token(int)
org.apache.commons.jxpath.ri.parser.XPathParser.jj_3R_18()	org.apache.commons.jxpath.ri.parser.XPathParser.jj_3R_46()
org.apache.commons.jxpath.ri.parser.SimpleCharStream.ReInit(InputStream,int,int,int)	org.apache.commons.jxpath.ri.parser.SimpleCharStream.ReInit(Reader,int,int,int)
org.apache.commons.jxpath.ri.compiler.CoreFunction.computeValue(EvalContext)	org.apache.commons.jxpath.ri.compiler.CoreFunction.functionPosition(EvalContext)
org.apache.commons.jxpath.ri.compiler.CoreFunction.computeValue(EvalContext)	org.apache.commons.jxpath.ri.compiler.CoreFunction.functionCount(EvalContext)
org.apache.commons.jxpath.ri.compiler.Expression.ValueIterator.next()	org.apache.commons.jxpath.Pointer.getValue()
org.apache.commons.jxpath.ri.axes.NamespaceContext.setPosition(int)	org.apache.commons.jxpath.ri.EvalContext.getCurrentPosition()
org.apache.commons.jxpath.ri.model.VariablePointerFactory.createNodePointer(QName,Object,Locale)	org.apache.commons.jxpath.ri.model.VariablePointerFactory.VariableContextWrapper.getContext()
org.apache.commons.jxpath.ri.parser.XPathParserTokenManager.jjMoveStringLiteralDfa12_0(long,long,long,long)	org.apache.commons.jxpath.ri.parser.XPathParserTokenManager.jjMoveStringLiteralDfa13_0(long,long,long,long)
org.apache.commons.jxpath.ri.axes.SimplePathInterpreterTest.testDoPredicateIndex()	org.apache.commons.jxpath.NestedTestBean.getStrings()
org.apache.commons.jxpath.ri.parser.XPathParserTokenManager.jjMoveStringLiteralDfa15_0(long,long,long,long)	org.apache.commons.jxpath.ri.parser.XPathParserTokenManager.jjStartNfa_0(int,long,long)
org.apache.commons.jxpath.ri.axes.SimplePathInterpreter.doPredicateName(EvalContext,NodePointer,Step[],int,Expression[],int)	org.apache.commons.jxpath.ri.axes.SimplePathInterpreter.doPredicate(EvalContext,NodePointer,Step[],int,Expression[],int)
org.apache.commons.jxpath.ri.model.container.ContainerPointer.getLength()	org.apache.commons.jxpath.util.ValueUtils.getLength(Object)
org.apache.commons.jxpath.ri.model.dynamic.DynamicPropertyPointer.remove()	org.apache.commons.jxpath.ri.model.dynamic.DynamicPropertyPointer.getPropertyName()
org.apache.commons.jxpath.ri.model.MixedModelTest.setUp()	org.apache.commons.jxpath.TestMixedModelBean.getString()
org.apache.commons.jxpath.ri.model.beans.PropertyPointer.getBean()	org.apache.commons.jxpath.ri.model.NodePointer.getImmediateParentPointer()
org.apache.commons.jxpath.ri.model.container.ContainerPointer.namespacePointer(String)	org.apache.commons.jxpath.ri.model.NodePointer.getValuePointer()
org.apache.commons.jxpath.ri.model.dynamic.DynamicPropertyPointer.createPath(JXPathContext)	org.apache.commons.jxpath.ri.model.beans.PropertyPointer.getBean()
org.apache.commons.jxpath.ri.model.container.ContainerModelTest.testContainerRootWithCollection()	org.apache.commons.jxpath.JXPathContext.getVariables()
org.apache.commons.jxpath.ri.axes.SimplePathInterpreter.doPredicateIndex(EvalContext,NodePointer,Step[],int,Expression[],int)	org.apache.commons.jxpath.ri.axes.SimplePathInterpreter.doPredicate(EvalContext,NodePointer,Step[],int,Expression[],int)
org.apache.commons.jxpath.ri.model.jdom.JDOMNodePointer.testNode(NodePointer,Object,NodeTest)	org.apache.commons.jxpath.ri.compiler.ProcessingInstructionTest.getTarget()
org.apache.commons.jxpath.ri.parser.XPathParserTokenManager.jjMoveStringLiteralDfa4_0(long,long,long,long)	org.apache.commons.jxpath.ri.parser.XPathParserTokenManager.jjStartNfaWithStates_0(int,int,int)
org.apache.commons.jxpath.JXPathTestCase.assertXPathCreatePath(JXPathContext,String,Object,String)	org.apache.commons.jxpath.Pointer.asPath()
org.apache.commons.jxpath.ri.axes.NodeSetContext.getCurrentNodePointer()	org.apache.commons.jxpath.ri.axes.NodeSetContext.setPosition(int)
org.apache.commons.jxpath.ri.model.beans.PropertyPointer.createChild(JXPathContext,QName,int)	org.apache.commons.jxpath.ri.model.beans.PropertyPointer.setPropertyName(String)
org.apache.commons.jxpath.ri.parser.XPathParser.jj_3R_18()	org.apache.commons.jxpath.ri.parser.XPathParser.jj_3R_33()
org.apache.commons.jxpath.ri.EvalContext.nextSet()	org.apache.commons.jxpath.ri.EvalContext.nextNode()
org.apache.commons.jxpath.JXPathTestCase.assertXPathSetValue(JXPathContext,String,Object,Object)	org.apache.commons.jxpath.JXPathContext.setValue(String,Object)
org.apache.commons.jxpath.ri.compiler.VariableTest.testCreateAndSetValuePathDeclareVariableSetCollectionElement()	org.apache.commons.jxpath.JXPathContext.getValue(String)
org.apache.commons.jxpath.ri.compiler.CoreFunction.functionSubstring(EvalContext)	org.apache.commons.jxpath.ri.compiler.CoreFunction.getArg2()
org.apache.commons.jxpath.ri.model.BeanModelTestCase.testIterateAndSet()	org.apache.commons.jxpath.ri.model.NodePointer.setValue(Object)
org.apache.commons.jxpath.ri.model.beans.PropertyPointer.createPath(JXPathContext)	org.apache.commons.jxpath.ri.model.beans.PropertyPointer.getImmediateNode()
src\java\org\apache\commons\jxpath\ri\model\dom\DOMAttributeIterator.java::getAttribute(Element,QName)	org.apache.commons.jxpath.ri.QName.getName()
org.apache.commons.jxpath.ri.axes.SimplePathInterpreterTest.testDoPredicateName()	org.apache.commons.jxpath.NestedTestBean.getStrings()
org.apache.commons.jxpath.JXPathContext.getPointerByKey(String,String)	org.apache.commons.jxpath.JXPathContext.getKeyManager()
org.apache.commons.jxpath.ri.EvalContext.getContextNodeList()	org.apache.commons.jxpath.ri.EvalContext.reset()
org.apache.commons.jxpath.ri.compiler.CoreFunction.functionEndsWith(EvalContext)	org.apache.commons.jxpath.ri.compiler.CoreFunction.assertArgCount(int)
org.apache.commons.jxpath.ri.compiler.ExpressionPath.expressionPath(EvalContext,boolean)	org.apache.commons.jxpath.ri.axes.RootContext.getConstantContext(Object)
org.apache.commons.jxpath.ri.JXPathContextReferenceImpl.setValue(String,Expression,Object,boolean)	org.apache.commons.jxpath.ri.JXPathContextReferenceImpl.getEvalContext()
org.apache.commons.jxpath.util.BasicTypeConverterTest.testBeanUtilsConverter()	org.apache.commons.jxpath.util.BasicTypeConverterTest.assertConversion(Object,Class,Object)
org.apache.commons.jxpath.ri.JXPathContextReferenceImpl.createPath(String,Expression)	org.apache.commons.jxpath.ri.model.NodePointer.createPath(JXPathContext)
org.apache.commons.jxpath.ri.axes.DescendantContext.setPosition(int)	org.apache.commons.jxpath.ri.axes.DescendantContext.reset()
org.apache.commons.jxpath.ri.axes.SimplePathInterpreter.doStepNoPredicatesStandard(EvalContext,NodePointer,Step[],int)	org.apache.commons.jxpath.ri.axes.SimplePathInterpreter.doStep(EvalContext,NodePointer,Step[],int)
org.apache.commons.jxpath.servlet.PageScopeContextHandler.setProperty(Object,String,Object)	org.apache.commons.jxpath.servlet.PageScopeContext.setAttribute(String,Object)
org.apache.commons.jxpath.ri.compiler.CoreFunction.functionLang(EvalContext)	org.apache.commons.jxpath.ri.compiler.Expression.computeValue(EvalContext)
org.apache.commons.jxpath.ri.parser.XPathParser.jj_3R_141()	org.apache.commons.jxpath.ri.parser.XPathParser.jj_3R_144()
org.apache.commons.jxpath.ri.model.dynamic.DynamicPropertiesModelTest.setUp()	org.apache.commons.jxpath.JXPathContext.setFactory(AbstractFactory)
org.apache.commons.jxpath.ri.compiler.ExtensionFunctionTest.testAllocation()	org.apache.commons.jxpath.Variables.declareVariable(String,Object)
org.apache.commons.jxpath.ri.model.dynamic.DynamicPropertyPointer.createPath(JXPathContext,Object)	org.apache.commons.jxpath.ri.model.beans.PropertyPointer.getBean()
org.apache.commons.jxpath.ri.axes.PrecedingOrFollowingContext.nextNode()	org.apache.commons.jxpath.ri.model.NodeIterator.getPosition()
org.apache.commons.jxpath.ri.compiler.CoreFunction.computeValue(EvalContext)	org.apache.commons.jxpath.ri.compiler.CoreFunction.functionKey(EvalContext)
org.apache.commons.jxpath.ri.compiler.ExtensionFunctionTest.setUp()	org.apache.commons.jxpath.JXPathContext.getVariables()
org.apache.commons.jxpath.ri.JXPathCompiledExpressionTest.assertXPathExpression(String,Class,String)	org.apache.commons.jxpath.ri.JXPathCompiledExpression.getExpression()
org.apache.commons.jxpath.servlet.JXPathServletContextTest.testServletRequest()	org.apache.commons.jxpath.servlet.JXPathServletContextTest.getServletContext()
org.apache.commons.jxpath.ri.model.dom.DOMNodePointer.createAttribute(JXPathContext,QName)	org.apache.commons.jxpath.ri.QName.toString()
org.apache.commons.jxpath.JXPathTestCase.assertXPathValueLenient(JXPathContext,String,Object)	org.apache.commons.jxpath.JXPathContext.getValue(String)
org.apache.commons.jxpath.ri.model.NodePointer.testNode(NodeTest)	org.apache.commons.jxpath.ri.model.NodePointer.safeEquals(Object,Object)
org.apache.commons.jxpath.ri.parser.XPathParser.jj_3R_33()	org.apache.commons.jxpath.ri.parser.XPathParser.jj_scan_token(int)
org.apache.commons.jxpath.ri.model.jdom.JDOMNodePointer.isLanguage(String)	org.apache.commons.jxpath.ri.model.NodePointer.isLanguage(String)
org.apache.commons.jxpath.ri.compiler.VariableTest.testRemovePathCollectionElement()	org.apache.commons.jxpath.JXPathContext.getValue(String)
org.apache.commons.jxpath.ri.model.XMLModelTestCase.testNamespaceMapping()	org.apache.commons.jxpath.JXPathContext.getPointer(String)
org.apache.commons.jxpath.ri.model.jdom.JDOMNodeIterator.setPosition(int)	org.apache.commons.jxpath.ri.model.jdom.JDOMNodeIterator.next()
org.apache.commons.jxpath.ri.axes.SimplePathInterpreter.getNodeIterator(EvalContext,NodePointer,Step)	org.apache.commons.jxpath.ri.compiler.Step.getAxis()
org.apache.commons.jxpath.ri.compiler.Path.getSingleNodePointerForSteps(EvalContext)	org.apache.commons.jxpath.ri.EvalContext.getSingleNodePointer()
org.apache.commons.jxpath.ri.axes.SimplePathInterpreterTest.testDoPredicateName()	org.apache.commons.jxpath.TestBean.getMap()
org.apache.commons.jxpath.ri.compiler.VariableTest.testRemovePathArrayElement()	org.apache.commons.jxpath.Variables.declareVariable(String,Object)
org.apache.commons.jxpath.ri.compiler.CoreFunction.computeValue(EvalContext)	org.apache.commons.jxpath.ri.compiler.CoreFunction.functionName(EvalContext)
org.apache.commons.jxpath.ri.compiler.CoreOperationCompare.findMatch(Iterator,Iterator)	org.apache.commons.jxpath.ri.compiler.CoreOperationCompare.contains(Iterator,Object)
org.apache.commons.jxpath.ri.compiler.CoreFunction.computeValue(EvalContext)	org.apache.commons.jxpath.ri.compiler.CoreFunction.functionLast(EvalContext)
org.apache.commons.jxpath.ri.compiler.CoreFunction.functionKey(EvalContext)	org.apache.commons.jxpath.ri.compiler.Expression.computeValue(EvalContext)
org.apache.commons.jxpath.util.ValueUtils.getValue(Object,PropertyDescriptor,int)	org.apache.commons.jxpath.util.ValueUtils.getValue(Object,PropertyDescriptor)
org.apache.commons.jxpath.ri.model.dynabeans.DynaBeanPropertyPointer.getImmediateNode()	org.apache.commons.jxpath.ri.model.dynabeans.DynaBeanPropertyPointer.isIndexedProperty()
org.apache.commons.jxpath.ri.model.beans.NullPointer.createPath(JXPathContext,Object)	org.apache.commons.jxpath.ri.model.NodePointer.createPath(JXPathContext,Object)
org.apache.commons.jxpath.ri.parser.XPathParser.RelativeLocationPath()	org.apache.commons.jxpath.ri.parser.XPathParser.NodeTest(ArrayList)
org.apache.commons.jxpath.ri.model.beans.BeanPropertyPointer.setIndex(int)	org.apache.commons.jxpath.ri.model.beans.BeanPropertyPointer.isCollection()
org.apache.commons.jxpath.ri.model.NodePointer.testNode(NodeTest)	org.apache.commons.jxpath.ri.compiler.NodeNameTest.isWildcard()
org.apache.commons.jxpath.xml.JDOMParser.parseXML(InputStream)	org.apache.commons.jxpath.xml.XMLParser2.isNamespaceAware()
org.apache.commons.jxpath.JXPathContext.newContext(Object)	org.apache.commons.jxpath.JXPathContextFactory.newContext(JXPathContext,Object)
org.apache.commons.jxpath.ri.model.dom.DOMModelTest.testGetElementDescendantOrSelf()	org.apache.commons.jxpath.JXPathContext.getRelativeContext(Pointer)
org.apache.commons.jxpath.ri.model.beans.BeanAttributeIterator.getNodePointer()	org.apache.commons.jxpath.ri.model.beans.PropertyIterator.getNodePointer()
org.apache.commons.jxpath.ri.model.jdom.JDOMNodeIterator.next()	org.apache.commons.jxpath.ri.model.jdom.JDOMNodeIterator.testChild()
org.apache.commons.jxpath.ri.axes.SimplePathInterpreter.keyFromPredicate(EvalContext,Expression)	org.apache.commons.jxpath.ri.InfoSetUtil.stringValue(Object)
org.apache.commons.jxpath.ri.model.dynamic.DynamicPropertyPointer.setValue(Object)	org.apache.commons.jxpath.DynamicPropertyHandler.setProperty(Object,String,Object)
org.apache.commons.jxpath.ri.axes.NamespaceContext.setPosition(int)	org.apache.commons.jxpath.ri.axes.NamespaceContext.reset()
org.apache.commons.jxpath.ri.compiler.Path.searchForPath(EvalContext)	org.apache.commons.jxpath.ri.EvalContext.next()
org.apache.commons.jxpath.ri.parser.XPathParserTokenManager.jjFillToken()	org.apache.commons.jxpath.ri.parser.SimpleCharStream.getBeginColumn()
org.apache.commons.jxpath.ri.model.beans.BeanPropertyPointer.remove()	org.apache.commons.jxpath.util.ValueUtils.remove(Object,int)
org.apache.commons.jxpath.ri.model.BeanModelTestCase.testIndividual(int,int,boolean,boolean,int)	org.apache.commons.jxpath.ri.model.NodeIterator.getPosition()
org.apache.commons.jxpath.ri.JXPathContextReferenceImpl.setNamespaceContextPointer(Pointer)	org.apache.commons.jxpath.ri.NamespaceResolver.setNamespaceContextPointer(NodePointer)
org.apache.commons.jxpath.ri.parser.XPathParser.jj_3R_16()	org.apache.commons.jxpath.ri.parser.XPathParser.jj_3R_22()
org.apache.commons.jxpath.ri.compiler.CoreFunction.functionSubstringBefore(EvalContext)	org.apache.commons.jxpath.ri.compiler.CoreFunction.assertArgCount(int)
org.apache.commons.jxpath.ri.axes.SimplePathInterpreter.createNullPointer(EvalContext,NodePointer,Step[],int)	org.apache.commons.jxpath.ri.axes.SimplePathInterpreter.valuePointer(NodePointer)
org.apache.commons.jxpath.ri.parser.XPathParser.NCName_Without_CoreFunctions()	org.apache.commons.jxpath.ri.parser.XPathParser.jj_consume_token(int)
org.apache.commons.jxpath.ri.compiler.CoreFunction.functionName(EvalContext)	org.apache.commons.jxpath.ri.compiler.CoreFunction.getArgumentCount()
org.apache.commons.jxpath.ri.JXPathContextReferenceImpl.getValue(String,Expression)	org.apache.commons.jxpath.ri.model.NodePointer.isContainer()
org.apache.commons.jxpath.ri.model.beans.BeanPropertyPointer.remove()	org.apache.commons.jxpath.ri.model.beans.BeanPropertyPointer.getPropertyDescriptor()
org.apache.commons.jxpath.ri.model.container.ContainerPointer.getLength()	org.apache.commons.jxpath.ri.model.container.ContainerPointer.getBaseValue()
org.apache.commons.jxpath.util.ValueUtils.getAccessibleMethod(Method)	org.apache.commons.jxpath.util.ValueUtils.getAccessibleMethodFromInterfaceNest(Class,String,Class[])
src\java\org\apache\commons\jxpath\ri\model\dom\DOMNodePointer.java::testNode(Node,NodeTest)	org.apache.commons.jxpath.ri.compiler.NodeNameTest.getNodeName()
org.apache.commons.jxpath.ri.model.beans.PropertyOwnerPointer.remove()	org.apache.commons.jxpath.ri.model.NodePointer.remove()
org.apache.commons.jxpath.BasicNodeSetTest.nudge()	org.apache.commons.jxpath.BasicNodeSet.getValues()
org.apache.commons.jxpath.ri.compiler.CoreFunction.functionSubstringAfter(EvalContext)	org.apache.commons.jxpath.ri.compiler.CoreFunction.assertArgCount(int)
org.apache.commons.jxpath.ri.model.beans.BeanPropertyPointer.getLength()	org.apache.commons.jxpath.ri.model.beans.BeanPropertyPointer.getBaseValue()
org.apache.commons.jxpath.ri.axes.ChildContext.reset()	org.apache.commons.jxpath.ri.EvalContext.reset()
org.apache.commons.jxpath.ri.model.VariablePointer.childIterator(NodeTest,boolean,NodePointer)	org.apache.commons.jxpath.ri.model.NodePointer.childIterator(NodeTest,boolean,NodePointer)
org.apache.commons.jxpath.ri.compiler.ExtensionFunctionTest.testMethodLookupWithExpressionContext()	org.apache.commons.jxpath.Function.invoke(ExpressionContext,Object[])
org.apache.commons.jxpath.ri.model.container.ContainerPointer.setValue(Object)	org.apache.commons.jxpath.Container.setValue(Object)
org.apache.commons.jxpath.ri.axes.PredicateContext.nextSet()	org.apache.commons.jxpath.ri.EvalContext.nextSet()
org.apache.commons.jxpath.JXPathContext.selectNodes(String)	org.apache.commons.jxpath.Pointer.getNode()
org.apache.commons.jxpath.ri.model.beans.PropertyOwnerPointer.isValidProperty(QName)	org.apache.commons.jxpath.ri.model.NodePointer.isDefaultNamespace(String)
org.apache.commons.jxpath.ri.compiler.Path.searchForPath(EvalContext)	org.apache.commons.jxpath.ri.compiler.Path.isSimpleStep(Step)
org.apache.commons.jxpath.ri.model.beans.CollectionAttributeNodeIterator.getElementNodeIterator(NodePointer)	org.apache.commons.jxpath.ri.model.NodePointer.attributeIterator(QName)
org.apache.commons.jxpath.ri.model.NodePointer.newNodePointer(QName,Object,Locale)	org.apache.commons.jxpath.ri.JXPathContextReferenceImpl.getNodePointerFactories()
org.apache.commons.jxpath.ri.parser.XPathParser.jj_3R_77()	org.apache.commons.jxpath.ri.parser.XPathParser.jj_scan_token(int)
org.apache.commons.jxpath.ri.model.dom.DOMNodePointer.createChild(JXPathContext,QName,int)	org.apache.commons.jxpath.ri.model.NodeIterator.setPosition(int)
org.apache.commons.jxpath.ri.JXPathContextReferenceImpl.getFunction(QName,Object[])	org.apache.commons.jxpath.ri.QName.getName()
org.apache.commons.jxpath.ri.model.beans.CollectionPointer.createPath(JXPathContext)	org.apache.commons.jxpath.ri.model.beans.CollectionPointer.getBaseValue()
org.apache.commons.jxpath.ri.compiler.CoreFunction.functionEndsWith(EvalContext)	org.apache.commons.jxpath.ri.compiler.CoreFunction.getArg1()
org.apache.commons.jxpath.ri.parser.XPathParserTokenManager.jjMoveStringLiteralDfa21_0(long,long)	org.apache.commons.jxpath.ri.parser.SimpleCharStream.readChar()
org.apache.commons.jxpath.ri.axes.SimplePathInterpreter.isNameAttributeEqual(NodePointer,String)	org.apache.commons.jxpath.ri.model.NodePointer.getValue()
org.apache.commons.jxpath.ri.axes.SimplePathInterpreter.doPredicate(EvalContext,NodePointer,Step[],int,Expression[],int)	org.apache.commons.jxpath.ri.axes.SimplePathInterpreter.doPredicateName(EvalContext,NodePointer,Step[],int,Expression[],int)
org.apache.commons.jxpath.ri.compiler.ExpressionPath.expressionPath(EvalContext,boolean)	org.apache.commons.jxpath.ri.axes.SimplePathInterpreter.interpretSimpleExpressionPath(EvalContext,NodePointer,Expression[],Step[])
org.apache.commons.jxpath.ri.parser.XPathParser.ReInit(InputStream)	org.apache.commons.jxpath.ri.parser.XPathParserTokenManager.getNextToken()
org.apache.commons.jxpath.ri.axes.SimplePathInterpreter.isNameAttributeEqual(NodePointer,String)	org.apache.commons.jxpath.ri.model.NodePointer.attributeIterator(QName)
org.apache.commons.jxpath.ri.model.NodePointer.compareTo(Object)	org.apache.commons.jxpath.ri.model.NodePointer.compareNodePointers(NodePointer,int,NodePointer,int)
org.apache.commons.jxpath.ri.model.beans.BeanPropertyPointer.getLength()	org.apache.commons.jxpath.util.ValueUtils.getLength(Object)
org.apache.commons.jxpath.ri.model.beans.CollectionPointer.testNode(NodeTest)	org.apache.commons.jxpath.ri.model.NodePointer.testNode(NodeTest)
org.apache.commons.jxpath.ri.model.dynamic.DynamicPropertyPointer.setValue(Object)	org.apache.commons.jxpath.DynamicPropertyHandler.getProperty(Object,String)
org.apache.commons.jxpath.util.ClassLoaderUtilTest.testCurrentClassLoaderFallback()	org.apache.commons.jxpath.util.ClassLoaderUtilTest.callExampleMessageMethodAndAssertSuccess()
org.apache.commons.jxpath.ri.parser.XPathParser.jj_3R_95()	org.apache.commons.jxpath.ri.parser.XPathParser.jj_3R_94()
org.apache.commons.jxpath.ri.model.beans.PropertyPointer.createPath(JXPathContext,Object)	org.apache.commons.jxpath.ri.model.beans.PropertyPointer.getLength()
org.apache.commons.jxpath.ri.model.MixedModelTest.testIteratePointersArray()	org.apache.commons.jxpath.JXPathContext.newContext(Object)
org.apache.commons.jxpath.ri.compiler.ExpressionPath.expressionPath(EvalContext,boolean)	org.apache.commons.jxpath.ri.compiler.ExpressionPath.isSimpleExpressionPath()
org.apache.commons.jxpath.ri.compiler.VariableFactory.declareVariable(JXPathContext,String)	org.apache.commons.jxpath.Variables.declareVariable(String,Object)
org.apache.commons.jxpath.ri.compiler.CoreFunction.functionNamespaceURI(EvalContext)	org.apache.commons.jxpath.ri.EvalContext.getCurrentNodePointer()
org.apache.commons.jxpath.ri.parser.XPathParser.jj_3R_130()	org.apache.commons.jxpath.ri.parser.XPathParser.jj_3R_134()
org.apache.commons.jxpath.ri.axes.PrecedingOrFollowingContext.nextNode()	org.apache.commons.jxpath.ri.model.NodeIterator.getNodePointer()
org.apache.commons.jxpath.ri.model.dom.DOMNodePointer.asPath()	org.apache.commons.jxpath.ri.model.dom.DOMNodePointer.getRelativePositionOfPI()
org.apache.commons.jxpath.ri.compiler.CoreFunction.functionName(EvalContext)	org.apache.commons.jxpath.ri.compiler.CoreFunction.getArg1()
org.apache.commons.jxpath.ri.axes.UnionContext.getDocumentOrder()	org.apache.commons.jxpath.ri.EvalContext.getDocumentOrder()
org.apache.commons.jxpath.ri.model.beans.PropertyIterator.setPosition(int)	org.apache.commons.jxpath.ri.model.beans.PropertyIterator.setPositionAllProperties(int)
org.apache.commons.jxpath.ri.model.beans.NullPropertyPointer.createChild(JXPathContext,QName,int,Object)	org.apache.commons.jxpath.ri.model.NodePointer.createChild(JXPathContext,QName,int,Object)
org.apache.commons.jxpath.ri.compiler.VariableTest.testCreatePathAndSetValueExpandCollection()	org.apache.commons.jxpath.Variables.declareVariable(String,Object)
org.apache.commons.jxpath.ri.model.BeanModelTestCase.testRemovePathArrayElement()	org.apache.commons.jxpath.JXPathContext.getValue(String)
org.apache.commons.jxpath.ri.model.beans.CollectionPointer.getValuePointer()	org.apache.commons.jxpath.ri.model.beans.CollectionPointer.getName()
org.apache.commons.jxpath.ri.JXPathContextReferenceImpl.getFunction(QName,Object[])	org.apache.commons.jxpath.Functions.getFunction(String,String,Object[])
org.apache.commons.jxpath.ri.axes.InitialContext.setPosition(int)	org.apache.commons.jxpath.ri.model.NodePointer.getLength()
org.apache.commons.jxpath.ri.model.beans.CollectionChildNodeIterator.getElementNodeIterator(NodePointer)	org.apache.commons.jxpath.ri.model.NodePointer.childIterator(NodeTest,boolean,NodePointer)
org.apache.commons.jxpath.ri.model.dom.NamespacePointer.getImmediateNode()	org.apache.commons.jxpath.ri.model.dom.NamespacePointer.getNamespaceURI()
org.apache.commons.jxpath.util.BasicTypeConverterTest.testNodeSetToString()	org.apache.commons.jxpath.util.BasicTypeConverterTest.assertConversion(Object,Class,Object)
org.apache.commons.jxpath.ri.axes.SimplePathInterpreter.doPredicatesStandard(EvalContext,List,Step[],int,Expression[],int)	org.apache.commons.jxpath.ri.axes.SimplePathInterpreter.isNameAttributeEqual(NodePointer,String)
org.apache.commons.jxpath.ri.model.BeanModelTestCase.testRemovePathPropertyValue()	org.apache.commons.jxpath.JXPathContext.removePath(String)
org.apache.commons.jxpath.ri.model.beans.NullPropertyPointer.createPath(JXPathContext,Object)	org.apache.commons.jxpath.ri.model.NodePointer.createPath(JXPathContext)
org.apache.commons.jxpath.ri.model.dynamic.DynamicPointer.isLeaf()	org.apache.commons.jxpath.JXPathIntrospector.getBeanInfo(Class)
org.apache.commons.jxpath.ri.parser.XPathParser.AbsoluteLocationPath()	org.apache.commons.jxpath.ri.Compiler.locationPath(boolean,Object[])
org.apache.commons.jxpath.ri.compiler.CoreOperationRelationalExpression.findMatch(Iterator,Iterator)	org.apache.commons.jxpath.ri.compiler.CoreOperationRelationalExpression.containsMatch(Iterator,Object)
org.apache.commons.jxpath.ri.ExceptionHandlerTest.testHandleBarBaz()	org.apache.commons.jxpath.JXPathContext.getValue(String)
org.apache.commons.jxpath.ri.parser.SimpleCharStream.readChar()	org.apache.commons.jxpath.ri.parser.SimpleCharStream.UpdateLineColumn(char)
org.apache.commons.jxpath.ri.model.beans.PropertyIterator.getNodePointer()	org.apache.commons.jxpath.ri.model.NodePointer.handle(Throwable)
org.apache.commons.jxpath.ri.model.NodePointer.isLanguage(String)	org.apache.commons.jxpath.ri.model.NodePointer.getLocale()
org.apache.commons.jxpath.ri.parser.XPathParser.AndExpr()	org.apache.commons.jxpath.ri.parser.XPathParser.EqualityExpr()
org.apache.commons.jxpath.ri.model.VariablePointer.createPath(JXPathContext)	org.apache.commons.jxpath.AbstractFactory.declareVariable(JXPathContext,String)
org.apache.commons.jxpath.ri.parser.XPathParser.jj_3R_134()	org.apache.commons.jxpath.ri.parser.XPathParser.jj_3R_129()
org.apache.commons.jxpath.ri.compiler.CoreFunction.functionConcat(EvalContext)	org.apache.commons.jxpath.ri.compiler.CoreFunction.assertArgCount(int)
org.apache.commons.jxpath.ri.axes.SelfContext.nextNode()	org.apache.commons.jxpath.ri.axes.SelfContext.setPosition(int)
org.apache.commons.jxpath.ri.model.BeanModelTestCase.testIteratePointerSetValue()	org.apache.commons.jxpath.Pointer.asPath()
org.apache.commons.jxpath.ri.parser.XPathParser.jj_3R_117()	org.apache.commons.jxpath.ri.parser.XPathParser.jj_3R_121()
org.apache.commons.jxpath.ri.parser.XPathParser.jj_3R_17()	org.apache.commons.jxpath.ri.parser.XPathParser.jj_3R_25()
org.apache.commons.jxpath.ri.model.jdom.JDOMNodePointer.testNode(NodePointer,Object,NodeTest)	org.apache.commons.jxpath.ri.model.jdom.JDOMNodePointer.getLocalName(Object)
org.apache.commons.jxpath.ri.model.beans.NullElementPointer.hashCode()	org.apache.commons.jxpath.ri.model.NodePointer.getImmediateParentPointer()
org.apache.commons.jxpath.ri.compiler.ExtensionFunctionTest.setUp()	org.apache.commons.jxpath.Variables.declareVariable(String,Object)
org.apache.commons.jxpath.ri.compiler.CoreFunction.functionString(EvalContext)	org.apache.commons.jxpath.ri.EvalContext.getCurrentNodePointer()
org.apache.commons.jxpath.ri.parser.SimpleCharStream.ReInit(Reader,int,int)	org.apache.commons.jxpath.ri.parser.SimpleCharStream.ReInit(Reader,int,int,int)
org.apache.commons.jxpath.ri.compiler.Step.toString()	org.apache.commons.jxpath.ri.compiler.Step.axisToString(int)
org.apache.commons.jxpath.ri.model.VariablePointer.setValue(Object)	org.apache.commons.jxpath.ri.QName.toString()
org.apache.commons.jxpath.ri.parser.XPathParser.jj_rescan_token()	org.apache.commons.jxpath.ri.parser.XPathParser.jj_3_6()
org.apache.commons.jxpath.ri.compiler.CoreFunction.functionSubstringBefore(EvalContext)	org.apache.commons.jxpath.ri.compiler.CoreFunction.getArg1()
org.apache.commons.jxpath.ri.JXPathContextReferenceImpl.getValue(String)	org.apache.commons.jxpath.ri.JXPathContextReferenceImpl.compileExpression(String)
org.apache.commons.jxpath.ri.compiler.CoreFunctionTest.testIDFunction()	org.apache.commons.jxpath.ri.model.NodePointer.getPointerByID(JXPathContext,String)
org.apache.commons.jxpath.ri.parser.XPathParser.jj_3R_97()	org.apache.commons.jxpath.ri.parser.XPathParser.jj_3R_96()
org.apache.commons.jxpath.ri.model.MixedModelTest.testCreatePath()	org.apache.commons.jxpath.JXPathContext.setFactory(AbstractFactory)
org.apache.commons.jxpath.ri.parser.XPathParser.jj_3R_73()	org.apache.commons.jxpath.ri.parser.XPathParser.jj_3R_83()
org.apache.commons.jxpath.servlet.JXPathServletContextTest.testPageContext()	org.apache.commons.jxpath.servlet.JXPathServletContextTest.checkPointerIterator(JXPathContext)
org.apache.commons.jxpath.ri.model.dynamic.DynamicPropertiesModelTest.testRemovePathArrayElement()	org.apache.commons.jxpath.JXPathContext.getValue(String)
org.apache.commons.jxpath.ri.compiler.Expression.iteratePointers(EvalContext)	org.apache.commons.jxpath.ri.model.NodePointer.getLocale()
org.apache.commons.jxpath.ri.model.VariablePointer.createChild(JXPathContext,QName,int)	org.apache.commons.jxpath.ri.model.NodePointer.clone()
org.apache.commons.jxpath.ri.compiler.CoreFunction.functionNot(EvalContext)	org.apache.commons.jxpath.ri.compiler.CoreFunction.getArg1()
org.apache.commons.jxpath.ri.model.NodePointer.compareTo(Object)	org.apache.commons.jxpath.ri.model.NodePointer.safeEquals(Object,Object)
org.apache.commons.jxpath.ri.parser.XPathParserTokenManager.jjMoveStringLiteralDfa16_0(long,long)	org.apache.commons.jxpath.ri.parser.XPathParserTokenManager.jjStartNfa_0(int,long,long)
org.apache.commons.jxpath.servlet.HttpSessionHandler.getProperty(Object,String)	org.apache.commons.jxpath.servlet.HttpSessionAndServletContext.getServletContext()
org.apache.commons.jxpath.ri.model.dynabeans.DynaBeanPointer.equals(Object)	org.apache.commons.jxpath.ri.model.dynabeans.DynaBeanPointer.equalObjects(Object,Object)
org.apache.commons.jxpath.ri.model.VariablePointer.isLeaf()	org.apache.commons.jxpath.JXPathBeanInfo.isAtomic()
org.apache.commons.jxpath.ri.parser.XPathParser.jj_3R_84()	org.apache.commons.jxpath.ri.parser.XPathParser.jj_3R_93()
org.apache.commons.jxpath.ri.parser.XPathParserTokenManager.jjCheckNAddTwoStates(int,int)	org.apache.commons.jxpath.ri.parser.XPathParserTokenManager.jjCheckNAdd(int)
org.apache.commons.jxpath.ri.compiler.CoreFunctionTest.setUp()	org.apache.commons.jxpath.Variables.declareVariable(String,Object)
org.apache.commons.jxpath.ri.axes.SimplePathInterpreter.getNodeIterator(EvalContext,NodePointer,Step)	org.apache.commons.jxpath.ri.compiler.NodeNameTest.getNodeName()
org.apache.commons.jxpath.BasicNodeSetTest.testAdd()	org.apache.commons.jxpath.BasicNodeSet.getNodes()
org.apache.commons.jxpath.ri.compiler.CoreFunction.functionSubstring(EvalContext)	org.apache.commons.jxpath.ri.compiler.Expression.computeValue(EvalContext)
org.apache.commons.jxpath.ri.parser.XPathParser.jj_3R_113()	org.apache.commons.jxpath.ri.parser.XPathParser.jj_scan_token(int)
org.apache.commons.jxpath.ri.axes.SimplePathInterpreter.doStepPredicatesStandard(EvalContext,NodePointer,Step[],int)	org.apache.commons.jxpath.ri.axes.SimplePathInterpreter.createNullPointer(EvalContext,NodePointer,Step[],int)
org.apache.commons.jxpath.ri.parser.XPathParserTokenManager.jjMoveStringLiteralDfa20_0(long,long)	org.apache.commons.jxpath.ri.parser.XPathParserTokenManager.jjStartNfa_0(int,long,long)
org.apache.commons.jxpath.ri.axes.UnionContext.setPosition(int)	org.apache.commons.jxpath.ri.EvalContext.nextNode()
org.apache.commons.jxpath.JXPathTestCase.assertXPathNodeType(JXPathContext,String,Class)	org.apache.commons.jxpath.JXPathContext.getPointer(String)
org.apache.commons.jxpath.ri.compiler.CoreOperationTest.setUp()	org.apache.commons.jxpath.JXPathContext.newContext(Object)
org.apache.commons.jxpath.ri.axes.AttributeContext.nextNode()	org.apache.commons.jxpath.ri.model.NodeIterator.getPosition()
org.apache.commons.jxpath.ri.model.container.ContainerPointer.getImmediateValuePointer()	org.apache.commons.jxpath.ri.model.NodePointer.newChildNodePointer(NodePointer,QName,Object)
org.apache.commons.jxpath.BasicNodeSetTest.addPointers(String)	org.apache.commons.jxpath.BasicNodeSet.add(Pointer)
org.apache.commons.jxpath.ri.model.BeanModelTestCase.testSetNonPrimitiveValue()	org.apache.commons.jxpath.JXPathContext.setValue(String,Object)
org.apache.commons.jxpath.ri.axes.SimplePathInterpreterTest.assertValueAndPointer(String,Object,String,String,String)	org.apache.commons.jxpath.JXPathContext.getValue(String)
org.apache.commons.jxpath.ri.model.dynabeans.DynaBeanPropertyPointer.getPropertyName()	org.apache.commons.jxpath.ri.model.dynabeans.DynaBeanPropertyPointer.getPropertyNames()
org.apache.commons.jxpath.ri.model.BeanModelTestCase.testCreatePathAndSetValueExpandNewCollection()	org.apache.commons.jxpath.JXPathContext.setValue(String,Object)
org.apache.commons.jxpath.ri.axes.SimplePathInterpreter.keyFromPredicate(EvalContext,Expression)	org.apache.commons.jxpath.ri.compiler.Expression.computeValue(EvalContext)
org.apache.commons.jxpath.ri.model.BeanModelTestCase.testMultiple(int,int,boolean,boolean,int)	org.apache.commons.jxpath.ri.model.beans.PropertyOwnerPointer.childIterator(NodeTest,boolean,NodePointer)
org.apache.commons.jxpath.ri.model.beans.BeanPropertyPointer.getImmediateNode()	org.apache.commons.jxpath.ri.model.beans.PropertyPointer.getBean()
org.apache.commons.jxpath.ri.compiler.VariableTest.testCreatePathDeclareVariableSetCollectionElement()	org.apache.commons.jxpath.JXPathContext.getValue(String)
org.apache.commons.jxpath.ri.parser.XPathParser.jj_3R_18()	org.apache.commons.jxpath.ri.parser.XPathParser.jj_3R_37()
org.apache.commons.jxpath.ri.model.beans.PropertyIterator.getLength()	org.apache.commons.jxpath.ri.model.beans.PropertyPointer.getLength()
org.apache.commons.jxpath.ri.parser.XPathParser.VariableReference()	org.apache.commons.jxpath.ri.parser.XPathParser.jj_consume_token(int)
org.apache.commons.jxpath.ri.model.container.ContainerPointer.getImmediateNode()	org.apache.commons.jxpath.util.ValueUtils.getValue(Object,int)
org.apache.commons.jxpath.ri.axes.SimplePathInterpreter.interpretSimpleLocationPath(EvalContext,NodePointer,Step[])	org.apache.commons.jxpath.ri.axes.SimplePathInterpreter.doStep(EvalContext,NodePointer,Step[],int)
org.apache.commons.jxpath.ri.model.NodePointer.testNode(NodeTest)	org.apache.commons.jxpath.ri.QName.getPrefix()
org.apache.commons.jxpath.ri.axes.SimplePathInterpreterTest.setUp()	org.apache.commons.jxpath.TestBean.getNestedBean()
org.apache.commons.jxpath.ri.parser.XPathParser.jj_3R_72()	org.apache.commons.jxpath.ri.parser.XPathParser.jj_3R_80()
org.apache.commons.jxpath.ri.parser.XPathParserTokenManager.jjMoveStringLiteralDfa12_0(long,long,long,long)	org.apache.commons.jxpath.ri.parser.SimpleCharStream.readChar()
org.apache.commons.jxpath.ClassFunctions.getFunction(String,String,Object[])	org.apache.commons.jxpath.util.MethodLookupUtils.lookupConstructor(Class,Object[])
org.apache.commons.jxpath.ri.axes.PredicateContext.nextNode()	org.apache.commons.jxpath.ri.EvalContext.setPosition(int)
org.apache.commons.jxpath.JXPathTestCase.assertXPathValue(JXPathContext,String,Object,Class)	org.apache.commons.jxpath.JXPathContext.setLenient(boolean)
org.apache.commons.jxpath.ri.axes.SimplePathInterpreterTest.testInterpretExpressionPath()	org.apache.commons.jxpath.Variables.declareVariable(String,Object)
org.apache.commons.jxpath.servlet.JXPathServletContextTest.testServletContext()	org.apache.commons.jxpath.JXPathContext.setValue(String,Object)
org.apache.commons.jxpath.ri.parser.XPathParser.jj_3R_118()	org.apache.commons.jxpath.ri.parser.XPathParser.jj_3R_124()
org.apache.commons.jxpath.util.BasicTypeConverter.canConvert(Object,Class)	org.apache.commons.jxpath.NodeSet.getValues()
org.apache.commons.jxpath.ri.compiler.CoreFunction.functionLocalName(EvalContext)	org.apache.commons.jxpath.ri.QName.getName()
org.apache.commons.jxpath.ri.parser.XPathParser.jj_3R_63()	org.apache.commons.jxpath.ri.parser.XPathParser.jj_3R_72()
org.apache.commons.jxpath.ri.model.VariablePointer.remove()	org.apache.commons.jxpath.ri.model.VariablePointer.asPath()
org.apache.commons.jxpath.ri.parser.XPathParser.jj_3R_86()	org.apache.commons.jxpath.ri.parser.XPathParser.jj_3R_95()
org.apache.commons.jxpath.ri.compiler.TreeCompiler.isNameAttributeTest(Expression)	org.apache.commons.jxpath.ri.compiler.Step.getAxis()
org.apache.commons.jxpath.ri.axes.SimplePathInterpreterTest.testDoPredicatesStandard()	org.apache.commons.jxpath.JXPathContext.getValue(String)
org.apache.commons.jxpath.ri.model.container.ContainerPointer.attributeIterator(QName)	org.apache.commons.jxpath.ri.model.NodePointer.getValuePointer()
org.apache.commons.jxpath.ri.model.dynamic.DynamicPropertiesModelTest.testSetCollection()	org.apache.commons.jxpath.JXPathContext.setValue(String,Object)
org.apache.commons.jxpath.ri.model.beans.PropertyPointer.getBean()	org.apache.commons.jxpath.ri.model.NodePointer.getNode()
org.apache.commons.jxpath.util.BasicTypeConverterTest.testPointerToString()	org.apache.commons.jxpath.util.BasicTypeConverterTest.assertConversion(Object,Class,Object)
org.apache.commons.jxpath.ri.parser.XPathParser.jj_3R_69()	org.apache.commons.jxpath.ri.parser.XPathParser.jj_scan_token(int)
org.apache.commons.jxpath.ri.compiler.CoreOperationCompare.equal(Object,Object)	org.apache.commons.jxpath.ri.InfoSetUtil.booleanValue(Object)
org.apache.commons.jxpath.ri.parser.XPathParserTokenManager.jjMoveStringLiteralDfa7_0(long,long,long,long)	org.apache.commons.jxpath.ri.parser.SimpleCharStream.readChar()
org.apache.commons.jxpath.ri.model.beans.PropertyIterator.getNodePointer()	org.apache.commons.jxpath.ri.model.beans.PropertyIterator.reset()
org.apache.commons.jxpath.ri.model.MixedModelTest.setUp()	org.apache.commons.jxpath.TestMixedModelBean.getMap()
org.apache.commons.jxpath.ri.parser.XPathParser.LocationPath()	org.apache.commons.jxpath.ri.parser.XPathParser.RelativeLocationPath()
org.apache.commons.jxpath.ri.model.beans.PropertyPointer.getImmediateValuePointer()	org.apache.commons.jxpath.ri.model.beans.PropertyPointer.getImmediateNode()
org.apache.commons.jxpath.ri.model.dynabeans.DynaBeanPointer.asPath()	org.apache.commons.jxpath.ri.model.NodePointer.asPath()
org.apache.commons.jxpath.ri.model.jdom.JDOMNodePointer.createChild(JXPathContext,QName,int)	org.apache.commons.jxpath.ri.model.NodeIterator.setPosition(int)
org.apache.commons.jxpath.ri.model.BeanModelTestCase.testRelativeContextRelativePath()	org.apache.commons.jxpath.JXPathContext.getPointer(String)
org.apache.commons.jxpath.ri.axes.InitialContext.getValue()	org.apache.commons.jxpath.ri.model.NodePointer.getValue()
org.apache.commons.jxpath.ri.model.beans.PropertyPointer.isLeaf()	org.apache.commons.jxpath.JXPathBeanInfo.isAtomic()
org.apache.commons.jxpath.ri.parser.XPathParser.UnionExpr()	org.apache.commons.jxpath.ri.parser.XPathParser.jj_consume_token(int)
org.apache.commons.jxpath.ri.model.dynabeans.DynaBeanPropertyPointer.isActualProperty()	org.apache.commons.jxpath.ri.model.dynabeans.DynaBeanPropertyPointer.getPropertyName()
org.apache.commons.jxpath.ri.JXPathContextReferenceImpl.createPathAndSetValue(String,Expression,Object)	org.apache.commons.jxpath.ri.JXPathContextReferenceImpl.setValue(String,Expression,Object,boolean)
org.apache.commons.jxpath.ri.model.VariablePointer.createPath(JXPathContext)	org.apache.commons.jxpath.ri.QName.toString()
org.apache.commons.jxpath.ri.model.VariablePointer.remove()	org.apache.commons.jxpath.Variables.declareVariable(String,Object)
org.apache.commons.jxpath.servlet.JXPathServletContextTest.testServletContext()	org.apache.commons.jxpath.servlet.JXPathServletContextTest.getServletContext()
org.apache.commons.jxpath.ri.model.dynamic.DynamicPropertiesModelTest.testCreatePathNewCollectionElement()	org.apache.commons.jxpath.TestBean.getMap()
org.apache.commons.jxpath.ri.parser.XPathParser.jj_3R_125()	org.apache.commons.jxpath.ri.parser.XPathParser.jj_scan_token(int)
org.apache.commons.jxpath.ri.model.BeanModelTestCase.testRelativeContextParent()	org.apache.commons.jxpath.JXPathContext.getPointer(String)
org.apache.commons.jxpath.ri.model.NodePointer.newChildNodePointer(NodePointer,QName,Object)	org.apache.commons.jxpath.ri.JXPathContextReferenceImpl.getNodePointerFactories()
org.apache.commons.jxpath.util.ClassLoaderUtilTest.testClassLoadSuccessWithoutContextClassLoader()	org.apache.commons.jxpath.util.ClassLoaderUtilTest.callExampleMessageMethodAndAssertSuccess()
org.apache.commons.jxpath.ri.axes.ParentContext.reset()	org.apache.commons.jxpath.ri.EvalContext.reset()
org.apache.commons.jxpath.ri.model.beans.NullPropertyPointer.createPath(JXPathContext)	org.apache.commons.jxpath.ri.model.beans.PropertyOwnerPointer.getPropertyPointer()
org.apache.commons.jxpath.servlet.JXPathServletContextTest.testServletRequest()	org.apache.commons.jxpath.JXPathContext.getValue(String)
org.apache.commons.jxpath.ri.parser.XPathParser.jj_3R_45()	org.apache.commons.jxpath.ri.parser.XPathParser.jj_scan_token(int)
org.apache.commons.jxpath.ri.axes.SimplePathInterpreterTest.assertValueAndPointer(String,Object,String,String)	org.apache.commons.jxpath.ri.axes.SimplePathInterpreterTest.assertValueAndPointer(String,Object,String,String,String)
org.apache.commons.jxpath.ri.model.dynabeans.TestDynaBeanFactory.declareVariable(JXPathContext,String)	org.apache.commons.jxpath.Variables.declareVariable(String,Object)
org.apache.commons.jxpath.ri.compiler.CoreOperationUnion.computeValue(EvalContext)	org.apache.commons.jxpath.ri.compiler.Expression.compute(EvalContext)
org.apache.commons.jxpath.ri.compiler.CoreFunctionTest.Anonymous-9071df49-c6f6-41fd-8425-e6552cd1b34b.getPointerByKey(JXPathContext,String,String)	org.apache.commons.jxpath.ri.model.NodePointer.newNodePointer(QName,Object,Locale)
org.apache.commons.jxpath.ri.JXPathContextReferenceImpl.getValue(String,Expression)	org.apache.commons.jxpath.JXPathContext.isLenient()
org.apache.commons.jxpath.ri.model.beans.PropertyPointer.getLength()	org.apache.commons.jxpath.util.ValueUtils.getLength(Object)
org.apache.commons.jxpath.ri.parser.XPathParserTokenManager.jjMoveStringLiteralDfa15_0(long,long,long,long)	org.apache.commons.jxpath.ri.parser.XPathParserTokenManager.jjMoveStringLiteralDfa16_0(long,long)
org.apache.commons.jxpath.ri.parser.XPathParser.jj_3R_105()	org.apache.commons.jxpath.ri.parser.XPathParser.jj_scan_token(int)
org.apache.commons.jxpath.ri.axes.SimplePathInterpreterTest.testDoStepPredicatesStandard()	org.apache.commons.jxpath.ri.axes.SimplePathInterpreterTest.assertValueAndPointer(String,Object,String,String)
org.apache.commons.jxpath.ri.model.VariablePointer.createCollection(JXPathContext,int)	org.apache.commons.jxpath.Variables.declareVariable(String,Object)
org.apache.commons.jxpath.ri.parser.XPathParser.jj_3R_65()	org.apache.commons.jxpath.ri.parser.XPathParser.jj_3R_74()
org.apache.commons.jxpath.ri.parser.XPathParser.jj_3R_88()	org.apache.commons.jxpath.ri.parser.XPathParser.jj_3R_97()
org.apache.commons.jxpath.ri.compiler.CoreOperationRelationalExpression.computeValue(EvalContext)	org.apache.commons.jxpath.ri.compiler.CoreOperationRelationalExpression.compute(Object,Object)
org.apache.commons.jxpath.ri.Parser.parseExpression(String,Compiler)	org.apache.commons.jxpath.ri.Parser.describePosition(String,int)
org.apache.commons.jxpath.ri.parser.XPathParserTokenManager.jjMoveStringLiteralDfa1_0(long,long)	org.apache.commons.jxpath.ri.parser.XPathParserTokenManager.jjStopStringLiteralDfa_0(int,long,long)
org.apache.commons.jxpath.util.BasicTypeConverter.convert(Object,Class)	org.apache.commons.jxpath.Pointer.getValue()
org.apache.commons.jxpath.ri.compiler.CoreFunction.functionNot(EvalContext)	org.apache.commons.jxpath.ri.compiler.CoreFunction.assertArgCount(int)
org.apache.commons.jxpath.ri.model.beans.BeanPropertyPointer.getPropertyDescriptor()	org.apache.commons.jxpath.ri.model.beans.PropertyPointer.getPropertyIndex()
org.apache.commons.jxpath.ri.compiler.ExtensionFunctionTest.testAllocation()	org.apache.commons.jxpath.JXPathContext.getVariables()
org.apache.commons.jxpath.util.ClassLoaderUtil.getClass(String,boolean)	org.apache.commons.jxpath.util.ClassLoaderUtil.getClass(ClassLoader,String,boolean)
org.apache.commons.jxpath.ri.model.BeanModelTestCase.testIteratePointerSetValue()	org.apache.commons.jxpath.JXPathContext.iteratePointers(String)
org.apache.commons.jxpath.ri.model.beans.BeanPointer.isLeaf()	org.apache.commons.jxpath.JXPathIntrospector.getBeanInfo(Class)
org.apache.commons.jxpath.ri.compiler.TestFunctions.nodeSet(ExpressionContext)	org.apache.commons.jxpath.JXPathContext.getPointer(String)
org.apache.commons.jxpath.ri.model.BeanModelTestCase.testCreatePathAndSetValue()	org.apache.commons.jxpath.JXPathContext.setValue(String,Object)
org.apache.commons.jxpath.ri.model.BeanModelTestCase.testIteratePropertyArrayWithHasNext()	org.apache.commons.jxpath.JXPathContext.iteratePointers(String)
org.apache.commons.jxpath.ri.model.beans.CollectionPointer.createChild(JXPathContext,QName,int,Object)	org.apache.commons.jxpath.ri.model.NodePointer.clone()
org.apache.commons.jxpath.ri.model.TestMixedModelFactory.createObject(JXPathContext,Pointer,Object,String,int)	org.apache.commons.jxpath.TestBean.setBeans(NestedTestBean[])
org.apache.commons.jxpath.ri.parser.XPathParser.jj_3R_76()	org.apache.commons.jxpath.ri.parser.XPathParser.jj_3R_84()
org.apache.commons.jxpath.ri.compiler.CoreOperationNegate.computeValue(EvalContext)	org.apache.commons.jxpath.ri.compiler.Expression.computeValue(EvalContext)
org.apache.commons.jxpath.JXPathTestCase.assertXPathValueLenient(JXPathContext,String,Object)	org.apache.commons.jxpath.JXPathContext.setLenient(boolean)
org.apache.commons.jxpath.ri.parser.XPathParser.jj_3R_57()	org.apache.commons.jxpath.ri.parser.XPathParser.jj_scan_token(int)
org.apache.commons.jxpath.FunctionLibrary.getUsedNamespaces()	org.apache.commons.jxpath.FunctionLibrary.functionCache()
org.apache.commons.jxpath.ri.model.dom.DOMNodeIterator.setPosition(int)	org.apache.commons.jxpath.ri.model.dom.DOMNodeIterator.next()
org.apache.commons.jxpath.ri.model.dom.DOMNodeIterator.setPosition(int)	org.apache.commons.jxpath.ri.model.dom.DOMNodeIterator.previous()
org.apache.commons.jxpath.ri.compiler.CoreFunction.functionBoolean(EvalContext)	org.apache.commons.jxpath.ri.InfoSetUtil.booleanValue(Object)
org.apache.commons.jxpath.ri.compiler.Path.createContextForStep(EvalContext,int,NodeTest)	org.apache.commons.jxpath.ri.compiler.NodeNameTest.getNodeName()
org.apache.commons.jxpath.ri.parser.TokenMgrError.LexicalError(boolean,int,int,int,String,char)	org.apache.commons.jxpath.ri.parser.TokenMgrError.addEscapes(String)
org.apache.commons.jxpath.ri.model.dynamic.DynamicPropertyPointer.createPath(JXPathContext)	org.apache.commons.jxpath.ri.model.dynamic.DynamicPropertyPointer.getPropertyName()
org.apache.commons.jxpath.ri.parser.XPathParser.jj_3R_18()	org.apache.commons.jxpath.ri.parser.XPathParser.jj_3R_28()
org.apache.commons.jxpath.ri.parser.XPathParser.NCName()	org.apache.commons.jxpath.ri.parser.XPathParser.jj_consume_token(int)
org.apache.commons.jxpath.ri.model.BeanModelTestCase.testMultiple(int,int,boolean,boolean,int)	org.apache.commons.jxpath.ri.model.NodePointer.setIndex(int)
org.apache.commons.jxpath.ri.EvalContext.performIteratorStep()	org.apache.commons.jxpath.ri.EvalContext.nextSet()
org.apache.commons.jxpath.ri.parser.XPathParser.AbbreviatedAxisSpecifier()	org.apache.commons.jxpath.ri.parser.XPathParser.jj_consume_token(int)
org.apache.commons.jxpath.ri.parser.XPathParser.jj_3R_94()	org.apache.commons.jxpath.ri.parser.XPathParser.jj_3R_116()
org.apache.commons.jxpath.ri.model.beans.BeanAttributeIterator.setPosition(int)	org.apache.commons.jxpath.ri.model.beans.PropertyIterator.setPosition(int)
org.apache.commons.jxpath.servlet.ServletRequestHandler.getProperty(Object,String)	org.apache.commons.jxpath.servlet.HttpSessionHandler.getProperty(Object,String)
org.apache.commons.jxpath.ri.model.beans.PropertyOwnerPointer.compareChildNodePointers(NodePointer,NodePointer)	org.apache.commons.jxpath.ri.model.NodePointer.getName()
org.apache.commons.jxpath.ri.EvalContext.getJXPathContext()	org.apache.commons.jxpath.ri.axes.RootContext.getJXPathContext()
org.apache.commons.jxpath.ri.model.container.ContainerModelTest.testContainerPropertyWithCollection()	org.apache.commons.jxpath.ri.model.container.ContainerModelTest.Bean.getContainer()
org.apache.commons.jxpath.ri.model.dom.DOMNodePointer.createChild(JXPathContext,QName,int)	org.apache.commons.jxpath.JXPathContext.getNamespaceURI(String)
org.apache.commons.jxpath.ri.model.jdom.JDOMNodePointer.getValue()	org.apache.commons.jxpath.ri.model.jdom.JDOMNodePointer.childIterator(NodeTest,boolean,NodePointer)
org.apache.commons.jxpath.ri.model.dynabeans.DynaBeanPointer.hashCode()	org.apache.commons.jxpath.ri.QName.hashCode()
org.apache.commons.jxpath.ri.parser.XPathParser.Argument()	org.apache.commons.jxpath.ri.parser.XPathParser.Expression()
org.apache.commons.jxpath.ri.axes.AttributeContext.nextNode()	org.apache.commons.jxpath.ri.compiler.NodeTypeTest.getNodeType()
org.apache.commons.jxpath.ri.axes.NamespaceContext.nextNode()	org.apache.commons.jxpath.ri.model.NodePointer.namespaceIterator()
org.apache.commons.jxpath.ri.axes.PredicateContext.nextNode()	org.apache.commons.jxpath.ri.model.beans.PropertyPointer.getPropertyNames()
org.apache.commons.jxpath.ri.axes.SimplePathInterpreter.doStepNoPredicatesStandard(EvalContext,NodePointer,Step[],int)	org.apache.commons.jxpath.ri.axes.SimplePathInterpreter.createNullPointer(EvalContext,NodePointer,Step[],int)
org.apache.commons.jxpath.ri.model.beans.LangAttributePointer.asPath()	org.apache.commons.jxpath.ri.model.NodePointer.asPath()
org.apache.commons.jxpath.ri.model.dynamic.DynamicPointerFactory.createNodePointer(QName,Object,Locale)	org.apache.commons.jxpath.util.ValueUtils.getDynamicPropertyHandler(Class)
org.apache.commons.jxpath.ri.model.VariablePointer.createChild(JXPathContext,QName,int,Object)	org.apache.commons.jxpath.ri.model.NodePointer.clone()
org.apache.commons.jxpath.ri.model.VariablePointer.createCollection(JXPathContext,int)	org.apache.commons.jxpath.ri.model.VariablePointer.asPath()
org.apache.commons.jxpath.servlet.JXPathServletContextTest.testPageContext()	org.apache.commons.jxpath.JXPathContext.getValue(String)
org.apache.commons.jxpath.ri.axes.DescendantContext.nextNode()	org.apache.commons.jxpath.ri.axes.DescendantContext.isRecursive()
org.apache.commons.jxpath.ri.compiler.CoreFunction.functionStartsWith(EvalContext)	org.apache.commons.jxpath.ri.compiler.CoreFunction.getArg1()
org.apache.commons.jxpath.ri.model.jdom.JDOMNamespacePointer.getNamespaceURI()	org.apache.commons.jxpath.ri.model.NodePointer.getNamespaceURI(String)
org.apache.commons.jxpath.ri.compiler.Path.computeContextDependent()	org.apache.commons.jxpath.ri.compiler.Step.isContextDependent()
org.apache.commons.jxpath.ri.parser.XPathParser.jj_3R_80()	org.apache.commons.jxpath.ri.parser.XPathParser.jj_3R_88()
org.apache.commons.jxpath.ri.compiler.Expression.isContextDependent()	org.apache.commons.jxpath.ri.compiler.Expression.computeContextDependent()
org.apache.commons.jxpath.ri.JXPathContextReferenceImpl.removeAll(String,Expression)	org.apache.commons.jxpath.ri.JXPathContextReferenceImpl.getEvalContext()
org.apache.commons.jxpath.ri.JXPathContextReferenceImpl.getValue(String,Expression,Class)	org.apache.commons.jxpath.util.TypeUtils.canConvert(Object,Class)
org.apache.commons.jxpath.util.MethodLookupUtils.lookupMethod(Class,String,Object[])	org.apache.commons.jxpath.util.TypeUtils.convert(Object,Class)
org.apache.commons.jxpath.util.ValueUtils.getValue(Object)	org.apache.commons.jxpath.Container.getValue()
org.apache.commons.jxpath.ri.compiler.CoreFunction.functionCeiling(EvalContext)	org.apache.commons.jxpath.ri.compiler.CoreFunction.getArg1()
org.apache.commons.jxpath.ri.compiler.TreeCompiler.expressionPath(Object,Object[],Object[])	org.apache.commons.jxpath.ri.compiler.TreeCompiler.toStepArray(Object[])
org.apache.commons.jxpath.ri.model.dynamic.DynamicPropertiesModelTest.testCreatePathAndSetValueCreateBean()	org.apache.commons.jxpath.JXPathContext.getContextBean()
org.apache.commons.jxpath.ri.compiler.CoreFunction.computeValue(EvalContext)	org.apache.commons.jxpath.ri.compiler.CoreFunction.functionContains(EvalContext)
org.apache.commons.jxpath.ri.model.beans.NullPropertyPointer.setValue(Object)	org.apache.commons.jxpath.ri.model.NodePointer.isContainer()
org.apache.commons.jxpath.ri.model.BeanModelTestCase.testIteratePropertyArrayWithHasNext()	org.apache.commons.jxpath.Pointer.asPath()
org.apache.commons.jxpath.ri.model.dynamic.DynamicPropertiesModelTest.testCreatePathAndSetValueCreateBean()	org.apache.commons.jxpath.TestBean.setMap(Map)
org.apache.commons.jxpath.ri.compiler.LocationPath.computeValue(EvalContext)	org.apache.commons.jxpath.ri.axes.RootContext.getAbsoluteRootContext()
org.apache.commons.jxpath.ri.model.beans.NullPointer.createPath(JXPathContext)	org.apache.commons.jxpath.ri.model.NodePointer.getValuePointer()
org.apache.commons.jxpath.ri.model.dom.DOMAttributePointer.asPath()	org.apache.commons.jxpath.ri.model.dom.DOMAttributePointer.getName()
org.apache.commons.jxpath.servlet.JXPathServletContexts.getRequestContext(ServletRequest,ServletContext)	org.apache.commons.jxpath.JXPathContext.setVariables(Variables)
org.apache.commons.jxpath.ri.compiler.CoreFunction.functionNamespaceURI(EvalContext)	org.apache.commons.jxpath.ri.EvalContext.hasNext()
org.apache.commons.jxpath.ri.model.beans.NullPropertyPointer.setValue(Object)	org.apache.commons.jxpath.ri.model.beans.NullPropertyPointer.asPath()
org.apache.commons.jxpath.ri.compiler.TestFunctions.className(ExpressionContext,ExpressionContext)	org.apache.commons.jxpath.ExpressionContext.getContextNodePointer()
org.apache.commons.jxpath.ri.compiler.VariableTest.testCreatePathAndSetValueExpandCollection()	org.apache.commons.jxpath.JXPathContext.getVariables()
org.apache.commons.jxpath.xml.DocumentContainer.parseXML(InputStream)	org.apache.commons.jxpath.xml.XMLParser2.setIgnoringComments(boolean)
org.apache.commons.jxpath.ri.model.dynamic.DynamicPropertiesModelTest.testCollectionOfMaps()	org.apache.commons.jxpath.JXPathContext.getContextBean()
org.apache.commons.jxpath.ri.parser.XPathParserTokenManager.jjMoveStringLiteralDfa3_0(long,long,long,long)	org.apache.commons.jxpath.ri.parser.SimpleCharStream.readChar()
org.apache.commons.jxpath.ri.model.MixedModelTest.setUp()	org.apache.commons.jxpath.TestMixedModelBean.getContainer()
org.apache.commons.jxpath.ri.model.dynabeans.DynaBeanPropertyPointer.setPropertyIndex(int)	org.apache.commons.jxpath.ri.model.beans.PropertyPointer.setPropertyIndex(int)
org.apache.commons.jxpath.ri.model.dynabeans.DynaBeanPropertyPointer.convert(Object,boolean)	org.apache.commons.jxpath.ri.model.dynabeans.DynaBeanPropertyPointer.getPropertyName()
org.apache.commons.jxpath.ri.parser.XPathParser.jj_3R_19()	org.apache.commons.jxpath.ri.parser.XPathParser.jj_3R_61()
org.apache.commons.jxpath.ri.compiler.ExtensionFunctionTest.testStaticMethodLookupWithExpressionContext()	org.apache.commons.jxpath.Function.invoke(ExpressionContext,Object[])
org.apache.commons.jxpath.ri.model.VariablePointer.namespacePointer(String)	org.apache.commons.jxpath.ri.model.NodePointer.namespacePointer(String)
org.apache.commons.jxpath.ri.model.XMLUpperCaseElementsTest.doTest(String,String,String)	org.apache.commons.jxpath.JXPathContext.getValue(String)
org.apache.commons.jxpath.ri.axes.SimplePathInterpreter.indexFromPredicate(EvalContext,Expression)	org.apache.commons.jxpath.ri.InfoSetUtil.booleanValue(Object)
org.apache.commons.jxpath.ri.model.jdom.JDOMNodePointer.testNode(NodePointer,Object,NodeTest)	org.apache.commons.jxpath.ri.QName.getPrefix()
org.apache.commons.jxpath.ri.ExceptionHandlerTest.setUp()	org.apache.commons.jxpath.JXPathContext.setExceptionHandler(ExceptionHandler)
org.apache.commons.jxpath.ri.model.dynamic.DynamicPropertyPointer.removeKey()	org.apache.commons.jxpath.DynamicPropertyHandler.setProperty(Object,String,Object)
org.apache.commons.jxpath.ri.parser.XPathParser.SubtractiveExpr()	org.apache.commons.jxpath.ri.parser.XPathParser.MultiplicativeExpr()
org.apache.commons.jxpath.ri.JXPathContextReferenceImpl.compileExpression(String)	org.apache.commons.jxpath.ri.JXPathContextReferenceImpl.getCompiler()
org.apache.commons.jxpath.ri.model.NodePointer.createChild(JXPathContext,QName,int)	org.apache.commons.jxpath.ri.model.NodePointer.asPath()
org.apache.commons.jxpath.ri.compiler.CoreFunction.functionContains(EvalContext)	org.apache.commons.jxpath.ri.compiler.CoreFunction.getArg2()
org.apache.commons.jxpath.ri.parser.XPathParser.jj_3R_90()	org.apache.commons.jxpath.ri.parser.XPathParser.jj_3R_101()
org.apache.commons.jxpath.ri.model.jdom.JDOMNodePointer.createChild(JXPathContext,QName,int)	org.apache.commons.jxpath.ri.model.NodeIterator.getNodePointer()
org.apache.commons.jxpath.JXPathContext.getPointerByKey(String,String)	org.apache.commons.jxpath.KeyManager.getPointerByKey(JXPathContext,String,String)
org.apache.commons.jxpath.ri.model.beans.NullElementPointer.asPath()	org.apache.commons.jxpath.ri.model.NodePointer.getIndex()
org.apache.commons.jxpath.ri.model.container.ContainerPointer.asPath()	org.apache.commons.jxpath.ri.model.NodePointer.asPath()
org.apache.commons.jxpath.ri.compiler.CoreOperationRelationalExpression.compute(Object,Object)	org.apache.commons.jxpath.ri.compiler.CoreOperationRelationalExpression.containsMatch(Iterator,Object)
org.apache.commons.jxpath.ri.model.beans.CollectionPointer.isLeaf()	org.apache.commons.jxpath.ri.model.NodePointer.getNode()
org.apache.commons.jxpath.ri.parser.XPathParser.jj_3R_78()	org.apache.commons.jxpath.ri.parser.XPathParser.jj_3R_85()
org.apache.commons.jxpath.ri.InfoSetUtil.doubleValue(Object)	org.apache.commons.jxpath.ri.InfoSetUtil.doubleValue(Object)
org.apache.commons.jxpath.ri.model.beans.NullPointer.createChild(JXPathContext,QName,int)	org.apache.commons.jxpath.ri.model.beans.NullPointer.createPath(JXPathContext)
org.apache.commons.jxpath.ri.axes.SimplePathInterpreterTest.testInterpretExpressionPath()	org.apache.commons.jxpath.JXPathContext.getVariables()
org.apache.commons.jxpath.ri.model.beans.PropertyOwnerPointer.childIterator(NodeTest,boolean,NodePointer)	org.apache.commons.jxpath.ri.compiler.NodeNameTest.isWildcard()
org.apache.commons.jxpath.ri.model.BeanModelTestCase.testRelativeContextAbsolutePath()	org.apache.commons.jxpath.JXPathContext.getPointer(String)
org.apache.commons.jxpath.ri.JXPathContextReferenceImpl.setNamespaceContextPointer(Pointer)	org.apache.commons.jxpath.ri.NamespaceResolver.isSealed()
org.apache.commons.jxpath.FunctionLibrary.functionCache()	org.apache.commons.jxpath.Functions.getUsedNamespaces()
org.apache.commons.jxpath.FunctionLibrary.getFunction(String,String,Object[])	org.apache.commons.jxpath.FunctionLibrary.functionCache()
org.apache.commons.jxpath.ri.axes.SelfContext.nextNode()	org.apache.commons.jxpath.ri.EvalContext.getCurrentPosition()
org.apache.commons.jxpath.ri.compiler.CoreOperationTest.setUp()	org.apache.commons.jxpath.JXPathContext.getVariables()
org.apache.commons.jxpath.ri.parser.XPathParser.NodeTest(ArrayList)	org.apache.commons.jxpath.ri.parser.XPathParser.AxisSpecifier()
org.apache.commons.jxpath.ri.model.beans.CollectionPointer.compareChildNodePointers(NodePointer,NodePointer)	org.apache.commons.jxpath.ri.model.NodePointer.getIndex()
org.apache.commons.jxpath.ri.compiler.CoreOperationCompare.equal(EvalContext,Expression,Expression)	org.apache.commons.jxpath.ri.compiler.CoreOperationCompare.findMatch(Iterator,Iterator)
org.apache.commons.jxpath.ri.model.beans.BeanPropertyPointer.getLength()	org.apache.commons.jxpath.util.ValueUtils.getIndexedPropertyLength(Object,IndexedPropertyDescriptor)
org.apache.commons.jxpath.ri.parser.XPathParser.jj_3_5()	org.apache.commons.jxpath.ri.parser.XPathParser.jj_3R_18()
org.apache.commons.jxpath.ri.compiler.Path.isSimpleStep(Step)	org.apache.commons.jxpath.ri.compiler.Step.getPredicates()
org.apache.commons.jxpath.ri.model.dynabeans.DynaBeanPropertyPointer.setPropertyName(String)	org.apache.commons.jxpath.ri.model.dynabeans.DynaBeanPropertyPointer.setPropertyIndex(int)
org.apache.commons.jxpath.ri.model.VariablePointer.namespaceIterator()	org.apache.commons.jxpath.ri.model.NodePointer.namespaceIterator()
org.apache.commons.jxpath.ri.parser.XPathParser.jj_3R_128()	org.apache.commons.jxpath.ri.parser.XPathParser.jj_3R_127()
org.apache.commons.jxpath.ri.model.container.ContainerModelTest.testContainerVariableWithCollection()	org.apache.commons.jxpath.JXPathContext.newContext(Object)
org.apache.commons.jxpath.ri.model.dynamic.DynamicPropertyPointer.createPath(JXPathContext)	org.apache.commons.jxpath.ri.model.dynamic.DynamicPropertyPointer.asPath()
org.apache.commons.jxpath.ri.parser.XPathParser.jj_3R_61()	org.apache.commons.jxpath.ri.parser.XPathParser.jj_scan_token(int)
org.apache.commons.jxpath.servlet.JXPathServletContexts.getRequestContext(ServletRequest,ServletContext)	org.apache.commons.jxpath.servlet.JXPathServletContexts.getApplicationContext(ServletContext)
org.apache.commons.jxpath.ri.compiler.ExtensionFunctionTest.testNodeSetReturn()	org.apache.commons.jxpath.JXPathContext.getValue(String)
org.apache.commons.jxpath.ri.model.XMLModelTestCase.createContext()	org.apache.commons.jxpath.JXPathContext.registerNamespace(String,String)
org.apache.commons.jxpath.ri.model.beans.NullPropertyPointer.asPath()	org.apache.commons.jxpath.ri.model.NodePointer.getImmediateParentPointer()
org.apache.commons.jxpath.ri.model.beans.CollectionPointer.createChild(JXPathContext,QName,int)	org.apache.commons.jxpath.ri.model.NodePointer.clone()
org.apache.commons.jxpath.ri.parser.XPathParser.LocationStep(ArrayList)	org.apache.commons.jxpath.ri.Compiler.nodeTypeTest(int)
org.apache.commons.jxpath.ri.model.BeanModelTestCase.testIteratePointerSetValue()	org.apache.commons.jxpath.JXPathContext.getValue(String)
org.apache.commons.jxpath.ri.axes.SimplePathInterpreter.doPredicateIndex(EvalContext,NodePointer,Step[],int,Expression[],int)	org.apache.commons.jxpath.ri.model.NodePointer.clone()
org.apache.commons.jxpath.ri.model.EmptyCollectionTest.testEmptyChildSet()	org.apache.commons.jxpath.JXPathContext.newContext(Object)
org.apache.commons.jxpath.ri.compiler.Path.evalSteps(EvalContext)	org.apache.commons.jxpath.ri.compiler.Path.buildContextChain(EvalContext,int,boolean)
org.apache.commons.jxpath.ri.Parser.parseExpression(String,Compiler)	org.apache.commons.jxpath.ri.parser.XPathParser.setCompiler(Compiler)
org.apache.commons.jxpath.ri.model.container.ContainerModelTest.testContainerVariableWithCollection()	org.apache.commons.jxpath.ri.model.container.ContainerModelTest.ArrayContainer.getValue()
org.apache.commons.jxpath.ri.model.dynamic.DynamicPropertiesModelTest.testRemovePath()	org.apache.commons.jxpath.TestBean.getMap()
org.apache.commons.jxpath.ri.model.jdom.JDOMNodePointer.getNamespaceResolver()	org.apache.commons.jxpath.ri.NamespaceResolver.setNamespaceContextPointer(NodePointer)
org.apache.commons.jxpath.ri.parser.XPathParser.AbsoluteLocationPath()	org.apache.commons.jxpath.ri.parser.XPathParser.jj_2_2(int)
org.apache.commons.jxpath.ri.model.VariablePointer.createPath(JXPathContext,Object)	org.apache.commons.jxpath.ri.model.NodePointer.setValue(Object)
org.apache.commons.jxpath.ri.JXPathContextReferenceImpl.createPath(String,Expression)	org.apache.commons.jxpath.ri.EvalContext.getSingleNodePointer()
org.apache.commons.jxpath.ri.compiler.TestFunctions.countPointers(NodeSet)	org.apache.commons.jxpath.NodeSet.getPointers()
org.apache.commons.jxpath.ri.compiler.CoreFunction.functionCount(EvalContext)	org.apache.commons.jxpath.ri.compiler.CoreFunction.assertArgCount(int)
org.apache.commons.jxpath.ri.model.beans.NullPropertyPointer.createPath(JXPathContext)	org.apache.commons.jxpath.ri.model.NodePointer.createChild(JXPathContext,QName,int)
org.apache.commons.jxpath.util.ValueUtils.setValue(Object,PropertyDescriptor,int,Object)	org.apache.commons.jxpath.util.ValueUtils.convert(Object,Class)
org.apache.commons.jxpath.ri.model.beans.BadlyImplementedFactoryTest.setUp()	org.apache.commons.jxpath.JXPathContext.newContext(Object)
org.apache.commons.jxpath.ri.model.XMLSpaceTest.doTest(String,String,String)	org.apache.commons.jxpath.JXPathContext.getValue(String)
org.apache.commons.jxpath.ri.axes.PredicateContext.nextNode()	org.apache.commons.jxpath.ri.InfoSetUtil.doubleValue(Object)
src\java\org\apache\commons\jxpath\ri\model\dom\DOMNodePointer.java::testNode(Node,NodeTest)	org.apache.commons.jxpath.ri.compiler.NodeNameTest.getNamespaceURI()
org.apache.commons.jxpath.ri.parser.XPathParserTokenManager.getNextToken()	org.apache.commons.jxpath.ri.parser.SimpleCharStream.BeginToken()
org.apache.commons.jxpath.ri.compiler.CoreFunction.functionContains(EvalContext)	org.apache.commons.jxpath.ri.compiler.CoreFunction.assertArgCount(int)
org.apache.commons.jxpath.ri.Parser.parseExpression(String,Compiler)	org.apache.commons.jxpath.ri.parser.XPathParser.ReInit(Reader)
org.apache.commons.jxpath.ri.model.dynamic.DynamicPropertyPointer.createPath(JXPathContext)	org.apache.commons.jxpath.DynamicPropertyHandler.setProperty(Object,String,Object)
org.apache.commons.jxpath.ri.model.VariablePointer.testNode(NodeTest)	org.apache.commons.jxpath.ri.model.NodePointer.testNode(NodeTest)
org.apache.commons.jxpath.ri.parser.XPathParser.jj_3R_36()	org.apache.commons.jxpath.ri.parser.XPathParser.jj_scan_token(int)
org.apache.commons.jxpath.ri.axes.NamespaceContext.nextNode()	org.apache.commons.jxpath.ri.model.NodeIterator.getNodePointer()
org.apache.commons.jxpath.ri.EvalContext.getJXPathContext()	org.apache.commons.jxpath.ri.EvalContext.getRootContext()
org.apache.commons.jxpath.ri.JXPathContextReferenceImpl.registerNamespace(String,String)	org.apache.commons.jxpath.ri.NamespaceResolver.registerNamespace(String,String)
org.apache.commons.jxpath.ri.compiler.CoreFunction.functionSum(EvalContext)	org.apache.commons.jxpath.ri.EvalContext.hasNext()
org.apache.commons.jxpath.ri.model.VariablePointer.createCollection(JXPathContext,int)	org.apache.commons.jxpath.ri.QName.toString()
org.apache.commons.jxpath.ri.model.jdom.JDOMNodePointer.asPath()	org.apache.commons.jxpath.ri.model.NodePointer.asPath()
org.apache.commons.jxpath.ri.compiler.CoreFunction.functionID(EvalContext)	org.apache.commons.jxpath.ri.compiler.Expression.computeValue(EvalContext)
org.apache.commons.jxpath.ri.EvalContext.next()	org.apache.commons.jxpath.ri.EvalContext.getCurrentNodePointer()
org.apache.commons.jxpath.ri.model.beans.NullPointer.createChild(JXPathContext,QName,int)	org.apache.commons.jxpath.ri.model.NodePointer.createChild(JXPathContext,QName,int)
org.apache.commons.jxpath.ri.parser.XPathParser.jj_3R_22()	org.apache.commons.jxpath.ri.parser.XPathParser.jj_3R_67()
org.apache.commons.jxpath.ri.parser.XPathParser.jj_3R_18()	org.apache.commons.jxpath.ri.parser.XPathParser.jj_3R_40()
org.apache.commons.jxpath.ri.model.BeanModelTestCase.testIteratePointerSetValue()	org.apache.commons.jxpath.Pointer.getValue()
org.apache.commons.jxpath.ri.axes.NamespaceContext.nextNode()	org.apache.commons.jxpath.ri.EvalContext.getCurrentPosition()
org.apache.commons.jxpath.ri.axes.SimplePathInterpreter.doStepPredicatesPropertyOwner(EvalContext,PropertyOwnerPointer,Step[],int)	org.apache.commons.jxpath.ri.compiler.Step.getPredicates()
org.apache.commons.jxpath.ri.parser.XPathParserTokenManager.jjMoveStringLiteralDfa14_0(long,long,long,long)	org.apache.commons.jxpath.ri.parser.XPathParserTokenManager.jjStartNfaWithStates_0(int,int,int)
org.apache.commons.jxpath.ri.compiler.VariableReference.computeValue(EvalContext)	org.apache.commons.jxpath.ri.axes.RootContext.getVariableContext(QName)
org.apache.commons.jxpath.ri.parser.SimpleCharStream.BeginToken()	org.apache.commons.jxpath.ri.parser.SimpleCharStream.readChar()
org.apache.commons.jxpath.ri.parser.XPathParser.jj_3R_122()	org.apache.commons.jxpath.ri.parser.XPathParser.jj_3R_121()
org.apache.commons.jxpath.ri.compiler.TreeCompiler.function(Object,Object[])	org.apache.commons.jxpath.ri.compiler.TreeCompiler.toExpressionArray(Object[])
org.apache.commons.jxpath.ri.model.beans.CollectionNodeIterator.prepare()	org.apache.commons.jxpath.ri.model.NodeIterator.getNodePointer()
org.apache.commons.jxpath.ri.model.dom.DOMNodePointer.createChild(JXPathContext,QName,int)	org.apache.commons.jxpath.ri.model.NodePointer.getAbstractFactory(JXPathContext)
org.apache.commons.jxpath.ri.model.dynamic.DynamicPropertiesModelTest.setUp()	org.apache.commons.jxpath.JXPathContext.newContext(Object)
org.apache.commons.jxpath.ClassFunctions.getFunction(String,String,Object[])	org.apache.commons.jxpath.util.MethodLookupUtils.lookupMethod(Class,String,Object[])
org.apache.commons.jxpath.ri.axes.SimplePathInterpreter.indexFromPredicate(EvalContext,Expression)	org.apache.commons.jxpath.ri.InfoSetUtil.doubleValue(Object)
org.apache.commons.jxpath.ri.compiler.TreeCompiler.isNameAttributeTest(Expression)	org.apache.commons.jxpath.ri.compiler.Path.getSteps()
org.apache.commons.jxpath.ri.model.dynamic.DynamicPointerFactory.createNodePointer(NodePointer,QName,Object)	org.apache.commons.jxpath.JXPathBeanInfo.isDynamic()
org.apache.commons.jxpath.JXPathIntrospector.getBeanInfo(Class)	org.apache.commons.jxpath.JXPathIntrospector.findDynamicBeanInfo(Class)
org.apache.commons.jxpath.ri.axes.AttributeContext.setPosition(int)	org.apache.commons.jxpath.ri.axes.AttributeContext.nextNode()
org.apache.commons.jxpath.ri.InfoSetUtil.booleanValue(Object)	org.apache.commons.jxpath.ri.model.NodePointer.isActual()
org.apache.commons.jxpath.ri.parser.XPathParser.UnaryExpr()	org.apache.commons.jxpath.ri.Compiler.minus(Object)
org.apache.commons.jxpath.ri.JXPathCompiledExpression.setValue(JXPathContext,Object)	org.apache.commons.jxpath.ri.JXPathContextReferenceImpl.setValue(String,Expression,Object)
src\java\org\apache\commons\jxpath\ri\model\dom\DOMAttributeIterator.java::testAttr(Attr)	org.apache.commons.jxpath.ri.model.NodePointer.getNamespaceURI(String)
org.apache.commons.jxpath.ri.axes.SimplePathInterpreter.keyFromPredicate(EvalContext,Expression)	org.apache.commons.jxpath.ri.compiler.NameAttributeTest.getNameTestExpression()
org.apache.commons.jxpath.ri.parser.XPathParserTokenManager.jjMoveStringLiteralDfa9_0(long,long,long,long)	org.apache.commons.jxpath.ri.parser.XPathParserTokenManager.jjStartNfa_0(int,long,long)
org.apache.commons.jxpath.ri.model.dom.DOMNodePointer.createAttribute(JXPathContext,QName)	org.apache.commons.jxpath.ri.model.dom.DOMNodePointer.attributeIterator(QName)
org.apache.commons.jxpath.ri.parser.XPathParser.jj_3R_112()	org.apache.commons.jxpath.ri.parser.XPathParser.jj_scan_token(int)
org.apache.commons.jxpath.ri.compiler.CoreFunctionTest.testIDFunction()	org.apache.commons.jxpath.JXPathContext.setIdentityManager(IdentityManager)
org.apache.commons.jxpath.ri.model.beans.CollectionPointer.testNode(NodeTest)	org.apache.commons.jxpath.ri.model.beans.CollectionPointer.getValuePointer()
org.apache.commons.jxpath.ri.compiler.CoreFunction.functionCount(EvalContext)	org.apache.commons.jxpath.ri.EvalContext.hasNext()
org.apache.commons.jxpath.ri.compiler.TestFunctions.nodeSet(ExpressionContext)	org.apache.commons.jxpath.BasicNodeSet.add(Pointer)
org.apache.commons.jxpath.JXPathTestCase.assertXPathValueType(JXPathContext,String,Class)	org.apache.commons.jxpath.JXPathContext.getValue(String)
org.apache.commons.jxpath.ri.compiler.VariableTest.setUp()	org.apache.commons.jxpath.Variables.declareVariable(String,Object)
org.apache.commons.jxpath.ri.compiler.CoreFunction.functionNamespaceURI(EvalContext)	org.apache.commons.jxpath.ri.compiler.CoreFunction.assertArgCount(int)
org.apache.commons.jxpath.ri.compiler.CoreFunction.functionSum(EvalContext)	org.apache.commons.jxpath.ri.compiler.CoreFunction.assertArgCount(int)
org.apache.commons.jxpath.ri.compiler.CoreOperationSubtract.computeValue(EvalContext)	org.apache.commons.jxpath.ri.compiler.Expression.computeValue(EvalContext)
org.apache.commons.jxpath.ri.model.dynamic.DynamicPropertyPointer.remove()	org.apache.commons.jxpath.ri.model.beans.PropertyPointer.isCollection()
org.apache.commons.jxpath.ri.compiler.Step.toString()	org.apache.commons.jxpath.ri.compiler.Step.getPredicates()
org.apache.commons.jxpath.ri.parser.XPathParser.jj_3R_107()	org.apache.commons.jxpath.ri.parser.XPathParser.jj_scan_token(int)
org.apache.commons.jxpath.ri.model.jdom.JDOMNodePointer.testNode(NodePointer,Object,NodeTest)	org.apache.commons.jxpath.ri.compiler.NodeNameTest.isWildcard()
org.apache.commons.jxpath.ri.JXPathContextReferenceImpl.getVariablePointer(QName)	org.apache.commons.jxpath.JXPathContext.getLocale()
org.apache.commons.jxpath.ri.parser.XPathParser.jj_scan_token(int)	org.apache.commons.jxpath.ri.parser.XPathParser.jj_add_error_token(int,int)
org.apache.commons.jxpath.servlet.JXPathServletContexts.getSessionContext(HttpSession,ServletContext)	org.apache.commons.jxpath.JXPathContextFactory.newContext(JXPathContext,Object)
org.apache.commons.jxpath.ri.axes.SimplePathInterpreter.indexFromPredicate(EvalContext,Expression)	org.apache.commons.jxpath.ri.model.NodePointer.getValue()
org.apache.commons.jxpath.ri.compiler.CoreFunctionTest.testExtendedKeyFunction()	org.apache.commons.jxpath.Variables.declareVariable(String,Object)
org.apache.commons.jxpath.ri.compiler.CoreOperationCompare.equal(EvalContext,Expression,Expression)	org.apache.commons.jxpath.ri.EvalContext.getSingleNodePointer()
org.apache.commons.jxpath.ri.model.dynabeans.DynaBeanPropertyPointer.setValue(Object)	org.apache.commons.jxpath.ri.model.dynabeans.DynaBeanPropertyPointer.setValue(int,Object)
src\java\org\apache\commons\jxpath\servlet\JXPathServletContexts.java::getPageContext(PageContext)	org.apache.commons.jxpath.JXPathContext.setVariables(Variables)
org.apache.commons.jxpath.PackageFunctions.getFunction(String,String,Object[])	org.apache.commons.jxpath.util.MethodLookupUtils.lookupStaticMethod(Class,String,Object[])
org.apache.commons.jxpath.ri.parser.XPathParser.jj_3R_98()	org.apache.commons.jxpath.ri.parser.XPathParser.jj_3R_15()
org.apache.commons.jxpath.ri.parser.XPathParser.jj_3R_48()	org.apache.commons.jxpath.ri.parser.XPathParser.jj_scan_token(int)
org.apache.commons.jxpath.ri.model.dynamic.DynamicPropertiesModelTest.testCollectionOfMaps()	org.apache.commons.jxpath.TestBean.getMap()
org.apache.commons.jxpath.ri.parser.XPathParser.NCName()	org.apache.commons.jxpath.ri.parser.XPathParser.NCName_Without_CoreFunctions()
org.apache.commons.jxpath.ri.axes.SimplePathInterpreterTest.testDoPredicatesStandard()	org.apache.commons.jxpath.ri.axes.SimplePathInterpreterTest.assertValueAndPointer(String,Object,String,String)
org.apache.commons.jxpath.ri.axes.SimplePathInterpreter.createNullPointer(EvalContext,NodePointer,Step[],int)	org.apache.commons.jxpath.ri.QName.toString()
org.apache.commons.jxpath.ri.compiler.CoreFunction.functionLang(EvalContext)	org.apache.commons.jxpath.ri.compiler.CoreFunction.assertArgCount(int)
org.apache.commons.jxpath.ri.model.beans.LangAttributePointer.getImmediateNode()	org.apache.commons.jxpath.ri.model.beans.LangAttributePointer.getBaseValue()
org.apache.commons.jxpath.ri.model.VariablePointer.attributeIterator(QName)	org.apache.commons.jxpath.ri.model.NodePointer.attributeIterator(QName)
org.apache.commons.jxpath.ri.parser.XPathParserTokenManager.jjMoveStringLiteralDfa17_0(long,long)	org.apache.commons.jxpath.ri.parser.XPathParserTokenManager.jjStartNfa_0(int,long,long)
org.apache.commons.jxpath.ri.axes.SimplePathInterpreter.isCollectionElement(NodePointer,int)	org.apache.commons.jxpath.ri.model.NodePointer.getLength()
org.apache.commons.jxpath.ri.parser.XPathParser.jj_3R_137()	org.apache.commons.jxpath.ri.parser.XPathParser.jj_3R_139()
org.apache.commons.jxpath.ri.model.beans.CollectionPointer.asPath()	org.apache.commons.jxpath.ri.model.NodePointer.getIndex()
org.apache.commons.jxpath.ri.parser.XPathParser.jj_3R_41()	org.apache.commons.jxpath.ri.parser.XPathParser.jj_scan_token(int)
org.apache.commons.jxpath.ri.parser.XPathParser.jj_3R_18()	org.apache.commons.jxpath.ri.parser.XPathParser.jj_3R_53()
org.apache.commons.jxpath.ri.compiler.ExpressionPath.expressionPath(EvalContext,boolean)	org.apache.commons.jxpath.ri.compiler.Path.getSingleNodePointerForSteps(EvalContext)
org.apache.commons.jxpath.ri.axes.ChildContext.setPosition(int)	org.apache.commons.jxpath.ri.EvalContext.setPosition(int)
org.apache.commons.jxpath.ri.model.MixedModelTest.testIteratePointersArray()	org.apache.commons.jxpath.Pointer.asPath()
org.apache.commons.jxpath.ri.compiler.CoreFunction.functionEndsWith(EvalContext)	org.apache.commons.jxpath.ri.InfoSetUtil.stringValue(Object)
org.apache.commons.jxpath.ri.axes.SimplePathInterpreterTest.testDoPredicateName()	org.apache.commons.jxpath.ri.axes.SimplePathInterpreterTest.assertNullPointer(String,String,String)
org.apache.commons.jxpath.ri.model.container.ContainerModelTest.testContainerRootWithCollection()	org.apache.commons.jxpath.JXPathContext.newContext(Object)
org.apache.commons.jxpath.ri.parser.XPathParser.AndExpr()	org.apache.commons.jxpath.ri.parser.XPathParser.jj_consume_token(int)
org.apache.commons.jxpath.ri.model.container.ContainerPointer.getImmediateNode()	org.apache.commons.jxpath.ri.model.container.ContainerPointer.getBaseValue()
org.apache.commons.jxpath.ri.model.jdom.JDOMNodePointer.asPath()	org.apache.commons.jxpath.ri.model.jdom.JDOMNodePointer.getRelativePositionOfElement()
org.apache.commons.jxpath.ri.parser.XPathParserTokenManager.jjMoveStringLiteralDfa2_0(long,long,long,long)	org.apache.commons.jxpath.ri.parser.SimpleCharStream.readChar()
org.apache.commons.jxpath.ri.compiler.CoreFunction.functionFloor(EvalContext)	org.apache.commons.jxpath.ri.InfoSetUtil.doubleValue(Object)
org.apache.commons.jxpath.ri.model.jdom.JDOMNodePointer.createAttribute(JXPathContext,QName)	org.apache.commons.jxpath.ri.NamespaceResolver.getNamespaceURI(String)
org.apache.commons.jxpath.ri.parser.XPathParserTokenManager.jjMoveStringLiteralDfa19_0(long,long)	org.apache.commons.jxpath.ri.parser.XPathParserTokenManager.jjStopStringLiteralDfa_0(int,long,long)
org.apache.commons.jxpath.ri.model.VariablePointer.hashCode()	org.apache.commons.jxpath.ri.QName.hashCode()
org.apache.commons.jxpath.ri.axes.AncestorContext.setPosition(int)	org.apache.commons.jxpath.ri.EvalContext.getCurrentPosition()
org.apache.commons.jxpath.ri.model.beans.CollectionPointer.createChild(JXPathContext,QName,int,Object)	org.apache.commons.jxpath.ri.model.NodePointer.setIndex(int)
org.apache.commons.jxpath.ri.model.beans.CollectionPointer.namespaceIterator()	org.apache.commons.jxpath.ri.model.NodePointer.namespaceIterator()
org.apache.commons.jxpath.ri.InfoSetUtil.stringValue(Object)	org.apache.commons.jxpath.ri.InfoSetUtil.stringValue(Object)
org.apache.commons.jxpath.ri.axes.PredicateContext.setPosition(int)	org.apache.commons.jxpath.ri.axes.PredicateContext.setPositionStandard(int)
org.apache.commons.jxpath.ri.model.beans.CollectionPointer.createPath(JXPathContext)	org.apache.commons.jxpath.util.ValueUtils.expandCollection(Object,int)
org.apache.commons.jxpath.ri.model.dynamic.DynamicPropertyPointer.remove()	org.apache.commons.jxpath.DynamicPropertyHandler.setProperty(Object,String,Object)
org.apache.commons.jxpath.ri.model.NodePointer.getRootNode()	org.apache.commons.jxpath.ri.model.NodePointer.getRootNode()
org.apache.commons.jxpath.servlet.JXPathServletContextTest.testPageContext()	org.apache.commons.jxpath.JXPathContext.setLenient(boolean)
org.apache.commons.jxpath.ri.JXPathCompiledExpression.getPointer(JXPathContext,String)	org.apache.commons.jxpath.ri.JXPathContextReferenceImpl.getPointer(String,Expression)
org.apache.commons.jxpath.ri.JXPathContextReferenceImpl.registerNamespace(String,String)	org.apache.commons.jxpath.ri.NamespaceResolver.clone()
org.apache.commons.jxpath.ri.compiler.CoreFunction.functionConcat(EvalContext)	org.apache.commons.jxpath.ri.compiler.Operation.getArguments()
org.apache.commons.jxpath.BasicNodeSet.add(Pointer)	org.apache.commons.jxpath.BasicNodeSet.clearCacheLists()
org.apache.commons.jxpath.ri.compiler.LocationPath.computeValue(EvalContext)	org.apache.commons.jxpath.ri.compiler.LocationPath.isAbsolute()
org.apache.commons.jxpath.ri.axes.NodeSetContext.getCurrentNodePointer()	org.apache.commons.jxpath.NodeSet.getPointers()
org.apache.commons.jxpath.XMLDocumentContainer.getValue()	org.apache.commons.jxpath.xml.DocumentContainer.getValue()
org.apache.commons.jxpath.ri.parser.XPathParser.jj_3R_90()	org.apache.commons.jxpath.ri.parser.XPathParser.jj_3R_105()
org.apache.commons.jxpath.util.BasicTypeConverterTest.testListToArray()	org.apache.commons.jxpath.util.BasicTypeConverterTest.assertConversion(Object,Class,Object)
org.apache.commons.jxpath.ri.model.beans.NullPropertyPointer.setValue(Object)	org.apache.commons.jxpath.ri.model.beans.PropertyOwnerPointer.getPropertyPointer()
org.apache.commons.jxpath.ri.parser.SimpleCharStream.FillBuff()	org.apache.commons.jxpath.ri.parser.SimpleCharStream.ExpandBuff(boolean)
org.apache.commons.jxpath.ri.axes.SimplePathInterpreter.createNullPointerForPredicates(EvalContext,NodePointer,Step[],int,Expression[],int)	org.apache.commons.jxpath.ri.model.NodePointer.setIndex(int)
org.apache.commons.jxpath.ri.model.beans.BeanPointerFactory.createNodePointer(NodePointer,QName,Object)	org.apache.commons.jxpath.JXPathIntrospector.getBeanInfo(Class)
org.apache.commons.jxpath.ri.compiler.VariableTest.testRemovePathUndeclareVariable()	org.apache.commons.jxpath.JXPathContext.removePath(String)
org.apache.commons.jxpath.ri.JXPathContextReferenceImpl.getPointer(String,Expression)	org.apache.commons.jxpath.ri.JXPathContextReferenceImpl.getEvalContext()
org.apache.commons.jxpath.ri.axes.SimplePathInterpreterTest.assertValueAndPointer(String,Object,String,String,String)	org.apache.commons.jxpath.JXPathContext.getPointer(String)
org.apache.commons.jxpath.ri.compiler.ExtensionFunctionTest.testBCNodeSetHack()	org.apache.commons.jxpath.util.TypeUtils.setTypeConverter(TypeConverter)
org.apache.commons.jxpath.ri.parser.XPathParser.jj_3R_53()	org.apache.commons.jxpath.ri.parser.XPathParser.jj_scan_token(int)
org.apache.commons.jxpath.ri.compiler.CoreFunction.functionStringLength(EvalContext)	org.apache.commons.jxpath.ri.compiler.CoreFunction.assertArgCount(int)
org.apache.commons.jxpath.ri.model.BeanModelTestCase.testRemoveAllArrayElements()	org.apache.commons.jxpath.JXPathContext.removeAll(String)
org.apache.commons.jxpath.ri.model.EmptyCollectionTest.testEmptySet()	org.apache.commons.jxpath.JXPathContext.newContext(Object)
org.apache.commons.jxpath.ri.model.XMLPreserveSpaceTest.doTest(String,String,String)	org.apache.commons.jxpath.JXPathContext.getValue(String)
org.apache.commons.jxpath.ri.compiler.Path.buildContextChain(EvalContext,int,boolean)	org.apache.commons.jxpath.ri.compiler.Step.getPredicates()
org.apache.commons.jxpath.ri.model.beans.CollectionNodeIterator.prepare()	org.apache.commons.jxpath.ri.model.NodePointer.getValuePointer()
org.apache.commons.jxpath.ri.parser.XPathParserTokenManager.getNextToken()	org.apache.commons.jxpath.ri.parser.XPathParserTokenManager.jjFillToken()
org.apache.commons.jxpath.ri.axes.SimplePathInterpreter.createNullPointer(EvalContext,NodePointer,Step[],int)	org.apache.commons.jxpath.ri.compiler.Step.getPredicates()
org.apache.commons.jxpath.ri.model.beans.NullPropertyPointer.createBadFactoryException(AbstractFactory)	org.apache.commons.jxpath.ri.model.beans.NullPropertyPointer.asPath()
org.apache.commons.jxpath.ri.axes.SimplePathInterpreter.doStepNoPredicatesPropertyOwner(EvalContext,PropertyOwnerPointer,Step[],int)	org.apache.commons.jxpath.ri.axes.SimplePathInterpreter.computeQuality(NodePointer)
org.apache.commons.jxpath.ri.parser.XPathParser.jj_3R_119()	org.apache.commons.jxpath.ri.parser.XPathParser.jj_scan_token(int)
org.apache.commons.jxpath.ri.parser.XPathParser.jj_3R_59()	org.apache.commons.jxpath.ri.parser.XPathParser.jj_3R_70()
org.apache.commons.jxpath.ri.axes.TestBeanWithNode.createTestBeanWithDOM()	org.apache.commons.jxpath.ri.axes.TestBeanWithNode.setObject(Object)
org.apache.commons.jxpath.ri.model.dynamic.DynamicPropertyPointer.setPropertyName(String)	org.apache.commons.jxpath.ri.model.dynamic.DynamicPropertyPointer.setPropertyIndex(int)
org.apache.commons.jxpath.ri.model.XMLModelTestCase.testAxisChild()	org.apache.commons.jxpath.JXPathContext.setLenient(boolean)
org.apache.commons.jxpath.ri.compiler.CoreFunction.functionCount(EvalContext)	org.apache.commons.jxpath.ri.EvalContext.next()
org.apache.commons.jxpath.ri.parser.XPathParser.jj_3R_100()	org.apache.commons.jxpath.ri.parser.XPathParser.jj_scan_token(int)
org.apache.commons.jxpath.ri.model.BeanModelTestCase.testMultiple(int,int,boolean,boolean,int)	org.apache.commons.jxpath.ri.model.beans.PropertyOwnerPointer.getPropertyPointer()
org.apache.commons.jxpath.ri.compiler.Path.searchForPath(EvalContext)	org.apache.commons.jxpath.ri.compiler.Path.buildContextChain(EvalContext,int,boolean)
org.apache.commons.jxpath.ri.model.dynamic.DynamicPointerFactory.createNodePointer(QName,Object,Locale)	org.apache.commons.jxpath.JXPathIntrospector.getBeanInfo(Class)
org.apache.commons.jxpath.ri.parser.XPathParserTokenManager.jjMoveStringLiteralDfa15_0(long,long,long,long)	org.apache.commons.jxpath.ri.parser.XPathParserTokenManager.jjStartNfaWithStates_0(int,int,int)
org.apache.commons.jxpath.ri.compiler.CoreFunction.functionSum(EvalContext)	org.apache.commons.jxpath.ri.InfoSetUtil.doubleValue(Object)
org.apache.commons.jxpath.ri.parser.XPathParser.FilterExpr()	org.apache.commons.jxpath.ri.parser.XPathParser.LocationStep(ArrayList)
org.apache.commons.jxpath.ri.parser.XPathParser.jj_3R_16()	org.apache.commons.jxpath.ri.parser.XPathParser.jj_scan_token(int)
org.apache.commons.jxpath.ri.JXPathContextReferenceImpl.getRelativeContext(Pointer)	org.apache.commons.jxpath.Pointer.getNode()
org.apache.commons.jxpath.ri.parser.XPathParser.jj_3R_120()	org.apache.commons.jxpath.ri.parser.XPathParser.jj_scan_token(int)
org.apache.commons.jxpath.ri.compiler.CoreFunction.functionCount(EvalContext)	org.apache.commons.jxpath.ri.compiler.Expression.compute(EvalContext)
org.apache.commons.jxpath.ri.axes.RootContext.toString()	org.apache.commons.jxpath.ri.EvalContext.toString()
org.apache.commons.jxpath.ri.model.dynamic.DynamicPropertyPointer.asPath()	org.apache.commons.jxpath.ri.model.dynamic.DynamicPropertyPointer.getPropertyName()
org.apache.commons.jxpath.ri.model.NodePointer.asPath()	org.apache.commons.jxpath.ri.model.NodePointer.isContainer()
org.apache.commons.jxpath.ri.JXPathContextReferenceImpl.removeAll(String,Expression)	org.apache.commons.jxpath.ri.model.NodePointer.remove()
org.apache.commons.jxpath.ri.compiler.CoreFunction.functionStringLength(EvalContext)	org.apache.commons.jxpath.ri.InfoSetUtil.stringValue(Object)
org.apache.commons.jxpath.ri.parser.XPathParser.OrExpr()	org.apache.commons.jxpath.ri.parser.XPathParser.jj_consume_token(int)
org.apache.commons.jxpath.ri.compiler.VariableTest.testInvalidVariableName()	org.apache.commons.jxpath.JXPathContext.getValue(String)
org.apache.commons.jxpath.ri.model.dynamic.DynamicPropertyPointer.getImmediateNode()	org.apache.commons.jxpath.ri.model.beans.PropertyPointer.getBean()
org.apache.commons.jxpath.JXPathContext.isLenient()	org.apache.commons.jxpath.JXPathContext.isLenient()
org.apache.commons.jxpath.ri.parser.XPathParserTokenManager.jjMoveStringLiteralDfa18_0(long,long)	org.apache.commons.jxpath.ri.parser.XPathParserTokenManager.jjStopStringLiteralDfa_0(int,long,long)
org.apache.commons.jxpath.ri.model.dom.DOMNodePointer.getNamespaceResolver()	org.apache.commons.jxpath.ri.model.NodePointer.getNamespaceResolver()
org.apache.commons.jxpath.functions.ConstructorFunction.invoke(ExpressionContext,Object[])	org.apache.commons.jxpath.util.TypeUtils.convert(Object,Class)
org.apache.commons.jxpath.ri.axes.RootContext.getFunction(QName,Object[])	org.apache.commons.jxpath.ri.JXPathContextReferenceImpl.getFunction(QName,Object[])
org.apache.commons.jxpath.ri.JXPathContextReferenceImpl.getFunction(QName,Object[])	org.apache.commons.jxpath.ri.QName.getPrefix()
org.apache.commons.jxpath.ri.parser.XPathParserTokenManager.getNextToken()	org.apache.commons.jxpath.ri.parser.SimpleCharStream.backup(int)
org.apache.commons.jxpath.ri.parser.XPathParser.generateParseException()	org.apache.commons.jxpath.ri.parser.XPathParser.jj_add_error_token(int,int)
org.apache.commons.jxpath.ri.axes.SimplePathInterpreter.createChildPointerForStep(PropertyOwnerPointer,Step)	org.apache.commons.jxpath.ri.model.beans.PropertyPointer.setPropertyName(String)
org.apache.commons.jxpath.ri.parser.XPathParser.jj_3R_97()	org.apache.commons.jxpath.ri.parser.XPathParser.jj_scan_token(int)
org.apache.commons.jxpath.util.ValueUtils.getIndexedPropertyLength(Object,IndexedPropertyDescriptor)	org.apache.commons.jxpath.util.ValueUtils.getValue(Object,PropertyDescriptor)
org.apache.commons.jxpath.ri.JXPathContextReferenceImpl.getValue(String,Expression,Class)	org.apache.commons.jxpath.util.TypeUtils.convert(Object,Class)
org.apache.commons.jxpath.ri.model.MixedModelTest.testIterateVector()	org.apache.commons.jxpath.JXPathContext.newContext(Object)
org.apache.commons.jxpath.ri.model.TestMixedModelFactory.createObject(JXPathContext,Pointer,Object,String,int)	org.apache.commons.jxpath.TestMixedModelBean.setMatrix(int[][])
org.apache.commons.jxpath.ri.compiler.CoreFunction.functionNormalizeSpace(EvalContext)	org.apache.commons.jxpath.ri.InfoSetUtil.stringValue(Object)
org.apache.commons.jxpath.ri.parser.XPathParser.jj_3R_18()	org.apache.commons.jxpath.ri.parser.XPathParser.jj_3R_44()
org.apache.commons.jxpath.ri.axes.SimplePathInterpreter.createNullPointer(EvalContext,NodePointer,Step[],int)	org.apache.commons.jxpath.ri.model.beans.NullPropertyPointer.setPropertyName(String)
org.apache.commons.jxpath.ri.axes.UnionContext.setPosition(int)	org.apache.commons.jxpath.ri.axes.NodeSetContext.setPosition(int)
org.apache.commons.jxpath.ri.compiler.CoreFunction.functionString(EvalContext)	org.apache.commons.jxpath.ri.compiler.CoreFunction.assertArgCount(int)
org.apache.commons.jxpath.ri.compiler.CoreFunction.functionID(EvalContext)	org.apache.commons.jxpath.ri.compiler.CoreFunction.assertArgCount(int)
org.apache.commons.jxpath.ri.compiler.ExtensionFunctionTest.testMethodLookupWithExpressionContext()	org.apache.commons.jxpath.Functions.getFunction(String,String,Object[])
org.apache.commons.jxpath.ri.axes.SimplePathInterpreter.doPredicateIndex(EvalContext,NodePointer,Step[],int,Expression[],int)	org.apache.commons.jxpath.ri.axes.SimplePathInterpreter.indexFromPredicate(EvalContext,Expression)
org.apache.commons.jxpath.ri.model.dynamic.DynamicPropertyPointer.createPath(JXPathContext,Object)	org.apache.commons.jxpath.ri.model.dynamic.DynamicPropertyPointer.getBaseValue()
org.apache.commons.jxpath.ri.compiler.CoreFunction.functionBoolean(EvalContext)	org.apache.commons.jxpath.ri.compiler.CoreFunction.getArg1()
org.apache.commons.jxpath.ri.model.dynamic.DynamicAttributeIterator.prepareForIndividualProperty(String)	org.apache.commons.jxpath.ri.model.dynamic.DynamicPropertyPointer.setPropertyName(String)
org.apache.commons.jxpath.ri.parser.XPathParserTokenManager.getNextToken()	org.apache.commons.jxpath.ri.parser.XPathParserTokenManager.jjMoveStringLiteralDfa0_0()
org.apache.commons.jxpath.ri.model.container.ContainerPointer.testNode(NodeTest)	org.apache.commons.jxpath.ri.model.NodePointer.testNode(NodeTest)
org.apache.commons.jxpath.ri.model.beans.PropertyOwnerPointer.setIndex(int)	org.apache.commons.jxpath.ri.model.NodePointer.setIndex(int)
org.apache.commons.jxpath.ri.JXPathContextReferenceImpl.iteratePointers(String,Expression)	org.apache.commons.jxpath.ri.JXPathContextReferenceImpl.getEvalContext()
org.apache.commons.jxpath.ri.compiler.ExpressionPath.computeContextDependent()	org.apache.commons.jxpath.ri.compiler.Expression.isContextDependent()
org.apache.commons.jxpath.JXPathTestCase.assertXPathPointerLenient(JXPathContext,String,String)	org.apache.commons.jxpath.JXPathContext.getPointer(String)
org.apache.commons.jxpath.ri.axes.SelfContext.setPosition(int)	org.apache.commons.jxpath.ri.EvalContext.getCurrentNodePointer()
org.apache.commons.jxpath.ri.model.beans.BeanPropertyPointer.setValue(Object)	org.apache.commons.jxpath.ri.model.NodePointer.asPath()
org.apache.commons.jxpath.ri.compiler.CoreOperation.toString()	org.apache.commons.jxpath.ri.compiler.CoreOperation.getSymbol()
org.apache.commons.jxpath.ri.parser.XPathParser.jj_3R_18()	org.apache.commons.jxpath.ri.parser.XPathParser.jj_3R_31()
org.apache.commons.jxpath.ri.model.XMLModelTestCase.testRemovePath()	org.apache.commons.jxpath.JXPathContext.getValue(String)
org.apache.commons.jxpath.ri.model.beans.PropertyOwnerPointer.childIterator(NodeTest,boolean,NodePointer)	org.apache.commons.jxpath.ri.compiler.NodeTypeTest.getNodeType()
org.apache.commons.jxpath.ri.parser.XPathParser.jj_3R_85()	org.apache.commons.jxpath.ri.parser.XPathParser.jj_scan_token(int)
org.apache.commons.jxpath.ri.compiler.CoreFunction.functionID(EvalContext)	org.apache.commons.jxpath.ri.EvalContext.getJXPathContext()
org.apache.commons.jxpath.ri.parser.XPathParserTokenManager.jjFillToken()	org.apache.commons.jxpath.ri.parser.SimpleCharStream.getBeginLine()
org.apache.commons.jxpath.ri.compiler.LocationPath.toString()	org.apache.commons.jxpath.ri.compiler.Path.getSteps()
org.apache.commons.jxpath.ri.model.beans.PropertyPointer.createChild(JXPathContext,QName,int)	org.apache.commons.jxpath.ri.model.beans.PropertyPointer.createPath(JXPathContext)
org.apache.commons.jxpath.ri.EvalContext.getSingleNodePointer()	org.apache.commons.jxpath.ri.EvalContext.nextNode()
org.apache.commons.jxpath.ri.model.container.ContainerPointer.testNode(NodeTest)	org.apache.commons.jxpath.ri.model.NodePointer.getValuePointer()
org.apache.commons.jxpath.ri.parser.XPathParser.jj_3R_28()	org.apache.commons.jxpath.ri.parser.XPathParser.jj_scan_token(int)
org.apache.commons.jxpath.ri.parser.XPathParser.jj_3R_78()	org.apache.commons.jxpath.ri.parser.XPathParser.jj_3R_15()
org.apache.commons.jxpath.ri.axes.RootContext.getAbsoluteRootContext()	org.apache.commons.jxpath.ri.JXPathContextReferenceImpl.getAbsoluteRootContext()
org.apache.commons.jxpath.ri.compiler.CoreFunction.functionFormatNumber(EvalContext)	org.apache.commons.jxpath.ri.InfoSetUtil.doubleValue(Object)
org.apache.commons.jxpath.ri.model.dom.TestDOMFactory.createObject(JXPathContext,Pointer,Object,String,int)	org.apache.commons.jxpath.JXPathContext.getNamespaceURI(String)
org.apache.commons.jxpath.ri.model.beans.PropertyPointer.createPath(JXPathContext)	org.apache.commons.jxpath.ri.model.beans.PropertyPointer.getBean()
org.apache.commons.jxpath.ri.model.NodePointer.printDeep(NodePointer,String)	org.apache.commons.jxpath.ri.model.NodePointer.getImmediateParentPointer()
org.apache.commons.jxpath.ri.parser.XPathParser.NodeTest(ArrayList)	org.apache.commons.jxpath.ri.parser.XPathParser.Predicate()
org.apache.commons.jxpath.ri.JXPathContextReferenceImpl.getValue(String,Expression)	org.apache.commons.jxpath.ri.EvalContext.getSingleNodePointer()
org.apache.commons.jxpath.ri.compiler.Path.buildContextChain(EvalContext,int,boolean)	org.apache.commons.jxpath.ri.compiler.Step.getNodeTest()
org.apache.commons.jxpath.ri.model.dynamic.DynamicAttributeIterator.prepareForIndividualProperty(String)	org.apache.commons.jxpath.ri.model.beans.PropertyIterator.getPropertyPointer()
org.apache.commons.jxpath.ri.model.BeanModelTestCase.testIndividual(int,int,boolean,boolean,int)	org.apache.commons.jxpath.ri.model.beans.PropertyOwnerPointer.childIterator(NodeTest,boolean,NodePointer)
org.apache.commons.jxpath.ri.model.jdom.JDOMNodePointer.testNode(NodePointer,Object,NodeTest)	org.apache.commons.jxpath.ri.model.jdom.JDOMNodePointer.equalStrings(String,String)
org.apache.commons.jxpath.util.JXPath11CompatibleTypeConverter.canConvert(Object,Class)	org.apache.commons.jxpath.util.BasicTypeConverter.canConvert(Object,Class)
org.apache.commons.jxpath.ri.axes.SimplePathInterpreter.doStep(EvalContext,NodePointer,Step[],int)	org.apache.commons.jxpath.ri.axes.SimplePathInterpreter.valuePointer(NodePointer)
org.apache.commons.jxpath.ri.parser.XPathParser.jj_3R_132()	org.apache.commons.jxpath.ri.parser.XPathParser.jj_scan_token(int)
org.apache.commons.jxpath.ri.axes.SimplePathInterpreter.createNullPointer(EvalContext,NodePointer,Step[],int)	org.apache.commons.jxpath.ri.compiler.NodeNameTest.getNodeName()
org.apache.commons.jxpath.ri.JXPathCompiledExpression.removePath(JXPathContext)	org.apache.commons.jxpath.ri.JXPathContextReferenceImpl.removePath(String,Expression)
org.apache.commons.jxpath.ri.model.NodePointer.attributeIterator(QName)	org.apache.commons.jxpath.ri.model.NodePointer.attributeIterator(QName)
org.apache.commons.jxpath.ri.compiler.TestFunctions.instancePath(ExpressionContext)	org.apache.commons.jxpath.ExpressionContext.getContextNodePointer()
org.apache.commons.jxpath.ri.compiler.CoreOperationRelationalExpression.compute(Object,Object)	org.apache.commons.jxpath.ri.compiler.CoreOperationRelationalExpression.findMatch(Iterator,Iterator)
org.apache.commons.jxpath.ri.axes.SimplePathInterpreter.doStepPredicatesStandard(EvalContext,NodePointer,Step[],int)	org.apache.commons.jxpath.ri.axes.SimplePathInterpreter.keyFromPredicate(EvalContext,Expression)
org.apache.commons.jxpath.ri.axes.UnionContext.setPosition(int)	org.apache.commons.jxpath.BasicNodeSet.add(Pointer)
org.apache.commons.jxpath.ri.model.XMLModelTestCase.testNamespaceMapping()	org.apache.commons.jxpath.JXPathContext.newContext(JXPathContext,Object)
org.apache.commons.jxpath.ri.model.NodePointer.handle(Throwable,NodePointer)	org.apache.commons.jxpath.ri.model.NodePointer.handle(Throwable,NodePointer)
org.apache.commons.jxpath.ri.model.dynamic.DynamicPropertyPointer.asPath()	org.apache.commons.jxpath.ri.model.NodePointer.escape(String)
org.apache.commons.jxpath.ri.parser.XPathParser.jj_3R_125()	org.apache.commons.jxpath.ri.parser.XPathParser.jj_3R_117()
org.apache.commons.jxpath.ri.axes.SimplePathInterpreterTest.setUp()	org.apache.commons.jxpath.ri.axes.TestBeanWithNode.getVendor()
org.apache.commons.jxpath.ri.parser.XPathParser.AdditiveExpr()	org.apache.commons.jxpath.ri.parser.XPathParser.jj_consume_token(int)
org.apache.commons.jxpath.util.BasicTypeConverter.canConvert(Object,Class)	org.apache.commons.jxpath.util.BasicTypeConverter.canConvert(Object,Class)
org.apache.commons.jxpath.ri.axes.SimplePathInterpreter.createNullPointer(EvalContext,NodePointer,Step[],int)	org.apache.commons.jxpath.ri.compiler.Step.getNodeTest()
org.apache.commons.jxpath.ri.model.container.ContainerPointer.getNamespaceURI(String)	org.apache.commons.jxpath.ri.model.NodePointer.getNamespaceURI(String)
org.apache.commons.jxpath.ri.compiler.TestFunctions.pathWithSuffix(ExpressionContext,String)	org.apache.commons.jxpath.Pointer.asPath()
org.apache.commons.jxpath.ri.parser.XPathParserTokenManager.jjMoveStringLiteralDfa21_0(long,long)	org.apache.commons.jxpath.ri.parser.XPathParserTokenManager.jjStopStringLiteralDfa_0(int,long,long)
org.apache.commons.jxpath.ri.parser.XPathParser.OrExpr()	org.apache.commons.jxpath.ri.parser.XPathParser.AndExpr()
org.apache.commons.jxpath.ri.compiler.Path.createContextForStep(EvalContext,int,NodeTest)	org.apache.commons.jxpath.ri.QName.getPrefix()
org.apache.commons.jxpath.ri.model.beans.PropertyIterator.prepareForIndividualProperty(String)	org.apache.commons.jxpath.ri.model.beans.PropertyPointer.getPropertyNames()
org.apache.commons.jxpath.ri.model.beans.PropertyIterator.getNodePointer()	org.apache.commons.jxpath.ri.model.beans.NullPropertyPointer.getValuePointer()
org.apache.commons.jxpath.ri.model.beans.PropertyPointer.equals(Object)	org.apache.commons.jxpath.ri.model.beans.PropertyPointer.getPropertyIndex()
org.apache.commons.jxpath.util.ClassLoaderUtil.getClass(ClassLoader,String)	org.apache.commons.jxpath.util.ClassLoaderUtil.getClass(ClassLoader,String,boolean)
org.apache.commons.jxpath.ri.model.MixedModelTest.setUp()	org.apache.commons.jxpath.TestMixedModelBean.getBean()
org.apache.commons.jxpath.JXPathContext.getPointerByID(String)	org.apache.commons.jxpath.JXPathContext.getIdentityManager()
org.apache.commons.jxpath.JXPathContext.getNodeSetByKey(String,Object)	org.apache.commons.jxpath.util.KeyManagerUtils.getExtendedKeyManager(KeyManager)
org.apache.commons.jxpath.ri.compiler.ExtensionFunctionTest.testConstructorLookup()	org.apache.commons.jxpath.Function.invoke(ExpressionContext,Object[])
org.apache.commons.jxpath.ri.compiler.ExtensionFunctionTest.testMethodLookup()	org.apache.commons.jxpath.Function.invoke(ExpressionContext,Object[])
org.apache.commons.jxpath.ri.model.beans.PropertyPointer.getImmediateValuePointer()	org.apache.commons.jxpath.ri.model.NodePointer.newChildNodePointer(NodePointer,QName,Object)
org.apache.commons.jxpath.ri.axes.SimplePathInterpreter.doStepPredicatesPropertyOwner(EvalContext,PropertyOwnerPointer,Step[],int)	org.apache.commons.jxpath.ri.axes.SimplePathInterpreter.createChildPointerForStep(PropertyOwnerPointer,Step)
org.apache.commons.jxpath.ri.parser.XPathParser.jj_3R_140()	org.apache.commons.jxpath.ri.parser.XPathParser.jj_3R_142()
org.apache.commons.jxpath.ri.model.dynamic.DynamicPropertiesModelTest.testCreatePathCollectionElement()	org.apache.commons.jxpath.TestBean.setMap(Map)
org.apache.commons.jxpath.ri.parser.XPathParser.jj_3R_32()	org.apache.commons.jxpath.ri.parser.XPathParser.jj_scan_token(int)
org.apache.commons.jxpath.ri.parser.XPathParser.jj_consume_token(int)	org.apache.commons.jxpath.ri.parser.XPathParserTokenManager.getNextToken()
org.apache.commons.jxpath.ri.compiler.CoreFunction.functionSum(EvalContext)	org.apache.commons.jxpath.ri.EvalContext.next()
org.apache.commons.jxpath.ri.InfoSetUtil.number(Object)	org.apache.commons.jxpath.ri.EvalContext.getSingleNodePointer()
org.apache.commons.jxpath.ri.model.NodePointer.isActual()	org.apache.commons.jxpath.ri.model.NodePointer.getLength()
org.apache.commons.jxpath.ri.compiler.ExtensionFunctionTest.testCollectionReturn()	org.apache.commons.jxpath.JXPathContext.getValue(String)
org.apache.commons.jxpath.ri.model.beans.CollectionPointer.getValuePointer()	org.apache.commons.jxpath.ri.model.NodePointer.newChildNodePointer(NodePointer,QName,Object)
org.apache.commons.jxpath.ri.parser.XPathParser.jj_3R_135()	org.apache.commons.jxpath.ri.parser.XPathParser.jj_3R_129()
org.apache.commons.jxpath.ri.model.VariablePointer.createChild(JXPathContext,QName,int)	org.apache.commons.jxpath.ri.model.VariablePointer.asPath()
org.apache.commons.jxpath.ri.model.beans.NullPropertyPointer.createPath(JXPathContext)	org.apache.commons.jxpath.ri.model.NodePointer.createPath(JXPathContext)
org.apache.commons.jxpath.ri.model.NodePointer.createPath(JXPathContext,Object)	org.apache.commons.jxpath.ri.model.NodePointer.setValue(Object)
org.apache.commons.jxpath.ri.model.container.ContainerPointer.compareChildNodePointers(NodePointer,NodePointer)	org.apache.commons.jxpath.ri.model.NodePointer.getIndex()
org.apache.commons.jxpath.JXPathTestCase.assertXPathNodeType(JXPathContext,String,Class)	org.apache.commons.jxpath.JXPathContext.setLenient(boolean)
org.apache.commons.jxpath.ri.compiler.NodeNameTest.isWildcard()	org.apache.commons.jxpath.ri.QName.getName()
org.apache.commons.jxpath.ri.model.container.ContainerModelTest.testContainerRootWithCollection()	org.apache.commons.jxpath.ri.model.container.ContainerModelTest.ArrayContainer.getValue()
org.apache.commons.jxpath.ri.model.dynamic.DynamicPropertyPointer.getPropertyName()	org.apache.commons.jxpath.ri.model.dynamic.DynamicPropertyPointer.getPropertyNames()
org.apache.commons.jxpath.ri.compiler.CoreFunctionTest.Anonymous-40983bd8-936b-42e7-b7e3-578aa31a1394.getNodeSetByKey(JXPathContext,String,Object)	org.apache.commons.jxpath.ri.model.NodePointer.newNodePointer(QName,Object,Locale)
org.apache.commons.jxpath.ri.model.beans.BadlyImplementedFactoryTest.setUp()	org.apache.commons.jxpath.JXPathContext.setFactory(AbstractFactory)
org.apache.commons.jxpath.ri.compiler.CoreFunction.computeValue(EvalContext)	org.apache.commons.jxpath.ri.compiler.CoreFunction.functionStringLength(EvalContext)
org.apache.commons.jxpath.ri.model.MixedModelTest.testMatrix()	org.apache.commons.jxpath.JXPathContext.setValue(String,Object)
org.apache.commons.jxpath.ri.compiler.ExtensionFunctionTest.testStaticMethodLookup()	org.apache.commons.jxpath.Functions.getFunction(String,String,Object[])
org.apache.commons.jxpath.ri.model.dynamic.DynamicPropertyPointer.getImmediateNode()	org.apache.commons.jxpath.ri.model.dynamic.DynamicPropertyPointer.getPropertyName()
org.apache.commons.jxpath.ri.axes.PredicateContext.getCurrentNodePointer()	org.apache.commons.jxpath.ri.axes.PredicateContext.setPosition(int)
org.apache.commons.jxpath.ri.model.jdom.JDOMNodePointer.compareChildNodePointers(NodePointer,NodePointer)	org.apache.commons.jxpath.ri.model.NodePointer.getNode()
org.apache.commons.jxpath.ri.parser.XPathParser.jj_3R_147()	org.apache.commons.jxpath.ri.parser.XPathParser.jj_3R_22()
org.apache.commons.jxpath.ri.compiler.ExtensionFunctionTest.testCollectionMethodCall()	org.apache.commons.jxpath.Variables.declareVariable(String,Object)
org.apache.commons.jxpath.ri.model.TestMixedModelFactory.createObject(JXPathContext,Pointer,Object,String,int)	org.apache.commons.jxpath.TestBean.setNestedBean(NestedTestBean)
org.apache.commons.jxpath.ri.parser.XPathParser.LocationStep(ArrayList)	org.apache.commons.jxpath.ri.Compiler.step(int,Object,Object[])
org.apache.commons.jxpath.ri.parser.XPathParserTokenManager.jjMoveStringLiteralDfa13_0(long,long,long,long)	org.apache.commons.jxpath.ri.parser.XPathParserTokenManager.jjMoveStringLiteralDfa14_0(long,long,long,long)
org.apache.commons.jxpath.ri.model.dynamic.DynamicPropertiesModelTest.testAttributeName()	org.apache.commons.jxpath.JXPathContext.getValue(String)
org.apache.commons.jxpath.ri.model.dynamic.DynamicPropertiesModelTest.testRemovePathArrayElement()	org.apache.commons.jxpath.JXPathContext.removePath(String)
org.apache.commons.jxpath.ri.model.container.ContainerPointer.childIterator(NodeTest,boolean,NodePointer)	org.apache.commons.jxpath.ri.model.NodePointer.getValuePointer()
org.apache.commons.jxpath.ri.parser.XPathParser.jj_3R_148()	org.apache.commons.jxpath.ri.parser.XPathParser.jj_3R_150()
org.apache.commons.jxpath.ri.model.beans.PropertyPointer.createPath(JXPathContext,Object)	org.apache.commons.jxpath.ri.model.beans.PropertyPointer.createPath(JXPathContext)
org.apache.commons.jxpath.ri.parser.XPathParser.jj_3R_129()	org.apache.commons.jxpath.ri.parser.XPathParser.jj_3R_131()
org.apache.commons.jxpath.ri.parser.XPathParserTokenManager.jjMoveStringLiteralDfa6_0(long,long,long,long)	org.apache.commons.jxpath.ri.parser.XPathParserTokenManager.jjStopAtPos(int,int)
org.apache.commons.jxpath.ri.model.dynamic.DynamicPropertiesModelTest.testCreatePathCollectionElement()	org.apache.commons.jxpath.JXPathContext.getContextBean()
org.apache.commons.jxpath.ri.axes.SimplePathInterpreter.doPredicateName(EvalContext,NodePointer,Step[],int,Expression[],int)	org.apache.commons.jxpath.ri.model.beans.PropertyOwnerPointer.getPropertyPointer()
org.apache.commons.jxpath.ri.parser.XPathParser.QName_Without_CoreFunctions()	org.apache.commons.jxpath.ri.parser.XPathParser.NCName()
org.apache.commons.jxpath.util.BasicTypeConverter.convertStringToPrimitive(Object,Class)	org.apache.commons.jxpath.util.TypeUtils.wrapPrimitive(Class)
org.apache.commons.jxpath.ri.parser.XPathParser.NodeTest(ArrayList)	org.apache.commons.jxpath.ri.parser.XPathParser.NodeType()
org.apache.commons.jxpath.ri.model.MixedModelTest.setUp()	org.apache.commons.jxpath.JXPathContext.setFactory(AbstractFactory)
org.apache.commons.jxpath.ri.model.dynamic.DynamicPropertyPointer.getPropertyNames()	org.apache.commons.jxpath.ri.model.beans.PropertyPointer.getBean()
org.apache.commons.jxpath.ri.compiler.VariableTest.setUp()	org.apache.commons.jxpath.JXPathContext.newContext(Object)
org.apache.commons.jxpath.ri.parser.XPathParser.jj_3R_90()	org.apache.commons.jxpath.ri.parser.XPathParser.jj_3R_109()
org.apache.commons.jxpath.ri.InfoSetUtil.booleanValue(Object)	org.apache.commons.jxpath.ri.model.NodePointer.getNode()
org.apache.commons.jxpath.ri.model.beans.PropertyPointer.createPath(JXPathContext)	org.apache.commons.jxpath.ri.model.beans.PropertyPointer.getPropertyName()
org.apache.commons.jxpath.ri.compiler.CoreFunction.functionStringLength(EvalContext)	org.apache.commons.jxpath.ri.compiler.CoreFunction.getArgumentCount()
org.apache.commons.jxpath.ri.parser.XPathParserTokenManager.jjMoveStringLiteralDfa2_0(long,long,long,long)	org.apache.commons.jxpath.ri.parser.XPathParserTokenManager.jjStopStringLiteralDfa_0(int,long,long)
org.apache.commons.jxpath.ri.parser.XPathParserTokenManager.jjMoveStringLiteralDfa0_0()	org.apache.commons.jxpath.ri.parser.XPathParserTokenManager.jjStopAtPos(int,int)
org.apache.commons.jxpath.ri.model.NodePointer.getNode()	org.apache.commons.jxpath.ri.model.NodePointer.getValuePointer()
org.apache.commons.jxpath.ri.parser.XPathParser.jj_3R_71()	org.apache.commons.jxpath.ri.parser.XPathParser.jj_3R_18()
org.apache.commons.jxpath.ri.axes.NamespaceContext.nextNode()	org.apache.commons.jxpath.ri.EvalContext.getCurrentNodePointer()
org.apache.commons.jxpath.ri.parser.XPathParserTokenManager.jjMoveStringLiteralDfa7_0(long,long,long,long)	org.apache.commons.jxpath.ri.parser.XPathParserTokenManager.jjStartNfa_0(int,long,long)
org.apache.commons.jxpath.ri.parser.XPathParser.jj_3R_18()	org.apache.commons.jxpath.ri.parser.XPathParser.jj_3R_45()
org.apache.commons.jxpath.servlet.HttpSessionHandler.collectPropertyNames(HashSet,Object)	org.apache.commons.jxpath.servlet.HttpSessionAndServletContext.getSession()
org.apache.commons.jxpath.ri.compiler.CoreFunction.functionID(EvalContext)	org.apache.commons.jxpath.ri.InfoSetUtil.stringValue(Object)
org.apache.commons.jxpath.ri.parser.XPathParser.jj_3R_44()	org.apache.commons.jxpath.ri.parser.XPathParser.jj_scan_token(int)
org.apache.commons.jxpath.ri.axes.AttributeContext.nextNode()	org.apache.commons.jxpath.ri.EvalContext.getCurrentPosition()
org.apache.commons.jxpath.JXPathContext.getLocale()	org.apache.commons.jxpath.JXPathContext.getLocale()
org.apache.commons.jxpath.ri.model.dom.DOMNodeIterator.getNodePointer()	org.apache.commons.jxpath.ri.model.dom.DOMNodeIterator.setPosition(int)
org.apache.commons.jxpath.ri.model.jdom.JDOMNodePointer.testNode(NodePointer,Object,NodeTest)	org.apache.commons.jxpath.ri.compiler.NodeNameTest.getNamespaceURI()
org.apache.commons.jxpath.ri.model.XMLModelTestCase.testID()	org.apache.commons.jxpath.JXPathContext.setIdentityManager(IdentityManager)
org.apache.commons.jxpath.ri.JXPathContextReferenceImpl.getPointer(String,Expression)	org.apache.commons.jxpath.ri.EvalContext.getSingleNodePointer()
org.apache.commons.jxpath.ri.compiler.TreeCompiler.step(int,Object,Object[])	org.apache.commons.jxpath.ri.compiler.TreeCompiler.toExpressionArray(Object[])
org.apache.commons.jxpath.ri.model.jdom.JDOMNodePointer.getValue()	org.apache.commons.jxpath.ri.model.NodePointer.getValue()
org.apache.commons.jxpath.ri.NamespaceResolver.getNamespaceContextPointer()	org.apache.commons.jxpath.ri.NamespaceResolver.getNamespaceContextPointer()
org.apache.commons.jxpath.ri.model.beans.NullPropertyPointer.isCollection()	org.apache.commons.jxpath.ri.model.NodePointer.getIndex()
org.apache.commons.jxpath.ri.model.jdom.JDOMNodePointer.compareChildNodePointers(NodePointer,NodePointer)	org.apache.commons.jxpath.ri.model.NodePointer.getBaseValue()
org.apache.commons.jxpath.servlet.JXPathServletContexts.getApplicationContext(ServletContext)	org.apache.commons.jxpath.JXPathContext.setVariables(Variables)
org.apache.commons.jxpath.ri.compiler.CoreFunction.functionEndsWith(EvalContext)	org.apache.commons.jxpath.ri.compiler.CoreFunction.getArg2()
org.apache.commons.jxpath.ri.model.XMLModelTestCase.Anonymous-63d4c6af-d86e-4f09-8460-9de8ce7f1273.getPointerByID(JXPathContext,String)	org.apache.commons.jxpath.ri.model.NodePointer.getValuePointer()
org.apache.commons.jxpath.ri.parser.XPathParser.jj_3R_18()	org.apache.commons.jxpath.ri.parser.XPathParser.jj_3R_36()
org.apache.commons.jxpath.ri.parser.XPathParser.jj_3R_121()	org.apache.commons.jxpath.ri.parser.XPathParser.jj_3R_127()
org.apache.commons.jxpath.ri.model.MixedModelTest.testCollectionPointer()	org.apache.commons.jxpath.JXPathContext.newContext(Object)
org.apache.commons.jxpath.ri.compiler.CoreFunction.functionSubstring(EvalContext)	org.apache.commons.jxpath.ri.compiler.CoreFunction.getArg1()
org.apache.commons.jxpath.ri.model.beans.BeanPropertyPointer.setPropertyName(String)	org.apache.commons.jxpath.ri.model.beans.BeanPropertyPointer.setPropertyIndex(int)
org.apache.commons.jxpath.ri.parser.XPathParserTokenManager.jjMoveStringLiteralDfa5_0(long,long,long,long)	org.apache.commons.jxpath.ri.parser.SimpleCharStream.readChar()
org.apache.commons.jxpath.BasicNodeSetTest.addPointers(String)	org.apache.commons.jxpath.JXPathContext.iteratePointers(String)
org.apache.commons.jxpath.ri.model.container.ContainerPointer.getImmediateValuePointer()	org.apache.commons.jxpath.ri.model.container.ContainerPointer.getName()
org.apache.commons.jxpath.ri.model.jdom.JDOMNamespacePointer.asPath()	org.apache.commons.jxpath.ri.model.NodePointer.asPath()
org.apache.commons.jxpath.ri.parser.XPathParser.jj_3R_128()	org.apache.commons.jxpath.ri.parser.XPathParser.jj_scan_token(int)
org.apache.commons.jxpath.ri.parser.XPathParser.WildcardName()	org.apache.commons.jxpath.ri.Compiler.qname(String,String)
org.apache.commons.jxpath.ri.parser.XPathParserTokenManager.jjMoveStringLiteralDfa3_0(long,long,long,long)	org.apache.commons.jxpath.ri.parser.XPathParserTokenManager.jjStartNfaWithStates_0(int,int,int)
org.apache.commons.jxpath.ri.compiler.CoreFunction.functionContains(EvalContext)	org.apache.commons.jxpath.ri.compiler.Expression.computeValue(EvalContext)
org.apache.commons.jxpath.ri.axes.SimplePathInterpreter.doStepPredicatesStandard(EvalContext,NodePointer,Step[],int)	org.apache.commons.jxpath.ri.compiler.Step.getAxis()
org.apache.commons.jxpath.ri.parser.XPathParser.jj_3R_137()	org.apache.commons.jxpath.ri.parser.XPathParser.jj_3R_140()
org.apache.commons.jxpath.BasicNodeSet.remove(Pointer)	org.apache.commons.jxpath.BasicNodeSet.clearCacheLists()
org.apache.commons.jxpath.ri.parser.XPathParser.jj_3R_130()	org.apache.commons.jxpath.ri.parser.XPathParser.jj_3R_135()
org.apache.commons.jxpath.ri.model.VariablePointer.remove()	org.apache.commons.jxpath.ri.model.VariablePointer.getBaseValue()
org.apache.commons.jxpath.ri.model.BeanModelTestCase.testIndividual(int,int,boolean,boolean,int)	org.apache.commons.jxpath.ri.model.NodePointer.setIndex(int)
org.apache.commons.jxpath.ri.axes.SimplePathInterpreter.doStepNoPredicatesPropertyOwner(EvalContext,PropertyOwnerPointer,Step[],int)	org.apache.commons.jxpath.ri.model.NodePointer.isCollection()
org.apache.commons.jxpath.ri.axes.ParentContext.nextNode()	org.apache.commons.jxpath.ri.model.NodePointer.getImmediateParentPointer()
org.apache.commons.jxpath.xml.DocumentContainer.parseXML(InputStream)	org.apache.commons.jxpath.xml.XMLParser2.setExpandEntityReferences(boolean)
org.apache.commons.jxpath.ri.model.beans.PropertyIterator.setPositionIndividualProperty(int)	org.apache.commons.jxpath.ri.model.beans.PropertyIterator.getLength()
org.apache.commons.jxpath.util.BasicTypeConverter.convert(Object,Class)	org.apache.commons.jxpath.util.BasicTypeConverter.allocateNumber(Class,double)
org.apache.commons.jxpath.ri.axes.SimplePathInterpreter.doPredicatesStandard(EvalContext,List,Step[],int,Expression[],int)	org.apache.commons.jxpath.ri.axes.SimplePathInterpreter.doPredicate(EvalContext,NodePointer,Step[],int,Expression[],int)
org.apache.commons.jxpath.ri.model.VariablePointer.createChild(JXPathContext,QName,int)	org.apache.commons.jxpath.ri.model.VariablePointer.getName()
src\java\org\apache\commons\jxpath\ri\model\jdom\JDOMNodePointer.java::findEnclosingAttribute(Object,String,Namespace)	org.apache.commons.jxpath.ri.model.jdom.JDOMNodePointer.nodeParent(Object)
org.apache.commons.jxpath.ri.model.NodePointer.getValuePointer()	org.apache.commons.jxpath.ri.model.NodePointer.getImmediateValuePointer()
org.apache.commons.jxpath.ri.model.XMLModelTestCase.Anonymous-63d4c6af-d86e-4f09-8460-9de8ce7f1273.getPointerByID(JXPathContext,String)	org.apache.commons.jxpath.JXPathContext.getPointer(String)
org.apache.commons.jxpath.util.ValueUtils.remove(Object,int)	org.apache.commons.jxpath.util.ValueUtils.getValue(Object)
org.apache.commons.jxpath.ri.parser.XPathParser.RelationalExpr()	org.apache.commons.jxpath.ri.Compiler.greaterThanOrEqual(Object,Object)
org.apache.commons.jxpath.ri.axes.ChildContext.prepare()	org.apache.commons.jxpath.ri.model.NodePointer.getParent()
org.apache.commons.jxpath.ri.model.dom.DOMNodePointer.createChild(JXPathContext,QName,int)	org.apache.commons.jxpath.ri.model.dom.DOMNodePointer.asPath()
org.apache.commons.jxpath.ri.parser.XPathParser.jj_3R_117()	org.apache.commons.jxpath.ri.parser.XPathParser.jj_3R_122()
org.apache.commons.jxpath.ri.parser.XPathParser.RelationalExpr()	org.apache.commons.jxpath.ri.parser.XPathParser.jj_consume_token(int)
org.apache.commons.jxpath.ri.model.VariablePointer.createChild(JXPathContext,QName,int)	org.apache.commons.jxpath.ri.QName.toString()
org.apache.commons.jxpath.ri.axes.SimplePathInterpreter.doPredicateIndex(EvalContext,NodePointer,Step[],int,Expression[],int)	org.apache.commons.jxpath.ri.model.NodePointer.setIndex(int)
org.apache.commons.jxpath.ri.model.beans.BeanPropertyPointer.getPropertyDescriptor()	org.apache.commons.jxpath.JXPathBeanInfo.getPropertyDescriptor(String)
org.apache.commons.jxpath.ri.model.beans.CollectionPointer.getValuePointer()	org.apache.commons.jxpath.ri.model.beans.CollectionPointer.getImmediateNode()
org.apache.commons.jxpath.ri.compiler.CoreOperationCompare.equal(EvalContext,Expression,Expression)	org.apache.commons.jxpath.ri.compiler.CoreOperationCompare.equal(Object,Object)
org.apache.commons.jxpath.ri.parser.XPathParser.jj_rescan_token()	org.apache.commons.jxpath.ri.parser.XPathParser.jj_3_3()
org.apache.commons.jxpath.ri.model.beans.BeanPropertyPointer.getLength()	org.apache.commons.jxpath.ri.model.beans.PropertyPointer.getBean()
org.apache.commons.jxpath.ri.parser.XPathParserTokenManager.jjMoveStringLiteralDfa12_0(long,long,long,long)	org.apache.commons.jxpath.ri.parser.XPathParserTokenManager.jjStartNfaWithStates_0(int,int,int)
org.apache.commons.jxpath.ri.model.beans.CollectionPointer.testNode(NodeTest)	org.apache.commons.jxpath.ri.compiler.NodeTypeTest.getNodeType()
org.apache.commons.jxpath.ri.axes.SimplePathInterpreter.doPredicateName(EvalContext,NodePointer,Step[],int,Expression[],int)	org.apache.commons.jxpath.ri.axes.SimplePathInterpreter.isNameAttributeEqual(NodePointer,String)
org.apache.commons.jxpath.ri.model.jdom.JDOMNodePointer.createAttribute(JXPathContext,QName)	org.apache.commons.jxpath.ri.model.jdom.JDOMNodePointer.getNamespaceResolver()
org.apache.commons.jxpath.util.BasicTypeConverter.convert(Object,Class)	org.apache.commons.jxpath.util.BasicTypeConverter.convertStringToPrimitive(Object,Class)
org.apache.commons.jxpath.ri.compiler.Expression.iterate(EvalContext)	org.apache.commons.jxpath.util.ValueUtils.iterate(Object)
org.apache.commons.jxpath.ri.parser.XPathParserTokenManager.jjMoveNfa_0(int,int)	org.apache.commons.jxpath.ri.parser.XPathParserTokenManager.ReInitRounds()
org.apache.commons.jxpath.ri.parser.XPathParserTokenManager.jjMoveStringLiteralDfa6_0(long,long,long,long)	org.apache.commons.jxpath.ri.parser.XPathParserTokenManager.jjMoveStringLiteralDfa7_0(long,long,long,long)
org.apache.commons.jxpath.ri.compiler.ExpressionPath.expressionPath(EvalContext,boolean)	org.apache.commons.jxpath.ri.compiler.Path.evalSteps(EvalContext)
org.apache.commons.jxpath.ri.parser.XPathParser.FunctionCall()	org.apache.commons.jxpath.ri.Compiler.function(Object,Object[])
org.apache.commons.jxpath.ri.model.NodePointer.createChild(JXPathContext,QName,int,Object)	org.apache.commons.jxpath.ri.model.NodePointer.asPath()
org.apache.commons.jxpath.ri.model.beans.NullElementPointer.asPath()	org.apache.commons.jxpath.ri.model.NodePointer.getImmediateParentPointer()
org.apache.commons.jxpath.ri.axes.PrecedingOrFollowingContext.setPosition(int)	org.apache.commons.jxpath.ri.axes.PrecedingOrFollowingContext.reset()
org.apache.commons.jxpath.ri.model.VariablePointer.setValue(Object)	org.apache.commons.jxpath.util.ValueUtils.setValue(Object,int,Object)
org.apache.commons.jxpath.ri.compiler.CoreFunction.functionCeiling(EvalContext)	org.apache.commons.jxpath.ri.compiler.Expression.computeValue(EvalContext)
org.apache.commons.jxpath.ri.model.dynamic.DynamicPropertyPointer.remove()	org.apache.commons.jxpath.ri.model.beans.PropertyPointer.getBean()
org.apache.commons.jxpath.ri.parser.XPathParser.jj_3R_16()	org.apache.commons.jxpath.ri.parser.XPathParser.jj_3R_21()
org.apache.commons.jxpath.ri.model.dynamic.DynamicPointerFactory.createNodePointer(NodePointer,QName,Object)	org.apache.commons.jxpath.JXPathIntrospector.getBeanInfo(Class)
org.apache.commons.jxpath.ri.model.dynamic.DynamicPropertiesModelTest.testRemovePathArrayElement()	org.apache.commons.jxpath.TestBean.getMap()
org.apache.commons.jxpath.util.KeyManagerUtils.SingleNodeExtendedKeyManager.getNodeSetByKey(JXPathContext,String,Object)	org.apache.commons.jxpath.BasicNodeSet.add(Pointer)
org.apache.commons.jxpath.ri.model.BeanModelTestCase.testRelativeContextParent()	org.apache.commons.jxpath.JXPathContext.getRelativeContext(Pointer)
org.apache.commons.jxpath.ri.parser.XPathParser.PrimaryExpr()	org.apache.commons.jxpath.ri.parser.XPathParser.unescape(String)
org.apache.commons.jxpath.ri.parser.XPathParser.jj_3R_71()	org.apache.commons.jxpath.ri.parser.XPathParser.jj_3R_80()
org.apache.commons.jxpath.ri.compiler.Path.isSimpleStep(Step)	org.apache.commons.jxpath.ri.compiler.Step.getNodeTest()
org.apache.commons.jxpath.ri.parser.XPathParserTokenManager.jjMoveStringLiteralDfa14_0(long,long,long,long)	org.apache.commons.jxpath.ri.parser.SimpleCharStream.readChar()
org.apache.commons.jxpath.ri.compiler.ExpressionPath.computeValue(EvalContext)	org.apache.commons.jxpath.ri.compiler.ExpressionPath.expressionPath(EvalContext,boolean)
org.apache.commons.jxpath.ri.JXPathContextReferenceImpl.getFunction(QName,Object[])	org.apache.commons.jxpath.ri.QName.toString()
org.apache.commons.jxpath.ri.model.beans.PropertyIterator.getNodePointer()	org.apache.commons.jxpath.ri.model.NodePointer.getImmediateParentPointer()
org.apache.commons.jxpath.ri.compiler.CoreFunction.functionStartsWith(EvalContext)	org.apache.commons.jxpath.ri.InfoSetUtil.stringValue(Object)
org.apache.commons.jxpath.ri.EvalContext.constructIterator()	org.apache.commons.jxpath.ri.EvalContext.nextNode()
org.apache.commons.jxpath.ri.model.MixedModelTest.setUp()	org.apache.commons.jxpath.JXPathContext.newContext(Object)
org.apache.commons.jxpath.ri.model.dom.DOMNodePointer.isLanguage(String)	org.apache.commons.jxpath.ri.model.dom.DOMNodePointer.getLanguage()
org.apache.commons.jxpath.ri.model.dynamic.DynamicPointer.equals(Object)	org.apache.commons.jxpath.ri.QName.equals(Object)
org.apache.commons.jxpath.ri.parser.XPathParser.jj_3R_93()	org.apache.commons.jxpath.ri.parser.XPathParser.jj_scan_token(int)
org.apache.commons.jxpath.ri.model.BeanModelTestCase.testIndividual(int,int,boolean,boolean,int)	org.apache.commons.jxpath.ri.model.beans.PropertyOwnerPointer.getPropertyPointer()
org.apache.commons.jxpath.ri.axes.NodeSetContext.setPosition(int)	org.apache.commons.jxpath.ri.EvalContext.setPosition(int)
org.apache.commons.jxpath.ri.parser.XPathParser.RelationalExpr()	org.apache.commons.jxpath.ri.Compiler.lessThan(Object,Object)
org.apache.commons.jxpath.servlet.JXPathServletContextTest.testServletRequestWithoutSession()	org.apache.commons.jxpath.JXPathContext.getValue(String)
org.apache.commons.jxpath.ri.NamespaceResolver.registerNamespace(String,String)	org.apache.commons.jxpath.ri.NamespaceResolver.isSealed()
org.apache.commons.jxpath.ri.parser.XPathParser.jj_3R_93()	org.apache.commons.jxpath.ri.parser.XPathParser.jj_3R_114()
org.apache.commons.jxpath.ri.model.dynamic.DynamicPropertyPointer.createPath(JXPathContext)	org.apache.commons.jxpath.ri.model.beans.PropertyPointer.getLength()
org.apache.commons.jxpath.ri.model.beans.BadlyImplementedFactoryTest.testBadFactoryImplementation()	org.apache.commons.jxpath.JXPathException.getCause()
org.apache.commons.jxpath.ri.parser.XPathParserTokenManager.jjFillToken()	org.apache.commons.jxpath.ri.parser.Token.newToken(int)
org.apache.commons.jxpath.ri.parser.XPathParserTokenManager.jjFillToken()	org.apache.commons.jxpath.ri.parser.SimpleCharStream.getEndLine()
org.apache.commons.jxpath.ri.model.MixedModelTest.testNull()	org.apache.commons.jxpath.JXPathContext.newContext(Object)
org.apache.commons.jxpath.ri.model.MixedModelTest.testCreatePath()	org.apache.commons.jxpath.JXPathContext.getContextBean()
org.apache.commons.jxpath.ri.parser.XPathParserTokenManager.jjMoveStringLiteralDfa2_0(long,long,long,long)	org.apache.commons.jxpath.ri.parser.XPathParserTokenManager.jjMoveStringLiteralDfa3_0(long,long,long,long)
org.apache.commons.jxpath.ri.axes.SimplePathInterpreterTest.setUp()	org.apache.commons.jxpath.TestBean.getList()
org.apache.commons.jxpath.ri.model.XMLModelTestCase.testRemovePath()	org.apache.commons.jxpath.JXPathContext.removePath(String)
org.apache.commons.jxpath.util.BasicTypeConverter.convert(Object,Class)	org.apache.commons.jxpath.util.TypeUtils.wrapPrimitive(Class)
org.apache.commons.jxpath.ri.model.dynabeans.DynaBeanPropertyPointer.getImmediateNode()	org.apache.commons.jxpath.ri.model.dynabeans.DynaBeanPropertyPointer.getPropertyName()
org.apache.commons.jxpath.ri.model.VariablePointer.findVariables(JXPathContext)	org.apache.commons.jxpath.Variables.isDeclaredVariable(String)
org.apache.commons.jxpath.util.KeyManagerUtils.SingleNodeExtendedKeyManager.getPointerByKey(JXPathContext,String,String)	org.apache.commons.jxpath.KeyManager.getPointerByKey(JXPathContext,String,String)
org.apache.commons.jxpath.ri.model.beans.NullPointer.createChild(JXPathContext,QName,int,Object)	org.apache.commons.jxpath.ri.model.beans.NullPointer.createPath(JXPathContext)
org.apache.commons.jxpath.ri.parser.XPathParser.jj_3R_118()	org.apache.commons.jxpath.ri.parser.XPathParser.jj_3R_125()
org.apache.commons.jxpath.ri.parser.XPathParser.jj_3R_119()	org.apache.commons.jxpath.ri.parser.XPathParser.jj_3R_115()
org.apache.commons.jxpath.ri.parser.XPathParser.jj_3R_124()	org.apache.commons.jxpath.ri.parser.XPathParser.jj_scan_token(int)
org.apache.commons.jxpath.JXPathContext.getNodeSetByKey(String,Object)	org.apache.commons.jxpath.ExtendedKeyManager.getNodeSetByKey(JXPathContext,String,Object)
org.apache.commons.jxpath.xml.DocumentContainer.parseXML(InputStream)	org.apache.commons.jxpath.xml.XMLParser2.isValidating()
org.apache.commons.jxpath.ri.compiler.CoreFunctionTest.Anonymous-de5d4367-9266-4f1f-87f5-39dd40fa05ad.getPointerByID(JXPathContext,String)	org.apache.commons.jxpath.JXPathContext.getPointer(String)
org.apache.commons.jxpath.ri.model.jdom.JDOMModelTest.testGetElementDescendantOrSelf()	org.apache.commons.jxpath.JXPathContext.getPointer(String)
org.apache.commons.jxpath.ri.model.jdom.JDOMModelTest.testGetElementDescendantOrSelf()	org.apache.commons.jxpath.JXPathContext.getContextBean()
org.apache.commons.jxpath.ri.model.beans.PropertyPointer.getImmediateNode()	org.apache.commons.jxpath.ri.model.NodePointer.getBaseValue()
org.apache.commons.jxpath.ri.parser.XPathParser.jj_3R_82()	org.apache.commons.jxpath.ri.parser.XPathParser.jj_3R_90()
org.apache.commons.jxpath.ri.model.beans.NullPropertyPointer.setValue(Object)	org.apache.commons.jxpath.ri.model.NodePointer.setValue(Object)
org.apache.commons.jxpath.ri.model.beans.PropertyIterator.getNodePointer()	org.apache.commons.jxpath.ri.model.NodePointer.getValuePointer()
org.apache.commons.jxpath.ri.parser.XPathParser.jj_3R_18()	org.apache.commons.jxpath.ri.parser.XPathParser.jj_3R_27()
org.apache.commons.jxpath.ri.model.MixedModelTest.testCreatePath()	org.apache.commons.jxpath.TestBean.setMap(Map)
org.apache.commons.jxpath.JXPathIntrospector.getBeanInfo(Class)	org.apache.commons.jxpath.JXPathIntrospector.findInformant(Class)
org.apache.commons.jxpath.ri.compiler.LocationPath.compute(EvalContext)	org.apache.commons.jxpath.ri.compiler.LocationPath.isAbsolute()
org.apache.commons.jxpath.xml.DOMParser.parseXML(InputStream)	org.apache.commons.jxpath.xml.XMLParser2.isIgnoringElementContentWhitespace()
org.apache.commons.jxpath.ri.model.BeanModelTestCase.setUp()	org.apache.commons.jxpath.JXPathContext.setLocale(Locale)
org.apache.commons.jxpath.ri.JXPathContextReferenceImpl.allocateConditionally(String,String)	org.apache.commons.jxpath.util.ClassLoaderUtil.getClass(String,boolean)
org.apache.commons.jxpath.ri.parser.XPathParser.jj_3R_73()	org.apache.commons.jxpath.ri.parser.XPathParser.jj_3R_82()
org.apache.commons.jxpath.ri.axes.SimplePathInterpreter.doPredicateName(EvalContext,NodePointer,Step[],int,Expression[],int)	org.apache.commons.jxpath.ri.model.NodePointer.setIndex(int)
org.apache.commons.jxpath.ri.InfoSetUtil.booleanValue(Object)	org.apache.commons.jxpath.ri.InfoSetUtil.booleanValue(Object)
org.apache.commons.jxpath.ri.compiler.CoreFunction.functionBoolean(EvalContext)	org.apache.commons.jxpath.ri.compiler.Expression.computeValue(EvalContext)
org.apache.commons.jxpath.ri.model.VariablePointer.remove()	org.apache.commons.jxpath.ri.model.VariablePointer.getLength()
org.apache.commons.jxpath.ri.model.jdom.JDOMNodePointer.testNode(NodePointer,Object,NodeTest)	org.apache.commons.jxpath.ri.compiler.NodeNameTest.getNodeName()
org.apache.commons.jxpath.ri.model.VariablePointer.getImmediateNode()	org.apache.commons.jxpath.util.ValueUtils.getValue(Object)
org.apache.commons.jxpath.ri.compiler.CoreFunction.functionNumber(EvalContext)	org.apache.commons.jxpath.ri.compiler.CoreFunction.getArgumentCount()
org.apache.commons.jxpath.ri.axes.SimplePathInterpreterTest.testDoStepNoPredicatesStandard()	org.apache.commons.jxpath.ri.axes.SimplePathInterpreterTest.assertNullPointer(String,String,String)
org.apache.commons.jxpath.ri.compiler.CoreFunction.computeValue(EvalContext)	org.apache.commons.jxpath.ri.compiler.CoreFunction.functionRound(EvalContext)
org.apache.commons.jxpath.ri.parser.XPathParser.jj_3R_17()	org.apache.commons.jxpath.ri.parser.XPathParser.jj_3R_24()
org.apache.commons.jxpath.ri.NamespaceResolver.seal()	org.apache.commons.jxpath.ri.NamespaceResolver.seal()
org.apache.commons.jxpath.ri.parser.XPathParser.jj_3R_24()	org.apache.commons.jxpath.ri.parser.XPathParser.jj_scan_token(int)
org.apache.commons.jxpath.ri.parser.XPathParserTokenManager.getNextToken()	org.apache.commons.jxpath.ri.parser.SimpleCharStream.getEndLine()
org.apache.commons.jxpath.ri.axes.PrecedingOrFollowingContext.setPosition(int)	org.apache.commons.jxpath.ri.axes.PrecedingOrFollowingContext.nextNode()
org.apache.commons.jxpath.ri.parser.XPathParser.parseExpression()	org.apache.commons.jxpath.ri.parser.XPathParser.Expression()
org.apache.commons.jxpath.ri.parser.XPathParser.jj_3R_120()	org.apache.commons.jxpath.ri.parser.XPathParser.jj_3R_115()
org.apache.commons.jxpath.ri.model.MixedModelTest.testIteratePointersArrayElementWithVariable()	org.apache.commons.jxpath.JXPathContext.iteratePointers(String)
org.apache.commons.jxpath.ri.model.dynabeans.DynaBeanPropertyPointer.getBaseValue()	org.apache.commons.jxpath.ri.model.dynabeans.DynaBeanPropertyPointer.getPropertyName()
org.apache.commons.jxpath.ri.parser.XPathParser.jj_3R_96()	org.apache.commons.jxpath.ri.parser.XPathParser.jj_3R_70()
org.apache.commons.jxpath.ri.parser.XPathParser.jj_3_3()	org.apache.commons.jxpath.ri.parser.XPathParser.jj_scan_token(int)
org.apache.commons.jxpath.ri.axes.SimplePathInterpreter.doPredicateIndex(EvalContext,NodePointer,Step[],int,Expression[],int)	org.apache.commons.jxpath.ri.axes.SimplePathInterpreter.isCollectionElement(NodePointer,int)
org.apache.commons.jxpath.ri.axes.NodeSetContext.setPosition(int)	org.apache.commons.jxpath.NodeSet.getPointers()
org.apache.commons.jxpath.ri.axes.DescendantContext.getCurrentNodePointer()	org.apache.commons.jxpath.ri.axes.DescendantContext.setPosition(int)
org.apache.commons.jxpath.ri.model.dynabeans.DynaBeanPropertyPointer.getPropertyIndex()	org.apache.commons.jxpath.ri.model.dynabeans.DynaBeanPropertyPointer.getPropertyNames()
org.apache.commons.jxpath.util.ValueUtils.isCollection(Object)	org.apache.commons.jxpath.util.ValueUtils.getValue(Object)
org.apache.commons.jxpath.ri.axes.ChildContext.getCurrentNodePointer()	org.apache.commons.jxpath.ri.model.NodeIterator.getNodePointer()
org.apache.commons.jxpath.ri.parser.XPathParser.jj_3R_84()	org.apache.commons.jxpath.ri.parser.XPathParser.jj_3R_92()
org.apache.commons.jxpath.util.BasicTypeConverter.canConvert(Object,Class)	org.apache.commons.jxpath.Pointer.getValue()
org.apache.commons.jxpath.ri.parser.XPathParser.jj_3R_18()	org.apache.commons.jxpath.ri.parser.XPathParser.jj_3R_49()
org.apache.commons.jxpath.util.ValueUtils.setValue(Object,PropertyDescriptor,int,Object)	org.apache.commons.jxpath.util.ValueUtils.isCollection(Object)
org.apache.commons.jxpath.ri.model.MixedModelTest.testMatrix()	org.apache.commons.jxpath.Variables.declareVariable(String,Object)
org.apache.commons.jxpath.ri.parser.XPathParser.ReInit(InputStream)	org.apache.commons.jxpath.ri.parser.XPathParserTokenManager.ReInit(SimpleCharStream)
org.apache.commons.jxpath.ri.axes.DescendantContext.nextNode()	org.apache.commons.jxpath.ri.model.NodePointer.isLeaf()
org.apache.commons.jxpath.ri.model.beans.NullPropertyPointer.createPath(JXPathContext,Object)	org.apache.commons.jxpath.ri.model.NodePointer.isAttribute()
org.apache.commons.jxpath.ri.axes.NamespaceContext.nextNode()	org.apache.commons.jxpath.ri.model.NodeIterator.getPosition()
org.apache.commons.jxpath.ri.compiler.CoreFunction.functionStringLength(EvalContext)	org.apache.commons.jxpath.ri.EvalContext.getCurrentNodePointer()
org.apache.commons.jxpath.ri.compiler.CoreFunction.computeValue(EvalContext)	org.apache.commons.jxpath.ri.compiler.CoreFunction.functionSubstringBefore(EvalContext)
org.apache.commons.jxpath.ri.model.beans.CollectionPointer.createPath(JXPathContext)	org.apache.commons.jxpath.ri.model.NodePointer.getNode()
org.apache.commons.jxpath.ri.axes.DescendantContext.nextNode()	org.apache.commons.jxpath.ri.model.NodePointer.testNode(NodeTest)
org.apache.commons.jxpath.ri.compiler.ExpressionPath.expressionPath(EvalContext,boolean)	org.apache.commons.jxpath.ri.compiler.Expression.compute(EvalContext)
org.apache.commons.jxpath.ri.model.jdom.JDOMNodePointer.asPath()	org.apache.commons.jxpath.ri.NamespaceResolver.getPrefix(String)
org.apache.commons.jxpath.ri.model.VariablePointer.remove()	org.apache.commons.jxpath.Variables.undeclareVariable(String)
org.apache.commons.jxpath.ri.compiler.ExtensionFunctionTest.Context.getContextNodePointer()	org.apache.commons.jxpath.ri.model.NodePointer.newNodePointer(QName,Object,Locale)
org.apache.commons.jxpath.util.ValueUtils.expandCollection(Object,int)	org.apache.commons.jxpath.util.ValueUtils.getLength(Object)
org.apache.commons.jxpath.ri.axes.ChildContext.setPosition(int)	org.apache.commons.jxpath.ri.model.NodeIterator.setPosition(int)
org.apache.commons.jxpath.ri.parser.XPathParser.PrimaryExpr()	org.apache.commons.jxpath.ri.parser.XPathParser.jj_consume_token(int)
org.apache.commons.jxpath.util.ValueUtils.setValue(Object,PropertyDescriptor,int,Object)	org.apache.commons.jxpath.util.ValueUtils.setValue(Object,int,Object)
org.apache.commons.jxpath.ri.parser.XPathParserTokenManager.jjMoveStringLiteralDfa5_0(long,long,long,long)	org.apache.commons.jxpath.ri.parser.XPathParserTokenManager.jjStopAtPos(int,int)
org.apache.commons.jxpath.ri.axes.AncestorContext.nextNode()	org.apache.commons.jxpath.ri.model.NodePointer.testNode(NodeTest)
org.apache.commons.jxpath.xml.DocumentContainer.parseXML(InputStream)	org.apache.commons.jxpath.xml.XMLParser2.setCoalescing(boolean)
org.apache.commons.jxpath.xml.DOMParser.parseXML(InputStream)	org.apache.commons.jxpath.xml.XMLParser2.isCoalescing()
org.apache.commons.jxpath.ri.parser.XPathParser.jj_3R_89()	org.apache.commons.jxpath.ri.parser.XPathParser.jj_3R_99()
org.apache.commons.jxpath.ri.model.dynamic.DynamicPropertyPointer.setValue(Object)	org.apache.commons.jxpath.ri.model.dynamic.DynamicPropertyPointer.getPropertyName()
org.apache.commons.jxpath.ri.model.VariablePointer.isLeaf()	org.apache.commons.jxpath.ri.model.NodePointer.getNode()
org.apache.commons.jxpath.ri.compiler.CoreFunction.functionRound(EvalContext)	org.apache.commons.jxpath.ri.compiler.Expression.computeValue(EvalContext)
org.apache.commons.jxpath.ri.axes.DescendantContext.isRecursive()	org.apache.commons.jxpath.Pointer.getNode()
org.apache.commons.jxpath.ri.compiler.CoreOperationAdd.computeValue(EvalContext)	org.apache.commons.jxpath.ri.compiler.Expression.computeValue(EvalContext)
org.apache.commons.jxpath.ri.parser.XPathParser.jj_3R_90()	org.apache.commons.jxpath.ri.parser.XPathParser.jj_3R_100()
org.apache.commons.jxpath.ri.parser.XPathParser.CoreFunctionName()	org.apache.commons.jxpath.ri.parser.XPathParser.jj_consume_token(int)
org.apache.commons.jxpath.ri.compiler.CoreFunction.functionStartsWith(EvalContext)	org.apache.commons.jxpath.ri.compiler.Expression.computeValue(EvalContext)
org.apache.commons.jxpath.ri.axes.PredicateContext.setPositionStandard(int)	org.apache.commons.jxpath.ri.axes.PredicateContext.nextNode()
org.apache.commons.jxpath.ri.parser.XPathParser.jj_3R_86()	org.apache.commons.jxpath.ri.parser.XPathParser.jj_3R_94()
org.apache.commons.jxpath.ri.model.beans.NullPropertyPointer.asPath()	org.apache.commons.jxpath.ri.model.NodePointer.asPath()
org.apache.commons.jxpath.ri.model.beans.NullPropertyPointer.createChild(JXPathContext,QName,int,Object)	org.apache.commons.jxpath.ri.model.beans.NullPropertyPointer.createPath(JXPathContext)
org.apache.commons.jxpath.ri.parser.XPathParserTokenManager.jjMoveStringLiteralDfa2_0(long,long,long,long)	org.apache.commons.jxpath.ri.parser.XPathParserTokenManager.jjStartNfaWithStates_0(int,int,int)
org.apache.commons.jxpath.ri.axes.PrecedingOrFollowingContext.nextNode()	org.apache.commons.jxpath.ri.model.NodeIterator.setPosition(int)
org.apache.commons.jxpath.ri.compiler.TestFunctions.nodeSet(ExpressionContext)	org.apache.commons.jxpath.ExpressionContext.getJXPathContext()
org.apache.commons.jxpath.ri.model.beans.PropertyPointer.getImmediateNode()	org.apache.commons.jxpath.util.ValueUtils.getValue(Object)
org.apache.commons.jxpath.ri.JXPathContextReferenceImpl.getNamespaceURI(String)	org.apache.commons.jxpath.ri.NamespaceResolver.getNamespaceURI(String)
org.apache.commons.jxpath.ri.compiler.VariableReference.computeValue(EvalContext)	org.apache.commons.jxpath.ri.EvalContext.getRootContext()
org.apache.commons.jxpath.ri.axes.SimplePathInterpreter.createNullPointerForPredicates(EvalContext,NodePointer,Step[],int,Expression[],int)	org.apache.commons.jxpath.ri.axes.SimplePathInterpreter.indexFromPredicate(EvalContext,Expression)
org.apache.commons.jxpath.ri.parser.XPathParser.jj_3R_56()	org.apache.commons.jxpath.ri.parser.XPathParser.jj_scan_token(int)
org.apache.commons.jxpath.ri.compiler.CoreFunction.functionNamespaceURI(EvalContext)	org.apache.commons.jxpath.ri.EvalContext.next()
org.apache.commons.jxpath.ri.parser.XPathParserTokenManager.jjMoveStringLiteralDfa8_0(long,long,long,long)	org.apache.commons.jxpath.ri.parser.XPathParserTokenManager.jjStartNfa_0(int,long,long)
org.apache.commons.jxpath.ri.model.dom.DOMNodePointer.asPath()	org.apache.commons.jxpath.ri.model.NodePointer.escape(String)
org.apache.commons.jxpath.ri.model.VariablePointerFactory.createNodePointer(QName,Object,Locale)	org.apache.commons.jxpath.Variables.isDeclaredVariable(String)
org.apache.commons.jxpath.ri.EvalContext.getContextNodeList()	org.apache.commons.jxpath.ri.EvalContext.getCurrentNodePointer()
org.apache.commons.jxpath.servlet.HttpSessionHandler.getProperty(Object,String)	org.apache.commons.jxpath.servlet.ServletContextHandler.getProperty(Object,String)
org.apache.commons.jxpath.ri.ExceptionHandlerTest.setUp()	org.apache.commons.jxpath.JXPathContext.newContext(Object)
org.apache.commons.jxpath.ri.InfoSetUtil.number(Object)	org.apache.commons.jxpath.ri.InfoSetUtil.stringValue(Object)
org.apache.commons.jxpath.ri.model.beans.CollectionNodeIterator.prepare()	org.apache.commons.jxpath.ri.model.NodePointer.clone()
org.apache.commons.jxpath.ri.parser.XPathParserTokenManager.jjMoveStringLiteralDfa15_0(long,long,long,long)	org.apache.commons.jxpath.ri.parser.SimpleCharStream.readChar()
org.apache.commons.jxpath.ri.parser.XPathParserTokenManager.jjMoveStringLiteralDfa1_0(long,long)	org.apache.commons.jxpath.ri.parser.SimpleCharStream.readChar()
org.apache.commons.jxpath.ri.parser.XPathParser.jj_3R_148()	org.apache.commons.jxpath.ri.parser.XPathParser.jj_scan_token(int)
org.apache.commons.jxpath.ri.compiler.CoreFunction.functionSum(EvalContext)	org.apache.commons.jxpath.ri.compiler.Expression.compute(EvalContext)
org.apache.commons.jxpath.ri.parser.XPathParserTokenManager.jjCheckNAddStates(int)	org.apache.commons.jxpath.ri.parser.XPathParserTokenManager.jjCheckNAdd(int)
org.apache.commons.jxpath.ri.compiler.CoreFunction.functionContains(EvalContext)	org.apache.commons.jxpath.ri.InfoSetUtil.stringValue(Object)
org.apache.commons.jxpath.ri.model.beans.CollectionPointer.createChild(JXPathContext,QName,int)	org.apache.commons.jxpath.ri.model.NodePointer.setIndex(int)
org.apache.commons.jxpath.ri.parser.XPathParser.jj_2_3(int)	org.apache.commons.jxpath.ri.parser.XPathParser.jj_3_3()
org.apache.commons.jxpath.ri.model.BeanModelTestCase.testIterateAndSet()	org.apache.commons.jxpath.Pointer.getValue()
org.apache.commons.jxpath.ri.EvalContext.next()	org.apache.commons.jxpath.ri.EvalContext.constructIterator()
org.apache.commons.jxpath.util.BasicTypeConverterTest.assertConversion(Object,Class,Object)	org.apache.commons.jxpath.util.TypeUtils.convert(Object,Class)
org.apache.commons.jxpath.ri.compiler.CoreFunction.functionEndsWith(EvalContext)	org.apache.commons.jxpath.ri.compiler.Expression.computeValue(EvalContext)
org.apache.commons.jxpath.ri.model.dom.DOMNodePointer.compareChildNodePointers(NodePointer,NodePointer)	org.apache.commons.jxpath.ri.model.NodePointer.getBaseValue()
org.apache.commons.jxpath.ri.parser.XPathParser.NodeTest(ArrayList)	org.apache.commons.jxpath.ri.parser.XPathParser.WildcardName()
org.apache.commons.jxpath.util.BasicTypeConverter.allocateNumber(Class,double)	org.apache.commons.jxpath.util.TypeUtils.wrapPrimitive(Class)
org.apache.commons.jxpath.ri.compiler.NodeTypeTest.toString()	org.apache.commons.jxpath.ri.compiler.NodeTypeTest.nodeTypeToString(int)
org.apache.commons.jxpath.ri.model.beans.PropertyPointer.isLeaf()	org.apache.commons.jxpath.ri.model.NodePointer.getNode()
org.apache.commons.jxpath.ri.parser.XPathParser.jj_3R_88()	org.apache.commons.jxpath.ri.parser.XPathParser.jj_3R_96()
org.apache.commons.jxpath.ri.parser.XPathParser.jj_3R_65()	org.apache.commons.jxpath.ri.parser.XPathParser.jj_3R_73()
org.apache.commons.jxpath.ri.axes.SimplePathInterpreterTest.setUp()	org.apache.commons.jxpath.JXPathContext.setLenient(boolean)
org.apache.commons.jxpath.ri.model.dom.DOMNodePointer.compareChildNodePointers(NodePointer,NodePointer)	org.apache.commons.jxpath.ri.model.NodePointer.getNode()
org.apache.commons.jxpath.ri.parser.XPathParser.LocationStep(ArrayList)	org.apache.commons.jxpath.ri.parser.XPathParser.jj_consume_token(int)
org.apache.commons.jxpath.ri.compiler.CoreFunctionTest.Anonymous-de5d4367-9266-4f1f-87f5-39dd40fa05ad.getPointerByID(JXPathContext,String)	org.apache.commons.jxpath.ri.model.NodePointer.getValuePointer()
org.apache.commons.jxpath.ri.compiler.CoreFunctionTest.testKeyFunction()	org.apache.commons.jxpath.JXPathContext.setKeyManager(KeyManager)
org.apache.commons.jxpath.ri.model.NodePointer.handle(Throwable,NodePointer)	org.apache.commons.jxpath.ExceptionHandler.handle(Throwable,Pointer)
org.apache.commons.jxpath.ri.compiler.TestFunctions.isMap(ExpressionContext)	org.apache.commons.jxpath.Pointer.getValue()
org.apache.commons.jxpath.ri.model.BeanModelTestCase.testIndividual(int,int,boolean,boolean,int)	org.apache.commons.jxpath.ri.model.NodeIterator.setPosition(int)
org.apache.commons.jxpath.ri.parser.XPathParserTokenManager.jjCheckNAddStates(int,int)	org.apache.commons.jxpath.ri.parser.XPathParserTokenManager.jjCheckNAdd(int)
org.apache.commons.jxpath.ri.axes.SimplePathInterpreter.doStepNoPredicatesPropertyOwner(EvalContext,PropertyOwnerPointer,Step[],int)	org.apache.commons.jxpath.ri.model.NodePointer.isActual()
org.apache.commons.jxpath.ri.compiler.CoreFunction.functionNumber(EvalContext)	org.apache.commons.jxpath.ri.EvalContext.getCurrentNodePointer()
org.apache.commons.jxpath.ri.compiler.Expression.PointerIterator.next()	org.apache.commons.jxpath.ri.model.NodePointer.newNodePointer(QName,Object,Locale)
org.apache.commons.jxpath.ri.JXPathContextReferenceImpl.createPath(String)	org.apache.commons.jxpath.ri.JXPathContextReferenceImpl.compileExpression(String)
org.apache.commons.jxpath.ri.parser.XPathParser.jj_3R_104()	org.apache.commons.jxpath.ri.parser.XPathParser.jj_scan_token(int)
org.apache.commons.jxpath.ri.compiler.CoreFunction.computeValue(EvalContext)	org.apache.commons.jxpath.ri.compiler.CoreFunction.functionSum(EvalContext)
org.apache.commons.jxpath.ri.model.VariablePointer.createCollection(JXPathContext,int)	org.apache.commons.jxpath.ri.model.VariablePointer.createPath(JXPathContext)
org.apache.commons.jxpath.ri.model.XMLModelTestCase.setUp()	org.apache.commons.jxpath.Pointer.getNode()
org.apache.commons.jxpath.JXPathTestCase.assertXPathPointer(JXPathContext,String,String)	org.apache.commons.jxpath.JXPathContext.setLenient(boolean)
org.apache.commons.jxpath.ri.compiler.CoreFunction.functionTranslate(EvalContext)	org.apache.commons.jxpath.ri.compiler.CoreFunction.getArg1()
org.apache.commons.jxpath.ri.model.NodePointer.testNode(NodeTest)	org.apache.commons.jxpath.ri.model.NodePointer.getNamespaceURI(String)
org.apache.commons.jxpath.ri.compiler.CoreFunction.functionNamespaceURI(EvalContext)	org.apache.commons.jxpath.ri.compiler.Expression.compute(EvalContext)
org.apache.commons.jxpath.ri.parser.XPathParserTokenManager.jjMoveStringLiteralDfa4_0(long,long,long,long)	org.apache.commons.jxpath.ri.parser.SimpleCharStream.readChar()
org.apache.commons.jxpath.ri.model.container.ContainerModelTest.testContainerVariableWithCollection()	org.apache.commons.jxpath.Variables.declareVariable(String,Object)
org.apache.commons.jxpath.ri.model.dynabeans.DynaBeanPropertyPointer.remove()	org.apache.commons.jxpath.ri.model.dynabeans.DynaBeanPropertyPointer.getPropertyName()
