Caller	Callee
org.apache.commons.codec.language.DoubleMetaphone.handleC(String,DoubleMetaphoneResult,int)	org.apache.commons.codec.language.DoubleMetaphone.DoubleMetaphoneResult.append(char,char)
org.apache.commons.codec.binary.BinaryCodec.toAsciiString(byte[])	org.apache.commons.codec.binary.BinaryCodec.toAsciiChars(byte[])
org.apache.commons.codec.binary.Base64TestData.randomData(int,boolean)	org.apache.commons.codec.binary.Base64.encodeBase64(byte[])
org.apache.commons.codec.language.MatchRatingApproachEncoderTest.testCompare_Surname_HAILEY_HALLEY_SuccessfullyMatched()	org.apache.commons.codec.language.MatchRatingApproachEncoder.isEncodeEquals(String,String)
org.apache.commons.codec.digest.DigestUtils.sha512(File)	org.apache.commons.codec.digest.DigestUtils.digest(MessageDigest,File)
org.apache.commons.codec.net.BCodec.encode(String)	org.apache.commons.codec.net.BCodec.getCharset()
org.apache.commons.codec.language.MatchRatingApproachEncoderTest.testCompareNameToSingleLetter_KARL_C_DoesNotMatch()	org.apache.commons.codec.StringEncoderAbstractTest.getStringEncoder()
org.apache.commons.codec.language.MatchRatingApproachEncoderTest.testCompare_KARL_ALESSANDRO_DoesNotMatch()	org.apache.commons.codec.StringEncoderAbstractTest.getStringEncoder()
org.apache.commons.codec.language.bm.BeiderMorseEncoderTest.createGenericApproxEncoder()	org.apache.commons.codec.language.bm.BeiderMorseEncoder.setNameType(NameType)
org.apache.commons.codec.digest.Md5Crypt.md5Crypt(byte[],String,String)	org.apache.commons.codec.digest.B64.b64from24bit(byte,byte,byte,int,StringBuilder)
org.apache.commons.codec.language.MatchRatingApproachEncoderTest.testCompare_SEAN_SHAUN_SuccessfullyMatched()	org.apache.commons.codec.StringEncoderAbstractTest.getStringEncoder()
org.apache.commons.codec.digest.DigestUtils.md2(InputStream)	org.apache.commons.codec.digest.DigestUtils.digest(MessageDigest,InputStream)
org.apache.commons.codec.language.MetaphoneTest.testSetMaxLengthWithTruncation()	org.apache.commons.codec.StringEncoderAbstractTest.getStringEncoder()
org.apache.commons.codec.binary.Base32OutputStreamTest.testBase32EmptyOutputStreamPemChunkSize()	org.apache.commons.codec.binary.Base32OutputStreamTest.testBase32EmptyOutputStream(int)
org.apache.commons.codec.digest.Crypt.crypt(byte[],String)	org.apache.commons.codec.digest.UnixCrypt.crypt(byte[],String)
org.apache.commons.codec.language.AbstractCaverphone.isEncodeEqual(String,String)	org.apache.commons.codec.StringEncoder.encode(String)
org.apache.commons.codec.digest.HmacUtils.hmacSha384Hex(byte[],byte[])	org.apache.commons.codec.digest.HmacUtils.hmacSha384(byte[],byte[])
org.apache.commons.codec.language.MatchRatingApproachEncoderTest.testgetMinRating_5_Returns4_Successfully()	org.apache.commons.codec.language.MatchRatingApproachEncoder.getMinRating(int)
org.apache.commons.codec.binary.BinaryCodec.fromAscii(byte[])	org.apache.commons.codec.binary.BinaryCodec.isEmpty(byte[])
org.apache.commons.codec.language.Caverphone1Test.testSpecificationV1Examples()	org.apache.commons.codec.StringEncoderAbstractTest.checkEncodings(String[][])
org.apache.commons.codec.language.DoubleMetaphone.handleS(String,DoubleMetaphoneResult,int,boolean)	org.apache.commons.codec.language.DoubleMetaphone.DoubleMetaphoneResult.appendAlternate(char)
org.apache.commons.codec.language.DoubleMetaphone.conditionC0(String,int)	org.apache.commons.codec.language.DoubleMetaphone.charAt(String,int)
org.apache.commons.codec.net.URLCodecTest.testEncodeObjects()	org.apache.commons.codec.net.URLCodecTest.validateState(URLCodec)
org.apache.commons.codec.language.bm.Rule.getInstanceMap(NameType,RuleType,LanguageSet)	org.apache.commons.codec.language.bm.Languages.LanguageSet.isSingleton()
org.apache.commons.codec.language.MatchRatingApproachEncoderTest.testCompare_Surname_MOSKOWITZ_MOSKOVITZ_SuccessfullyMatched()	org.apache.commons.codec.StringEncoderAbstractTest.getStringEncoder()
org.apache.commons.codec.digest.DigestUtils.md2Hex(String)	org.apache.commons.codec.digest.DigestUtils.md2(String)
org.apache.commons.codec.digest.Md5CryptTest.testMd5CryptExplicitCall()	org.apache.commons.codec.digest.Md5Crypt.md5Crypt(byte[],String)
org.apache.commons.codec.digest.DigestUtils.md2(byte[])	org.apache.commons.codec.digest.DigestUtils.getMd2Digest()
org.apache.commons.codec.digest.HmacUtils.hmacSha384(String,String)	org.apache.commons.codec.binary.StringUtils.getBytesUtf8(String)
org.apache.commons.codec.binary.Base64Test.testChunkedEncodeMultipleOf76()	org.apache.commons.codec.binary.Base64.encodeBase64(byte[],boolean)
org.apache.commons.codec.net.RFC1522Codec.decodeText(String)	org.apache.commons.codec.binary.StringUtils.getBytesUsAscii(String)
org.apache.commons.codec.binary.Base64InputStreamTest.testBase64EmptyInputStream(int)	org.apache.commons.codec.binary.Base64InputStreamTest.testByChunk(byte[],byte[],int,byte[])
org.apache.commons.codec.language.MatchRatingApproachEncoderTest.testGetFirstLast3__ALEXANDER_Returns_Aleder()	org.apache.commons.codec.StringEncoderAbstractTest.getStringEncoder()
org.apache.commons.codec.net.URLCodec.decode(String,String)	org.apache.commons.codec.binary.StringUtils.getBytesUsAscii(String)
org.apache.commons.codec.net.QuotedPrintableCodecTest.testUTF8RoundTrip()	org.apache.commons.codec.net.QuotedPrintableCodecTest.constructString(int[])
org.apache.commons.codec.digest.HmacUtilsTest.testSha384HMacFail()	org.apache.commons.codec.digest.HmacUtils.hmacSha384(byte[],byte[])
org.apache.commons.codec.binary.Base64Test.testEncodeDecode(String)	org.apache.commons.codec.binary.Base64.decodeBase64(String)
org.apache.commons.codec.digest.DigestUtils.sha384(File)	org.apache.commons.codec.digest.DigestUtils.getSha384Digest()
org.apache.commons.codec.binary.Base64.decode(byte[],int,int,Context)	org.apache.commons.codec.binary.BaseNCodec.ensureBufferSize(int,Context)
org.apache.commons.codec.binary.Base64Test.testSingletonsChunked()	org.apache.commons.codec.binary.Base64.encodeBase64Chunked(byte[])
org.apache.commons.codec.binary.HexTest.testEncodeHexByteBufferHelloWorldUpperCaseHex()	org.apache.commons.codec.binary.Hex.encodeHex(ByteBuffer)
org.apache.commons.codec.digest.Digest.run(MessageDigestAlgorithm[])	org.apache.commons.codec.digest.MessageDigestAlgorithm.isAvailable()
org.apache.commons.codec.language.MatchRatingApproachEncoderTest.testisEncodeEqualsSecondNameJust1Letter_ReturnsFalse()	org.apache.commons.codec.StringEncoderAbstractTest.getStringEncoder()
org.apache.commons.codec.digest.DigestUtils.sha512Hex(InputStream)	org.apache.commons.codec.binary.Hex.encodeHexString(byte[])
org.apache.commons.codec.language.MatchRatingApproachEncoderTest.testAccentRemoval_MixedWithUnusualChars_SuccessfullyRemovedAndUnusualcharactersInvariant()	org.apache.commons.codec.language.MatchRatingApproachEncoder.removeAccents(String)
org.apache.commons.codec.digest.DigestUtils.md5(String)	org.apache.commons.codec.binary.StringUtils.getBytesUtf8(String)
org.apache.commons.codec.binary.Base64InputStreamTest.testAvailable()	org.apache.commons.codec.binary.BaseNCodecInputStream.skip(long)
org.apache.commons.codec.digest.DigestUtils.shaHex(byte[])	org.apache.commons.codec.digest.DigestUtils.sha1Hex(byte[])
org.apache.commons.codec.language.MatchRatingApproachEncoder.encode(String)	org.apache.commons.codec.language.MatchRatingApproachEncoder.removeDoubleConsonants(String)
org.apache.commons.codec.binary.Base32OutputStreamTest.testBase32OutputStreamByChunk()	org.apache.commons.codec.binary.StringUtils.getBytesUtf8(String)
org.apache.commons.codec.digest.HmacUtilsTest.testGetHMac()	org.apache.commons.codec.digest.HmacUtils.getHmacSha256(byte[])
org.apache.commons.codec.language.bm.BeiderMorseEncoderTest.testAsciiEncodeNotEmpty1Letter()	org.apache.commons.codec.language.bm.BeiderMorseEncoderTest.createGenericApproxEncoder()
org.apache.commons.codec.language.MetaphoneTest.testIsMetaphoneEqual1()	org.apache.commons.codec.language.MetaphoneTest.assertMetaphoneEqual(String[][])
org.apache.commons.codec.net.QuotedPrintableCodecTest.testUnsafeEncodeDecode()	org.apache.commons.codec.net.QuotedPrintableCodec.decode(String)
org.apache.commons.codec.digest.DigestUtilsTest.testMd2Hex()	org.apache.commons.codec.digest.DigestUtils.md2Hex(InputStream)
org.apache.commons.codec.binary.HexTest.testDecodeBadCharacterPos0()	org.apache.commons.codec.binary.Hex.decode(Object)
org.apache.commons.codec.net.URLCodecTest.testDecodeObjects()	org.apache.commons.codec.net.URLCodecTest.validateState(URLCodec)
org.apache.commons.codec.language.Soundex.difference(String,String)	org.apache.commons.codec.language.SoundexUtils.difference(StringEncoder,String,String)
org.apache.commons.codec.language.NysiisTest.testRule4Dot2()	org.apache.commons.codec.language.NysiisTest.assertEncodings()
org.apache.commons.codec.net.URLCodecTest.testDecodeWithNullArray()	org.apache.commons.codec.net.URLCodec.decodeUrl(byte[])
org.apache.commons.codec.binary.Hex.encode(byte[])	org.apache.commons.codec.binary.Hex.getCharset()
org.apache.commons.codec.digest.HmacUtils.hmacSha1(byte[],InputStream)	org.apache.commons.codec.digest.HmacUtils.updateHmac(Mac,InputStream)
org.apache.commons.codec.language.Metaphone.metaphone(String)	org.apache.commons.codec.language.Metaphone.isPreviousChar(StringBuilder,int,char)
org.apache.commons.codec.digest.UnixCrypt.crypt(String)	org.apache.commons.codec.digest.UnixCrypt.crypt(byte[])
org.apache.commons.codec.language.bm.BeiderMorseEncoder.encode(Object)	org.apache.commons.codec.language.bm.BeiderMorseEncoder.encode(String)
org.apache.commons.codec.digest.DigestUtilsTest.testSha224()	org.apache.commons.codec.digest.DigestUtilsTest.assumeJava8()
org.apache.commons.codec.language.bm.PhoneticEngine.encode(String,LanguageSet)	org.apache.commons.codec.language.bm.Rule.getInstanceMap(NameType,RuleType,String)
org.apache.commons.codec.binary.Base64InputStreamTest.testRead0()	org.apache.commons.codec.binary.StringUtils.getBytesUtf8(String)
org.apache.commons.codec.digest.HmacUtilsTest.testInitializedMacNullKey()	org.apache.commons.codec.digest.HmacUtils.getInitializedMac(HmacAlgorithms,byte[])
org.apache.commons.codec.language.DoubleMetaphone.doubleMetaphone(String,boolean)	org.apache.commons.codec.language.DoubleMetaphone.getMaxCodeLen()
org.apache.commons.codec.language.MetaphoneTest.testWordsWithCIA()	org.apache.commons.codec.language.Metaphone.metaphone(String)
org.apache.commons.codec.language.DoubleMetaphone.doubleMetaphone(String,boolean)	org.apache.commons.codec.language.DoubleMetaphone.handleH(String,DoubleMetaphoneResult,int)
org.apache.commons.codec.language.MatchRatingApproachEncoderTest.testGetEncoding_Space_to_Nothing()	org.apache.commons.codec.language.MatchRatingApproachEncoder.encode(String)
org.apache.commons.codec.digest.DigestUtilsTest.testShaUpdateWithByteArray()	org.apache.commons.codec.binary.Hex.encodeHexString(byte[])
org.apache.commons.codec.language.Soundex.map(char)	org.apache.commons.codec.language.Soundex.getSoundexMapping()
org.apache.commons.codec.net.URLCodecTest.testEncodeUrlWithNullBitSet()	org.apache.commons.codec.net.URLCodec.decode(String)
org.apache.commons.codec.language.bm.Rule.parseRules(Scanner,String)	org.apache.commons.codec.language.bm.Rule.parseRules(Scanner,String)
org.apache.commons.codec.language.DoubleMetaphone.DoubleMetaphoneResult.append(String,String)	org.apache.commons.codec.language.DoubleMetaphone.DoubleMetaphoneResult.appendPrimary(String)
org.apache.commons.codec.binary.Base32InputStreamTest.testSkipNone()	org.apache.commons.codec.binary.BaseNCodecInputStream.skip(long)
org.apache.commons.codec.net.QuotedPrintableCodecTest.testEncodeUrlWithNullBitSet()	org.apache.commons.codec.net.QuotedPrintableCodec.decode(String)
org.apache.commons.codec.language.DaitchMokotoffSoundex.Branch.hashCode()	org.apache.commons.codec.language.DaitchMokotoffSoundex.Branch.toString()
org.apache.commons.codec.digest.Crypt.crypt(byte[],String)	org.apache.commons.codec.digest.Md5Crypt.md5Crypt(byte[],String)
org.apache.commons.codec.binary.Base64OutputStreamTest.testCodec98NPE()	org.apache.commons.codec.binary.StringUtils.newStringUtf8(byte[])
org.apache.commons.codec.language.MatchRatingApproachEncoderTest.testGetEncoding_One_Letter_to_Nothing()	org.apache.commons.codec.language.MatchRatingApproachEncoder.encode(String)
org.apache.commons.codec.language.MetaphoneTest.testIsMetaphoneEqualAlbert()	org.apache.commons.codec.language.MetaphoneTest.assertIsMetaphoneEqual(String,String[])
org.apache.commons.codec.language.MetaphoneTest.assertMetaphoneEqual(String[][])	org.apache.commons.codec.language.MetaphoneTest.validateFixture(String[][])
org.apache.commons.codec.language.ColognePhonetic.encode(Object)	org.apache.commons.codec.language.ColognePhonetic.encode(String)
org.apache.commons.codec.language.ColognePhonetic.CologneInputBuffer.getNextChar()	org.apache.commons.codec.language.ColognePhonetic.CologneInputBuffer.getNextPos()
org.apache.commons.codec.language.DoubleMetaphoneTest.testNTilde()	org.apache.commons.codec.StringEncoderAbstractTest.getStringEncoder()
org.apache.commons.codec.digest.Digest.run(String,MessageDigest,File[])	org.apache.commons.codec.digest.Digest.println(String,byte[])
org.apache.commons.codec.net.URLCodec.encode(String)	org.apache.commons.codec.net.URLCodec.getDefaultCharset()
org.apache.commons.codec.net.URLCodec.encode(Object)	org.apache.commons.codec.net.URLCodec.encode(String)
org.apache.commons.codec.digest.PureJavaCrc32Test.testCorrectness()	org.apache.commons.codec.digest.PureJavaCrc32Test.checkSame()
org.apache.commons.codec.language.MatchRatingApproachEncoderTest.testgetMinRating_5_Returns4_Successfully()	org.apache.commons.codec.StringEncoderAbstractTest.getStringEncoder()
org.apache.commons.codec.language.bm.PhoneticEngine.PhonemeBuilder.makeString()	org.apache.commons.codec.language.bm.Rule.Phoneme.getPhonemeText()
org.apache.commons.codec.binary.Base64InputStreamTest.testCodec130()	org.apache.commons.codec.binary.BaseNCodecOutputStream.close()
org.apache.commons.codec.language.DoubleMetaphoneTest.testIsDoubleMetaphoneEqualExtended3()	org.apache.commons.codec.StringEncoderAbstractTest.getStringEncoder()
org.apache.commons.codec.language.bm.BeiderMorseEncoder.getNameType()	org.apache.commons.codec.language.bm.PhoneticEngine.getNameType()
org.apache.commons.codec.digest.Digest.run(String,MessageDigest,File[])	org.apache.commons.codec.digest.DigestUtils.digest(MessageDigest,File)
org.apache.commons.codec.digest.DigestUtilsTest.testMd5HexLengthForBytes()	org.apache.commons.codec.digest.DigestUtils.md5Hex(byte[])
org.apache.commons.codec.language.DoubleMetaphone.conditionC0(String,int)	org.apache.commons.codec.language.DoubleMetaphone.isVowel(char)
org.apache.commons.codec.binary.Base32Test.testBase32Samples()	org.apache.commons.codec.binary.BaseNCodec.encodeAsString(byte[])
org.apache.commons.codec.binary.Base64Test.testDecodeEncode(String)	org.apache.commons.codec.binary.StringUtils.getBytesUtf8(String)
org.apache.commons.codec.language.MatchRatingApproachEncoderTest.testGetMinRating_1_Returns5_Successfully()	org.apache.commons.codec.language.MatchRatingApproachEncoder.getMinRating(int)
org.apache.commons.codec.binary.StringUtilsTest.testGetBytesUsAscii()	org.apache.commons.codec.binary.StringUtilsTest.testGetBytesUnchecked(String)
org.apache.commons.codec.language.NysiisTest.testBran()	org.apache.commons.codec.language.NysiisTest.encodeAll(String[],String)
org.apache.commons.codec.net.URLCodecTest.testDefaultEncoding()	org.apache.commons.codec.net.URLCodec.encode(String)
org.apache.commons.codec.net.QCodecTest.testLetUsMakeCloverHappy()	org.apache.commons.codec.net.QCodec.isEncodeBlanks()
org.apache.commons.codec.digest.DigestUtils.shaHex(InputStream)	org.apache.commons.codec.digest.DigestUtils.sha1Hex(InputStream)
org.apache.commons.codec.language.DaitchMokotoffSoundexTest.encode(String)	org.apache.commons.codec.language.DaitchMokotoffSoundex.encode(String)
org.apache.commons.codec.language.Caverphone1Test.testWikipediaExamples()	org.apache.commons.codec.StringEncoderAbstractTest.checkEncodings(String[][])
org.apache.commons.codec.language.bm.Rule.parseRules(Scanner,String)	org.apache.commons.codec.language.bm.Rule.createScanner(String)
org.apache.commons.codec.digest.Crypt.crypt(String)	org.apache.commons.codec.digest.Crypt.crypt(String,String)
org.apache.commons.codec.binary.Base32Test.testBase32Chunked()	org.apache.commons.codec.binary.BaseNCodec.encodeAsString(byte[])
org.apache.commons.codec.binary.Base64Test.testBase64InBuffer(int,int)	org.apache.commons.codec.binary.StringUtils.getBytesUtf8(String)
org.apache.commons.codec.digest.PureJavaCrc32Test.PerformanceTest.doBench(List<Class<Checksum>>,PrintStream)	org.apache.commons.codec.digest.PureJavaCrc32Test.PerformanceTest.doBench(Class<Checksum>,int,byte[],int)
org.apache.commons.codec.language.Nysiis.nysiis(String)	org.apache.commons.codec.language.Nysiis.isStrict()
org.apache.commons.codec.binary.BinaryCodecTest.testToAsciiBytes()	org.apache.commons.codec.binary.BinaryCodec.toAsciiBytes(byte[])
org.apache.commons.codec.language.bm.PhoneticEngineRegressionTest.encode(Map<String, String>,boolean,String)	org.apache.commons.codec.language.bm.PhoneticEngine.encode(String,LanguageSet)
org.apache.commons.codec.language.bm.PhoneticEngine.PhonemeBuilder.append(CharSequence)	org.apache.commons.codec.language.bm.Rule.Phoneme.append(CharSequence)
org.apache.commons.codec.binary.Base32InputStreamTest.testAvailable()	org.apache.commons.codec.binary.BaseNCodecInputStream.skip(long)
org.apache.commons.codec.language.MatchRatingApproachEncoder.isEncodeEquals(String,String)	org.apache.commons.codec.language.MatchRatingApproachEncoder.removeVowels(String)
org.apache.commons.codec.binary.Hex.encodeHex(byte[])	org.apache.commons.codec.binary.Hex.encodeHex(byte[],boolean)
org.apache.commons.codec.language.MetaphoneTest.testDiscardOfSCEOrSCIOrSCY()	org.apache.commons.codec.language.Metaphone.metaphone(String)
org.apache.commons.codec.digest.HmacUtils.hmacSha384Hex(byte[],InputStream)	org.apache.commons.codec.digest.HmacUtils.hmacSha384(byte[],InputStream)
org.apache.commons.codec.binary.Base64Test.testCodeInteger1()	org.apache.commons.codec.binary.Base64.decodeInteger(byte[])
org.apache.commons.codec.binary.StringUtilsTest.testNewStringUtf16Be()	org.apache.commons.codec.binary.StringUtilsTest.testNewString(String)
org.apache.commons.codec.language.DoubleMetaphoneTest.testIsDoubleMetaphoneEqualExtended3()	org.apache.commons.codec.language.DoubleMetaphone.isDoubleMetaphoneEqual(String,String,boolean)
org.apache.commons.codec.language.MatchRatingApproachEncoderTest.testCompare_SMITH_SMYTH_SuccessfullyMatched()	org.apache.commons.codec.language.MatchRatingApproachEncoder.isEncodeEquals(String,String)
org.apache.commons.codec.net.QuotedPrintableCodecTest.testSafeCharEncodeDecode()	org.apache.commons.codec.net.QuotedPrintableCodec.encode(String)
org.apache.commons.codec.net.QCodec.decode(String)	org.apache.commons.codec.net.RFC1522Codec.decodeText(String)
org.apache.commons.codec.binary.Base64Test.testNonBase64Test()	org.apache.commons.codec.binary.BaseNCodec.decode(byte[])
org.apache.commons.codec.binary.Base64InputStreamTest.testSkipBig()	org.apache.commons.codec.binary.BaseNCodecInputStream.read()
org.apache.commons.codec.language.MatchRatingApproachEncoderTest.testGetMinRating_13_Returns_1_Successfully()	org.apache.commons.codec.language.MatchRatingApproachEncoder.getMinRating(int)
org.apache.commons.codec.binary.HexTest.testEncodeByteArrayEmpty()	org.apache.commons.codec.binary.Hex.encode(byte[])
org.apache.commons.codec.net.URLCodecTest.testDecodeInvalid()	org.apache.commons.codec.net.URLCodecTest.validateState(URLCodec)
org.apache.commons.codec.language.bm.BeiderMorseEncoderTest.testOOM()	org.apache.commons.codec.language.bm.BeiderMorseEncoder.encode(String)
org.apache.commons.codec.digest.DigestUtils.sha1(File)	org.apache.commons.codec.digest.DigestUtils.digest(MessageDigest,File)
org.apache.commons.codec.language.MatchRatingApproachEncoderTest.testCompare_LongSurnames_MORIARTY_OMUIRCHEARTAIGH_DoesNotSuccessfulMatch()	org.apache.commons.codec.StringEncoderAbstractTest.getStringEncoder()
org.apache.commons.codec.net.BCodec.encode(String,String)	org.apache.commons.codec.net.RFC1522Codec.encodeText(String,String)
org.apache.commons.codec.digest.HmacUtils.hmacSha1(String,String)	org.apache.commons.codec.binary.StringUtils.getBytesUtf8(String)
org.apache.commons.codec.binary.Base32Test.testRandomBytesHex()	org.apache.commons.codec.binary.Base32TestData.randomData(BaseNCodec,int)
org.apache.commons.codec.language.DoubleMetaphoneTest.testCCedilla()	org.apache.commons.codec.language.DoubleMetaphone.isDoubleMetaphoneEqual(String,String)
org.apache.commons.codec.digest.DigestUtils.sha224Hex(ByteBuffer)	org.apache.commons.codec.binary.Hex.encodeHexString(byte[])
org.apache.commons.codec.language.Metaphone.metaphone(String)	org.apache.commons.codec.language.Metaphone.isLastChar(int,int)
org.apache.commons.codec.digest.DigestUtils.sha384(InputStream)	org.apache.commons.codec.digest.DigestUtils.digest(MessageDigest,InputStream)
org.apache.commons.codec.digest.Crypt.crypt(byte[],String)	org.apache.commons.codec.digest.Sha2Crypt.sha512Crypt(byte[])
org.apache.commons.codec.binary.Base64InputStreamTest.testCodec130()	org.apache.commons.codec.binary.StringUtils.getBytesUtf8(String)
org.apache.commons.codec.digest.DigestUtils.sha224Hex(String)	org.apache.commons.codec.binary.Hex.encodeHexString(byte[])
org.apache.commons.codec.language.SoundexTest.testDifference()	org.apache.commons.codec.language.Soundex.difference(String,String)
org.apache.commons.codec.language.DoubleMetaphone2Test.testDoubleMetaphoneAlternate()	org.apache.commons.codec.language.DoubleMetaphone2Test.checkDoubleMetaphone(int,boolean)
org.apache.commons.codec.digest.DigestUtils.md2Hex(byte[])	org.apache.commons.codec.binary.Hex.encodeHexString(byte[])
org.apache.commons.codec.net.QuotedPrintableCodec.encode(String)	org.apache.commons.codec.net.QuotedPrintableCodec.getCharset()
org.apache.commons.codec.language.DoubleMetaphone.isDoubleMetaphoneEqual(String,String)	org.apache.commons.codec.language.DoubleMetaphone.isDoubleMetaphoneEqual(String,String,boolean)
org.apache.commons.codec.digest.DigestUtils.md5Hex(ByteBuffer)	org.apache.commons.codec.binary.Hex.encodeHexString(byte[])
org.apache.commons.codec.binary.HexTest.testDecodeStringEmpty()	org.apache.commons.codec.binary.Hex.decode(Object)
org.apache.commons.codec.language.RefinedSoundexTest.testNewInstance()	org.apache.commons.codec.language.RefinedSoundex.soundex(String)
org.apache.commons.codec.digest.DigestUtils.md5(InputStream)	org.apache.commons.codec.digest.DigestUtils.digest(MessageDigest,InputStream)
org.apache.commons.codec.binary.Base32InputStreamTest.testReadNull()	org.apache.commons.codec.binary.StringUtils.getBytesUtf8(String)
org.apache.commons.codec.language.bm.BeiderMorseEncoderTest.testSpeedCheck2()	org.apache.commons.codec.language.bm.BeiderMorseEncoder.encode(Object)
org.apache.commons.codec.digest.PureJavaCrc32Test.Table.main(String[])	org.apache.commons.codec.digest.PureJavaCrc32Test.Table.toString()
org.apache.commons.codec.binary.BinaryCodecTest.testFromAsciiCharArray()	org.apache.commons.codec.binary.BinaryCodec.fromAscii(char[])
org.apache.commons.codec.digest.MessageDigestAlgorithmTest.testDigestFile()	org.apache.commons.codec.digest.DigestUtils.digest(MessageDigest,File)
org.apache.commons.codec.digest.HmacUtilsTest.testSha256HMacFail()	org.apache.commons.codec.digest.HmacUtils.hmacSha256(byte[],byte[])
org.apache.commons.codec.digest.MessageDigestAlgorithmTest.testDigestByteArray()	org.apache.commons.codec.digest.DigestUtils.digest(MessageDigest,byte[])
org.apache.commons.codec.language.MatchRatingApproachEncoderTest.testCompare_ZACH_ZAKARIA_SuccessfullyMatched()	org.apache.commons.codec.StringEncoderAbstractTest.getStringEncoder()
org.apache.commons.codec.language.SoundexTest.testUsMappingOWithDiaeresis()	org.apache.commons.codec.StringEncoderAbstractTest.getStringEncoder()
org.apache.commons.codec.digest.DigestUtils.sha384Hex(String)	org.apache.commons.codec.digest.DigestUtils.sha384(String)
org.apache.commons.codec.digest.DigestUtils.sha384(byte[])	org.apache.commons.codec.digest.DigestUtils.getSha384Digest()
org.apache.commons.codec.digest.MessageDigestAlgorithmTest.testDigestByteArray()	org.apache.commons.codec.digest.MessageDigestAlgorithm.isAvailable()
org.apache.commons.codec.digest.HmacUtils.hmacSha512(String,String)	org.apache.commons.codec.binary.StringUtils.getBytesUtf8(String)
org.apache.commons.codec.language.bm.Languages.SomeLanguages.merge(LanguageSet)	org.apache.commons.codec.language.bm.Languages.LanguageSet.from(Set<String>)
org.apache.commons.codec.digest.HmacUtilsTest.testHmacSha1UpdateWithInpustream()	org.apache.commons.codec.digest.HmacUtils.updateHmac(Mac,InputStream)
org.apache.commons.codec.binary.HexTest.testEncodeByteArrayObjectEmpty()	org.apache.commons.codec.binary.Hex.encode(Object)
org.apache.commons.codec.binary.Base64OutputStreamTest.testWriteOutOfBounds()	org.apache.commons.codec.binary.BaseNCodecOutputStream.write(byte[],int,int)
org.apache.commons.codec.binary.HexTest.testDecodeHexCharArrayOddCharacters3()	org.apache.commons.codec.binary.HexTest.checkDecodeHexCharArrayOddCharacters(char[])
org.apache.commons.codec.binary.StringUtilsTest.testGetBytesUtf16Le()	org.apache.commons.codec.binary.StringUtils.getBytesUtf16Le(String)
org.apache.commons.codec.language.DaitchMokotoffSoundexTest.testSoundexBasic2()	org.apache.commons.codec.language.DaitchMokotoffSoundexTest.soundex(String)
org.apache.commons.codec.binary.BinaryCodecTest.testToAsciiString()	org.apache.commons.codec.binary.BinaryCodec.toAsciiString(byte[])
org.apache.commons.codec.language.MatchRatingApproachEncoderTest.testGetMinRating_2_Returns5_Successfully()	org.apache.commons.codec.language.MatchRatingApproachEncoder.getMinRating(int)
org.apache.commons.codec.digest.MessageDigestAlgorithmTest.testDigestInputStream()	org.apache.commons.codec.digest.MessageDigestAlgorithm.getMessageDigest()
org.apache.commons.codec.language.DoubleMetaphoneTest.testDoubleMetaphone()	org.apache.commons.codec.language.DoubleMetaphoneTest.assertDoubleMetaphone(String,String)
org.apache.commons.codec.language.MatchRatingApproachEncoderTest.testRemoveVowel__DECLAN_Returns_DCLN()	org.apache.commons.codec.language.MatchRatingApproachEncoder.removeVowels(String)
org.apache.commons.codec.binary.StringUtilsTest.testGetBytesUtf16Le()	org.apache.commons.codec.binary.StringUtilsTest.testGetBytesUnchecked(String)
org.apache.commons.codec.digest.CryptTest.testCryptWithBytes()	org.apache.commons.codec.digest.Crypt.crypt(String,String)
org.apache.commons.codec.language.MatchRatingApproachEncoderTest.testGetEncoding_SMYTH_to_SMYTH()	org.apache.commons.codec.StringEncoderAbstractTest.getStringEncoder()
org.apache.commons.codec.language.SoundexTest.testEncodeBatch2()	org.apache.commons.codec.language.Soundex.encode(String)
org.apache.commons.codec.digest.DigestUtils.sha224Hex(byte[])	org.apache.commons.codec.digest.DigestUtils.sha224(byte[])
org.apache.commons.codec.language.DoubleMetaphone.conditionC0(String,int)	org.apache.commons.codec.language.DoubleMetaphone.contains(String,int,int,)
org.apache.commons.codec.binary.StringUtilsTest.testGetBytesUncheckedBadName()	org.apache.commons.codec.binary.StringUtils.getBytesUnchecked(String,String)
org.apache.commons.codec.digest.DigestUtils.sha256Hex(InputStream)	org.apache.commons.codec.digest.DigestUtils.sha256(InputStream)
org.apache.commons.codec.language.bm.PhoneticEngine.applyFinalRules(PhonemeBuilder,Map<String, List<Rule>>)	org.apache.commons.codec.language.bm.PhoneticEngine.PhonemeBuilder.getPhonemes()
org.apache.commons.codec.digest.HmacUtils.hmacMd5(byte[],InputStream)	org.apache.commons.codec.digest.HmacUtils.getHmacMd5(byte[])
org.apache.commons.codec.language.DoubleMetaphone.handleCH(String,DoubleMetaphoneResult,int)	org.apache.commons.codec.language.DoubleMetaphone.DoubleMetaphoneResult.append(char)
org.apache.commons.codec.language.bm.Rule.isMatch(CharSequence)	org.apache.commons.codec.language.bm.Rule.endsWith(CharSequence,CharSequence)
org.apache.commons.codec.digest.DigestUtilsTest.testShaUpdateWithString()	org.apache.commons.codec.digest.DigestUtils.updateDigest(MessageDigest,String)
org.apache.commons.codec.net.QuotedPrintableCodecTest.testSafeCharEncodeDecode()	org.apache.commons.codec.net.QuotedPrintableCodec.decode(String)
org.apache.commons.codec.binary.Base64Test.testConstructor_Int_ByteArray_Boolean_UrlSafe()	org.apache.commons.codec.binary.BaseNCodec.encode(byte[])
org.apache.commons.codec.digest.MessageDigestAlgorithmTest.testDigestFile()	org.apache.commons.codec.digest.MessageDigestAlgorithmTest.getTestFile()
org.apache.commons.codec.digest.HmacUtilsTest.testHmacSha1UpdateWithInpustream()	org.apache.commons.codec.digest.HmacUtils.getHmacSha1(byte[])
org.apache.commons.codec.binary.BaseNCodec.encodeToString(byte[])	org.apache.commons.codec.binary.StringUtils.newStringUtf8(byte[])
org.apache.commons.codec.digest.HmacUtilsTest.testGetHMac()	org.apache.commons.codec.digest.HmacUtils.getHmacSha384(byte[])
org.apache.commons.codec.digest.DigestUtils.sha512(byte[])	org.apache.commons.codec.digest.DigestUtils.getSha512Digest()
org.apache.commons.codec.digest.Sha256CryptTest.testSha256LargetThanBlocksize()	org.apache.commons.codec.digest.Sha2Crypt.sha256Crypt(byte[],String)
org.apache.commons.codec.language.DoubleMetaphone.handleG(String,DoubleMetaphoneResult,int,boolean)	org.apache.commons.codec.language.DoubleMetaphone.DoubleMetaphoneResult.append(char,char)
org.apache.commons.codec.binary.Base64Test.testDecodeEncode(String)	org.apache.commons.codec.binary.StringUtils.newStringUsAscii(byte[])
org.apache.commons.codec.binary.Base64Test.testByteToStringVariations()	org.apache.commons.codec.binary.StringUtils.getBytesUtf8(String)
org.apache.commons.codec.language.bm.Rule.isMatch(CharSequence)	org.apache.commons.codec.language.bm.Rule.contains(CharSequence,char)
org.apache.commons.codec.language.MatchRatingApproachEncoderTest.testleftTorightThenRightToLeft_EINSTEIN_MICHAELA_Returns0()	org.apache.commons.codec.language.MatchRatingApproachEncoder.leftToRightThenRightToLeftProcessing(String,String)
org.apache.commons.codec.digest.DigestUtils.md2Hex(InputStream)	org.apache.commons.codec.digest.DigestUtils.md2(InputStream)
org.apache.commons.codec.binary.Base64Codec13Test.testStaticEncode()	org.apache.commons.codec.binary.Base64Codec13Test.utf8(String)
org.apache.commons.codec.net.QuotedPrintableCodecTest.testUnsafeEncodeDecode()	org.apache.commons.codec.net.QuotedPrintableCodec.encode(String)
org.apache.commons.codec.StringEncoderAbstractTest.testLocaleIndependence()	org.apache.commons.codec.StringEncoder.encode(String)
org.apache.commons.codec.binary.HexTest.testEncodeHexByteArrayHelloWorldUpperCaseHex()	org.apache.commons.codec.binary.Hex.encodeHex(byte[],boolean)
org.apache.commons.codec.binary.BinaryCodec.encode(Object)	org.apache.commons.codec.binary.BinaryCodec.toAsciiChars(byte[])
org.apache.commons.codec.binary.Base64Test.testDecodePadMarkerIndex2()	org.apache.commons.codec.binary.Base64.decodeBase64(byte[])
org.apache.commons.codec.digest.UnixCryptTest.testUnixCryptBytes()	org.apache.commons.codec.digest.Crypt.crypt(String,String)
org.apache.commons.codec.language.MatchRatingApproachEncoderTest.testCompare_COLM_COLIN_WithAccentsAndSymbolsAndSpaces_SuccessfullyMatched()	org.apache.commons.codec.language.MatchRatingApproachEncoder.isEncodeEquals(String,String)
org.apache.commons.codec.digest.HmacUtils.hmacSha384Hex(byte[],byte[])	org.apache.commons.codec.binary.Hex.encodeHexString(byte[])
org.apache.commons.codec.binary.Base32OutputStreamTest.testBase32OutputStreamByteByByte()	org.apache.commons.codec.binary.Base32TestData.randomData(BaseNCodec,int)
org.apache.commons.codec.binary.Base32OutputStreamTest.testWriteToNullCoverage()	org.apache.commons.codec.binary.BaseNCodecOutputStream.close()
org.apache.commons.codec.digest.Md5Crypt.md5Crypt(byte[],String,String)	org.apache.commons.codec.digest.B64.getRandomSalt(int)
org.apache.commons.codec.digest.DigestUtilsTest.testShaHex()	org.apache.commons.codec.digest.DigestUtils.shaHex(InputStream)
org.apache.commons.codec.language.ColognePhonetic.colognePhonetic(String)	org.apache.commons.codec.language.ColognePhonetic.CologneInputBuffer.removeNext()
org.apache.commons.codec.language.ColognePhonetic.colognePhonetic(String)	org.apache.commons.codec.language.ColognePhonetic.CologneInputBuffer.addLeft(char)
org.apache.commons.codec.digest.MessageDigestAlgorithmTest.testDigestByteBuffer()	org.apache.commons.codec.digest.MessageDigestAlgorithmTest.digestTestData()
org.apache.commons.codec.net.URLCodecTest.testDecodeInvalidContent()	org.apache.commons.codec.net.URLCodec.decode(byte[])
org.apache.commons.codec.language.SoundexTest.testSoundexUtilsNullBehaviour()	org.apache.commons.codec.language.SoundexUtils.clean(String)
org.apache.commons.codec.net.RFC1522CodecTest.assertExpectedDecoderException(String)	org.apache.commons.codec.net.RFC1522Codec.decodeText(String)
org.apache.commons.codec.binary.Base64Test.testStringToByteVariations()	org.apache.commons.codec.binary.StringUtils.newStringUtf8(byte[])
org.apache.commons.codec.digest.DigestUtilsTest.testMd5Hex()	org.apache.commons.codec.digest.DigestUtils.md5Hex(byte[])
org.apache.commons.codec.StringEncoderAbstractTest.testEncodeEmpty()	org.apache.commons.codec.StringEncoderAbstractTest.getStringEncoder()
org.apache.commons.codec.binary.Base64Test.testStringToByteVariations()	org.apache.commons.codec.binary.BaseNCodec.decode(Object)
org.apache.commons.codec.binary.HexTest.testEncodeStringEmpty()	org.apache.commons.codec.binary.Hex.encode(Object)
org.apache.commons.codec.binary.HexTest.testEncodeByteBufferObjectEmpty()	org.apache.commons.codec.binary.Hex.encode(Object)
org.apache.commons.codec.language.DoubleMetaphone.handleZ(String,DoubleMetaphoneResult,int,boolean)	org.apache.commons.codec.language.DoubleMetaphone.DoubleMetaphoneResult.append(String,String)
org.apache.commons.codec.net.QuotedPrintableCodecTest.testBasicEncodeDecode()	org.apache.commons.codec.net.QuotedPrintableCodec.decode(String)
org.apache.commons.codec.binary.Base32InputStreamTest.testSkipNone()	org.apache.commons.codec.binary.BaseNCodecInputStream.read(byte[],int,int)
org.apache.commons.codec.net.QuotedPrintableCodec.decode(Object)	org.apache.commons.codec.net.QuotedPrintableCodec.decode(String)
org.apache.commons.codec.language.DoubleMetaphone.handleCC(String,DoubleMetaphoneResult,int)	org.apache.commons.codec.language.DoubleMetaphone.contains(String,int,int,)
org.apache.commons.codec.digest.DigestUtils.md2Hex(InputStream)	org.apache.commons.codec.binary.Hex.encodeHexString(byte[])
org.apache.commons.codec.digest.DigestUtilsTest.testSha256()	org.apache.commons.codec.digest.DigestUtils.sha256Hex(String)
org.apache.commons.codec.digest.PureJavaCrc32Test.checkOnBytes(byte[],boolean)	org.apache.commons.codec.digest.PureJavaCrc32.update(int)
org.apache.commons.codec.binary.Base64.isBase64(String)	org.apache.commons.codec.binary.StringUtils.getBytesUtf8(String)
org.apache.commons.codec.StringEncoderAbstractTest.checkEncoding(String,String)	org.apache.commons.codec.StringEncoderAbstractTest.getStringEncoder()
org.apache.commons.codec.language.DoubleMetaphone.doubleMetaphone(String,boolean)	org.apache.commons.codec.language.DoubleMetaphone.isSilentStart(String)
org.apache.commons.codec.binary.Base64.encodeBase64(byte[],boolean,boolean)	org.apache.commons.codec.binary.Base64.encodeBase64(byte[],boolean,boolean,int)
org.apache.commons.codec.digest.HmacUtils.hmacSha256Hex(byte[],InputStream)	org.apache.commons.codec.digest.HmacUtils.hmacSha256(byte[],InputStream)
org.apache.commons.codec.digest.DigestUtilsTest.testSha256HexFile()	org.apache.commons.codec.digest.DigestUtils.sha256Hex(File)
org.apache.commons.codec.language.DoubleMetaphoneTest.doubleMetaphoneEqualTest(String[][],boolean)	org.apache.commons.codec.language.DoubleMetaphone.isDoubleMetaphoneEqual(String,String)
org.apache.commons.codec.binary.StringUtilsTest.testGetBytesUnchecked(String)	org.apache.commons.codec.binary.StringUtils.getBytesUnchecked(String,String)
org.apache.commons.codec.language.MatchRatingApproachEncoderTest.testAccentRemoval_NullValue_ReturnNullSuccessfully()	org.apache.commons.codec.language.MatchRatingApproachEncoder.removeAccents(String)
org.apache.commons.codec.language.MatchRatingApproachEncoderTest.testCompare_SurnamesCornerCase_MURPHY_Space_NoMatch()	org.apache.commons.codec.language.MatchRatingApproachEncoder.isEncodeEquals(String,String)
org.apache.commons.codec.digest.HmacUtils.hmacSha256(String,String)	org.apache.commons.codec.binary.StringUtils.getBytesUtf8(String)
org.apache.commons.codec.digest.HmacUtils.getInitializedMac(HmacAlgorithms,byte[])	org.apache.commons.codec.digest.HmacUtils.getInitializedMac(String,byte[])
org.apache.commons.codec.binary.Base64Codec13Test.testBinaryEncoder()	org.apache.commons.codec.binary.Base64Codec13Test.utf8(String)
org.apache.commons.codec.binary.StringUtils.getBytesUtf8(String)	org.apache.commons.codec.binary.StringUtils.getBytes(String,Charset)
org.apache.commons.codec.binary.Base64Test.testRfc4648Section10Decode()	org.apache.commons.codec.binary.StringUtils.newStringUsAscii(byte[])
org.apache.commons.codec.language.bm.Rule.pattern(String)	org.apache.commons.codec.language.bm.Rule.startsWith(CharSequence,CharSequence)
org.apache.commons.codec.language.bm.Rule.createScanner(NameType,RuleType,String)	org.apache.commons.codec.language.bm.Rule.createResourceName(NameType,RuleType,String)
org.apache.commons.codec.binary.HexTest.testEncodeHexByteArrayHelloWorldLowerCaseHex()	org.apache.commons.codec.binary.Hex.encodeHex(byte[],boolean)
org.apache.commons.codec.digest.DigestUtilsTest.testMd2Hex()	org.apache.commons.codec.digest.DigestUtils.md2Hex(byte[])
org.apache.commons.codec.digest.HmacUtilsTest.testSha1HMac()	org.apache.commons.codec.digest.HmacUtils.hmacSha1(byte[],InputStream)
org.apache.commons.codec.net.BCodecTest.testUTF8RoundTrip()	org.apache.commons.codec.net.BCodec.encode(String)
org.apache.commons.codec.binary.Base64InputStreamTest.testSkipPastEnd()	org.apache.commons.codec.binary.StringUtils.getBytesIso8859_1(String)
org.apache.commons.codec.binary.HexTest.testEncodeDecodeHexCharArrayRandom()	org.apache.commons.codec.binary.Hex.decodeHex(char[])
org.apache.commons.codec.language.DoubleMetaphone.isDoubleMetaphoneEqual(String,String,boolean)	org.apache.commons.codec.language.DoubleMetaphone.doubleMetaphone(String,boolean)
org.apache.commons.codec.language.NysiisTest.testTranan()	org.apache.commons.codec.language.NysiisTest.encodeAll(String[],String)
org.apache.commons.codec.language.SoundexTest.testHWRuleEx2()	org.apache.commons.codec.StringEncoderAbstractTest.getStringEncoder()
org.apache.commons.codec.binary.Base64InputStreamTest.testSkipNone()	org.apache.commons.codec.binary.StringUtils.getBytesIso8859_1(String)
org.apache.commons.codec.language.MatchRatingApproachEncoderTest.testCompare_Surname_PRZEMYSL_PSHEMESHIL_SuccessfullyMatched()	org.apache.commons.codec.StringEncoderAbstractTest.getStringEncoder()
org.apache.commons.codec.digest.Sha2Crypt.sha256Crypt(byte[],String)	org.apache.commons.codec.digest.Sha2Crypt.sha2Crypt(byte[],String,String,int,String)
org.apache.commons.codec.language.bm.BeiderMorseEncoderTest.testNegativeIndexForRuleMatchIndexOutOfBoundsException()	org.apache.commons.codec.language.bm.Rule.patternAndContextMatches(CharSequence,int)
org.apache.commons.codec.net.URLCodecTest.testUTF8RoundTrip()	org.apache.commons.codec.net.URLCodecTest.validateState(URLCodec)
org.apache.commons.codec.language.Metaphone.metaphone(String)	org.apache.commons.codec.language.Metaphone.regionMatch(StringBuilder,int,String)
org.apache.commons.codec.language.MatchRatingApproachEncoderTest.testCompare_Surname_ROSOCHOWACIEC_ROSOKHOVATSETS_SuccessfullyMatched()	org.apache.commons.codec.language.MatchRatingApproachEncoder.isEncodeEquals(String,String)
org.apache.commons.codec.net.QuotedPrintableCodecTest.testEncodeUrlWithNullBitSet()	org.apache.commons.codec.net.QuotedPrintableCodec.encodeQuotedPrintable(BitSet,byte[])
org.apache.commons.codec.binary.Base64.encodeBase64(byte[],boolean,boolean,int)	org.apache.commons.codec.binary.BaseNCodec.encode(byte[])
org.apache.commons.codec.language.MatchRatingApproachEncoderTest.testGetMinRating_7_Return4_Successfully()	org.apache.commons.codec.language.MatchRatingApproachEncoder.getMinRating(int)
org.apache.commons.codec.language.DoubleMetaphone.handleGH(String,DoubleMetaphoneResult,int)	org.apache.commons.codec.language.DoubleMetaphone.charAt(String,int)
org.apache.commons.codec.language.MatchRatingApproachEncoderTest.testCompare_Surname_OSULLIVAN_OSUILLEABHAIN_SuccessfulMatch()	org.apache.commons.codec.language.MatchRatingApproachEncoder.isEncodeEquals(String,String)
org.apache.commons.codec.net.QuotedPrintableCodecTest.testUltimateSoftBreak()	org.apache.commons.codec.net.QuotedPrintableCodec.encode(String)
org.apache.commons.codec.binary.BaseNCodecInputStream.read(byte[],int,int)	org.apache.commons.codec.binary.BaseNCodec.readResults(byte[],int,int,Context)
org.apache.commons.codec.binary.Base64Test.testEncodeDecodeSmall()	org.apache.commons.codec.binary.Base64.decodeBase64(byte[])
org.apache.commons.codec.digest.Apr1CryptTest.testApr1CryptNullData()	org.apache.commons.codec.digest.Md5Crypt.apr1Crypt(byte[])
org.apache.commons.codec.digest.DigestUtilsTest.testSha512HexByteBuffer()	org.apache.commons.codec.digest.DigestUtils.sha512Hex(byte[])
org.apache.commons.codec.language.MetaphoneTest.testIsMetaphoneEqualRay()	org.apache.commons.codec.language.MetaphoneTest.assertIsMetaphoneEqual(String,String[])
org.apache.commons.codec.language.MatchRatingApproachEncoderTest.testisVowel_SingleVowel_ReturnsTrue()	org.apache.commons.codec.StringEncoderAbstractTest.getStringEncoder()
org.apache.commons.codec.net.QuotedPrintableCodecTest.testBasicEncodeDecode()	org.apache.commons.codec.net.QuotedPrintableCodec.encode(String)
org.apache.commons.codec.binary.Base64TestData.streamToBytes(InputStream,byte[])	org.apache.commons.codec.binary.Base64TestData.resizeArray(byte[])
org.apache.commons.codec.digest.DigestUtils.sha384Hex(String)	org.apache.commons.codec.binary.Hex.encodeHexString(byte[])
org.apache.commons.codec.digest.UnixCrypt.crypt(byte[],String)	org.apache.commons.codec.digest.UnixCrypt.intToFourBytes(int,byte[],int)
org.apache.commons.codec.language.MetaphoneTest.testWordEndingInMB()	org.apache.commons.codec.language.Metaphone.metaphone(String)
org.apache.commons.codec.language.bm.BeiderMorseEncoder.setConcat(boolean)	org.apache.commons.codec.language.bm.PhoneticEngine.getRuleType()
org.apache.commons.codec.binary.Base32InputStreamTest.testCodec130()	org.apache.commons.codec.binary.BaseNCodecInputStream.skip(long)
org.apache.commons.codec.net.QuotedPrintableCodecTest.testEncodeNull()	org.apache.commons.codec.net.QuotedPrintableCodec.encode(byte[])
org.apache.commons.codec.digest.DigestUtils.sha256Hex(byte[])	org.apache.commons.codec.digest.DigestUtils.sha256(byte[])
org.apache.commons.codec.language.MatchRatingApproachEncoderTest.testRemoveSingleDoubleConsonants_BUBLE_RemovedSuccessfully()	org.apache.commons.codec.language.MatchRatingApproachEncoder.removeDoubleConsonants(String)
org.apache.commons.codec.digest.MessageDigestAlgorithmTest.getTestData()	org.apache.commons.codec.digest.DigestUtilsTest.getTestData()
org.apache.commons.codec.digest.DigestUtils.sha(byte[])	org.apache.commons.codec.digest.DigestUtils.sha1(byte[])
org.apache.commons.codec.binary.Base64Codec13Test.testBinaryDecoder()	org.apache.commons.codec.BinaryDecoder.decode(byte[])
org.apache.commons.codec.binary.HexTest.testDecodeByteArrayEmpty()	org.apache.commons.codec.binary.Hex.decode(byte[])
org.apache.commons.codec.digest.HmacUtilsTest.testSha512HMac()	org.apache.commons.codec.digest.HmacUtils.hmacSha512Hex(byte[],InputStream)
org.apache.commons.codec.language.DoubleMetaphone.handleW(String,DoubleMetaphoneResult,int)	org.apache.commons.codec.language.DoubleMetaphone.DoubleMetaphoneResult.append(char,char)
org.apache.commons.codec.binary.StringUtilsTest.testGetBytesUtf8()	org.apache.commons.codec.binary.StringUtils.getBytesUtf8(String)
org.apache.commons.codec.digest.DigestUtils.sha1(String)	org.apache.commons.codec.digest.DigestUtils.sha1(byte[])
org.apache.commons.codec.language.SoundexTest.testSoundexUtilsNullBehaviour()	org.apache.commons.codec.language.SoundexUtils.differenceEncoded(String,String)
org.apache.commons.codec.language.RefinedSoundexTest.testNewInstance2()	org.apache.commons.codec.language.RefinedSoundex.soundex(String)
org.apache.commons.codec.net.QCodec.doEncoding(byte[])	org.apache.commons.codec.net.QuotedPrintableCodec.encodeQuotedPrintable(BitSet,byte[])
org.apache.commons.codec.language.MatchRatingApproachEncoderTest.testCompare_SurnameCornerCase_Nulls_NoMatch()	org.apache.commons.codec.language.MatchRatingApproachEncoder.isEncodeEquals(String,String)
org.apache.commons.codec.binary.Base64Test.testCodeInteger4()	org.apache.commons.codec.binary.Base64.encodeInteger(BigInteger)
org.apache.commons.codec.digest.Apr1CryptTest.testApr1CryptWithInvalidSalt()	org.apache.commons.codec.digest.Md5Crypt.apr1Crypt(byte[],String)
org.apache.commons.codec.digest.CryptTest.testCryptWithBytes()	org.apache.commons.codec.digest.Crypt.crypt(byte[])
org.apache.commons.codec.digest.MessageDigestAlgorithmTest.testDigestByteArray()	org.apache.commons.codec.digest.MessageDigestAlgorithm.digest(byte[])
org.apache.commons.codec.language.DoubleMetaphone.handleC(String,DoubleMetaphoneResult,int)	org.apache.commons.codec.language.DoubleMetaphone.DoubleMetaphoneResult.append(char)
org.apache.commons.codec.net.URLCodecTest.testUTF8RoundTrip()	org.apache.commons.codec.net.URLCodec.encode(String,String)
org.apache.commons.codec.binary.Base32InputStreamTest.testReadNull()	org.apache.commons.codec.binary.BaseNCodecInputStream.read(byte[],int,int)
org.apache.commons.codec.net.QuotedPrintableCodec.decode(String,Charset)	org.apache.commons.codec.net.QuotedPrintableCodec.decode(byte[])
org.apache.commons.codec.language.ColognePhonetic.colognePhonetic(String)	org.apache.commons.codec.language.ColognePhonetic.CologneBuffer.toString()
org.apache.commons.codec.binary.Base64OutputStreamTest.testBase64OutputStreamByChunk()	org.apache.commons.codec.binary.StringUtils.getBytesUtf8(String)
org.apache.commons.codec.language.MatchRatingApproachEncoderTest.testisEncodeEquals_CornerCase_SecondNameJustSpace_ReturnsFalse()	org.apache.commons.codec.StringEncoderAbstractTest.getStringEncoder()
org.apache.commons.codec.language.DoubleMetaphone.doubleMetaphone(String,boolean)	org.apache.commons.codec.language.DoubleMetaphone.cleanInput(String)
org.apache.commons.codec.language.DoubleMetaphone.handleCC(String,DoubleMetaphoneResult,int)	org.apache.commons.codec.language.DoubleMetaphone.DoubleMetaphoneResult.append(String)
org.apache.commons.codec.language.MatchRatingApproachEncoderTest.testGetEncoding_SMYTH_to_SMYTH()	org.apache.commons.codec.language.MatchRatingApproachEncoder.encode(String)
org.apache.commons.codec.language.DoubleMetaphone.DoubleMetaphoneResult.append(String)	org.apache.commons.codec.language.DoubleMetaphone.DoubleMetaphoneResult.appendAlternate(String)
org.apache.commons.codec.binary.BaseNCodecOutputStream.write(int)	org.apache.commons.codec.binary.BaseNCodecOutputStream.write(byte[],int,int)
org.apache.commons.codec.net.QuotedPrintableCodec.encodeQuotedPrintable(BitSet,byte[],boolean)	org.apache.commons.codec.net.QuotedPrintableCodec.isWhitespace(int)
org.apache.commons.codec.digest.PureJavaCrc32Test.PerformanceTest.main(String[])	org.apache.commons.codec.digest.PureJavaCrc32Test.PerformanceTest.printSystemProperties(PrintStream)
org.apache.commons.codec.binary.Base64Test.testKnownEncodings()	org.apache.commons.codec.binary.Base64.encodeBase64Chunked(byte[])
org.apache.commons.codec.digest.DigestUtilsTest.testSha1UpdateWithByteBuffer()	org.apache.commons.codec.digest.DigestUtils.getSha1Digest()
org.apache.commons.codec.binary.HexTest.checkDecodeHexCharArrayOddCharacters(char[])	org.apache.commons.codec.binary.Hex.decodeHex(char[])
org.apache.commons.codec.digest.DigestUtils.sha512(InputStream)	org.apache.commons.codec.digest.DigestUtils.digest(MessageDigest,InputStream)
org.apache.commons.codec.digest.DigestUtils.sha512Hex(ByteBuffer)	org.apache.commons.codec.digest.DigestUtils.sha512(ByteBuffer)
org.apache.commons.codec.language.SoundexTest.testEncodeBatch2()	org.apache.commons.codec.StringEncoderAbstractTest.getStringEncoder()
org.apache.commons.codec.net.QuotedPrintableCodecTest.testSoftLineBreakEncode()	org.apache.commons.codec.net.QuotedPrintableCodec.encode(String)
org.apache.commons.codec.language.RefinedSoundexTest.testEncode()	org.apache.commons.codec.language.RefinedSoundex.encode(String)
org.apache.commons.codec.digest.Apr1CryptTest.testApr1CryptBytes()	org.apache.commons.codec.digest.Md5Crypt.apr1Crypt(String,String)
org.apache.commons.codec.binary.Base64InputStreamTest.testSkipNone()	org.apache.commons.codec.binary.BaseNCodecInputStream.read()
org.apache.commons.codec.language.DoubleMetaphone.encode(String)	org.apache.commons.codec.language.DoubleMetaphone.doubleMetaphone(String)
org.apache.commons.codec.digest.DigestUtils.md5Hex(byte[])	org.apache.commons.codec.digest.DigestUtils.md5(byte[])
org.apache.commons.codec.digest.HmacUtilsTest.testMd5HMac()	org.apache.commons.codec.digest.HmacUtils.hmacMd5(byte[],byte[])
org.apache.commons.codec.language.DoubleMetaphoneTest.doubleMetaphoneEqualTest(String[][],boolean)	org.apache.commons.codec.StringEncoderAbstractTest.getStringEncoder()
org.apache.commons.codec.binary.Base32InputStreamTest.testSkipToEnd()	org.apache.commons.codec.binary.BaseNCodecInputStream.skip(long)
org.apache.commons.codec.binary.HexTest.testEncodeDecodeHexCharArrayRandom()	org.apache.commons.codec.binary.Hex.encodeHex(byte[])
org.apache.commons.codec.language.bm.BeiderMorseEncoder.encode(String)	org.apache.commons.codec.language.bm.PhoneticEngine.encode(String)
org.apache.commons.codec.net.QCodecTest.testUnsafeEncodeDecode()	org.apache.commons.codec.net.QCodec.decode(String)
org.apache.commons.codec.language.bm.PhoneticEngine.encode(String,LanguageSet)	org.apache.commons.codec.language.bm.PhoneticEngine.join(Iterable<String>,String)
org.apache.commons.codec.language.MatchRatingApproachEncoderTest.testCompare_STEPHEN_STEVEN_SuccessfullyMatched()	org.apache.commons.codec.StringEncoderAbstractTest.getStringEncoder()
org.apache.commons.codec.language.SoundexTest.testEncodeIgnoreApostrophes()	org.apache.commons.codec.StringEncoderAbstractTest.checkEncodingVariations(String,String[])
org.apache.commons.codec.binary.Base64Codec13Test.testStaticEncode()	org.apache.commons.codec.binary.Base64.encodeBase64(byte[])
org.apache.commons.codec.language.MetaphoneTest.assertIsMetaphoneEqual(String,String[])	org.apache.commons.codec.StringEncoderAbstractTest.getStringEncoder()
org.apache.commons.codec.language.RefinedSoundex.encode(String)	org.apache.commons.codec.language.RefinedSoundex.soundex(String)
org.apache.commons.codec.digest.HmacUtilsTest.testSha384HMac()	org.apache.commons.codec.digest.HmacUtils.hmacSha384Hex(byte[],InputStream)
org.apache.commons.codec.digest.HmacUtilsTest.testGetHMac()	org.apache.commons.codec.digest.HmacUtils.getHmacSha1(byte[])
org.apache.commons.codec.digest.Sha256CryptTest.testSha256CryptExplicitCall()	org.apache.commons.codec.digest.Sha2Crypt.sha256Crypt(byte[])
org.apache.commons.codec.binary.Base64Codec13Test.testBinaryEncoder()	org.apache.commons.codec.BinaryEncoder.encode(byte[])
org.apache.commons.codec.digest.Sha2Crypt.sha512Crypt(byte[])	org.apache.commons.codec.digest.Sha2Crypt.sha512Crypt(byte[],String)
org.apache.commons.codec.digest.DigestUtils.sha256(InputStream)	org.apache.commons.codec.digest.DigestUtils.digest(MessageDigest,InputStream)
org.apache.commons.codec.digest.MessageDigestAlgorithmTest.testDigestInputStream()	org.apache.commons.codec.digest.MessageDigestAlgorithm.isAvailable()
org.apache.commons.codec.language.NysiisTest.testRule7()	org.apache.commons.codec.language.NysiisTest.assertEncodings()
org.apache.commons.codec.digest.DigestUtilsTest.testSha1UpdateWithByteArray()	org.apache.commons.codec.digest.DigestUtils.getSha1Digest()
org.apache.commons.codec.binary.Base64OutputStreamTest.testBase64OutputStreamByChunk()	org.apache.commons.codec.binary.Base64TestData.randomData(int,boolean)
org.apache.commons.codec.language.bm.BeiderMorseEncoderTest.testAsciiEncodeNotEmpty1Letter()	org.apache.commons.codec.language.bm.BeiderMorseEncoderTest.assertNotEmpty(BeiderMorseEncoder,String)
org.apache.commons.codec.digest.DigestUtilsTest.testSha1UpdateWithString()	org.apache.commons.codec.binary.StringUtils.getBytesUtf8(String)
org.apache.commons.codec.digest.DigestUtils.sha224(File)	org.apache.commons.codec.digest.DigestUtils.digest(MessageDigest,File)
org.apache.commons.codec.language.bm.PhoneticEngine.encode(String,LanguageSet)	org.apache.commons.codec.language.bm.PhoneticEngine.RulesApplication.getPhonemeBuilder()
org.apache.commons.codec.binary.Base64Test.testPairs()	org.apache.commons.codec.binary.Base64.decodeBase64(byte[])
org.apache.commons.codec.binary.Hex.decode(Object)	org.apache.commons.codec.binary.Hex.decode(byte[])
org.apache.commons.codec.digest.HmacUtilsTest.testSha512HMac()	org.apache.commons.codec.digest.HmacUtils.hmacSha512(byte[],InputStream)
org.apache.commons.codec.language.bm.Rule.getInstanceMap(NameType,RuleType,LanguageSet)	org.apache.commons.codec.language.bm.Languages.LanguageSet.getAny()
org.apache.commons.codec.language.SoundexTest.testHWRuleEx3()	org.apache.commons.codec.language.Soundex.encode(String)
org.apache.commons.codec.digest.DigestUtils.sha512Hex(byte[])	org.apache.commons.codec.digest.DigestUtils.sha512(byte[])
org.apache.commons.codec.language.bm.Rule.getInstance(NameType,RuleType,String)	org.apache.commons.codec.language.bm.Languages.LanguageSet.from(Set<String>)
org.apache.commons.codec.binary.Base64InputStreamTest.testSkipPastEnd()	org.apache.commons.codec.binary.BaseNCodecInputStream.skip(long)
org.apache.commons.codec.language.DoubleMetaphone.doubleMetaphone(String,boolean)	org.apache.commons.codec.language.DoubleMetaphone.handleJ(String,DoubleMetaphoneResult,int,boolean)
org.apache.commons.codec.digest.DigestUtils.getSha256Digest()	org.apache.commons.codec.digest.MessageDigestAlgorithm.getMessageDigest()
org.apache.commons.codec.digest.DigestUtilsTest.testMd5LengthForBytes()	org.apache.commons.codec.binary.StringUtils.getBytesUtf8(String)
org.apache.commons.codec.language.DaitchMokotoffSoundexTest.testEncodeIgnoreHyphens()	org.apache.commons.codec.StringEncoderAbstractTest.checkEncodingVariations(String,String[])
org.apache.commons.codec.net.URLCodecTest.testEncodeNull()	org.apache.commons.codec.net.URLCodec.encode(byte[])
org.apache.commons.codec.net.BCodec.encode(Object)	org.apache.commons.codec.net.BCodec.encode(String)
org.apache.commons.codec.digest.HmacUtils.hmacSha1Hex(byte[],byte[])	org.apache.commons.codec.binary.Hex.encodeHexString(byte[])
org.apache.commons.codec.language.SoundexTest.testMsSqlServer2()	org.apache.commons.codec.StringEncoderAbstractTest.checkEncodingVariations(String,String[])
org.apache.commons.codec.binary.Base32InputStreamTest.testBase32EmptyInputStreamPemChuckSize()	org.apache.commons.codec.binary.Base32InputStreamTest.testBase32EmptyInputStream(int)
org.apache.commons.codec.digest.HmacUtilsTest.testMd5HMac()	org.apache.commons.codec.digest.HmacUtils.hmacMd5Hex(byte[],InputStream)
org.apache.commons.codec.language.MatchRatingApproachEncoderTest.testCompare_TOMASZ_TOM_SuccessfullyMatched()	org.apache.commons.codec.language.MatchRatingApproachEncoder.isEncodeEquals(String,String)
org.apache.commons.codec.digest.HmacUtils.hmacSha256Hex(String,String)	org.apache.commons.codec.binary.Hex.encodeHexString(byte[])
org.apache.commons.codec.net.URLCodec.encode(String,String)	org.apache.commons.codec.binary.StringUtils.newStringUsAscii(byte[])
org.apache.commons.codec.digest.UnixCrypt.desSetKey(byte[])	org.apache.commons.codec.digest.UnixCrypt.fourBytesToInt(byte[],int)
org.apache.commons.codec.language.MatchRatingApproachEncoderTest.testGetMinRating_7_Return4_Successfully()	org.apache.commons.codec.StringEncoderAbstractTest.getStringEncoder()
org.apache.commons.codec.language.MatchRatingApproachEncoderTest.testGetMinRating_1_Returns5_Successfully()	org.apache.commons.codec.StringEncoderAbstractTest.getStringEncoder()
org.apache.commons.codec.language.Caverphone.encode(String)	org.apache.commons.codec.language.Caverphone.caverphone(String)
org.apache.commons.codec.net.QuotedPrintableCodec.encode(String,Charset)	org.apache.commons.codec.net.QuotedPrintableCodec.encode(byte[])
org.apache.commons.codec.digest.DigestUtilsTest.testSha256HexFile()	org.apache.commons.codec.digest.DigestUtils.sha256Hex(byte[])
org.apache.commons.codec.language.MatchRatingApproachEncoderTest.testCompare_Forenames_UNA_OONAGH_ShouldSuccessfullyMatchButDoesNot()	org.apache.commons.codec.language.MatchRatingApproachEncoder.isEncodeEquals(String,String)
org.apache.commons.codec.digest.MessageDigestAlgorithmTest.testDigestInputStream()	org.apache.commons.codec.digest.DigestUtils.digest(MessageDigest,InputStream)
org.apache.commons.codec.binary.Base64Codec13Test.testStaticEncodeChunked()	org.apache.commons.codec.binary.Base64Codec13Test.utf8(String)
org.apache.commons.codec.digest.DigestUtils.sha512(File)	org.apache.commons.codec.digest.DigestUtils.getSha512Digest()
org.apache.commons.codec.language.MatchRatingApproachEncoderTest.testCompare_Surname_PRZEMYSL_PSHEMESHIL_SuccessfullyMatched()	org.apache.commons.codec.language.MatchRatingApproachEncoder.isEncodeEquals(String,String)
org.apache.commons.codec.language.Metaphone.encode(Object)	org.apache.commons.codec.language.Metaphone.metaphone(String)
org.apache.commons.codec.digest.DigestUtils.sha256(String)	org.apache.commons.codec.binary.StringUtils.getBytesUtf8(String)
org.apache.commons.codec.binary.Base32OutputStreamTest.testWriteOutOfBounds()	org.apache.commons.codec.binary.BaseNCodecOutputStream.close()
org.apache.commons.codec.digest.Apr1CryptTest.testApr1CryptBytes()	org.apache.commons.codec.digest.Md5Crypt.apr1Crypt(byte[],String)
org.apache.commons.codec.digest.DigestUtilsTest.testSha384HexFile()	org.apache.commons.codec.digest.DigestUtils.sha384Hex(File)
org.apache.commons.codec.net.QCodecTest.testEncodeDecodeBlanks()	org.apache.commons.codec.net.QCodec.setEncodeBlanks(boolean)
org.apache.commons.codec.binary.Base64Test.testDecodeWithWhitespace()	org.apache.commons.codec.binary.Base64.encodeBase64(byte[])
org.apache.commons.codec.language.SoundexTest.testUsEnglishStatic()	org.apache.commons.codec.language.Soundex.soundex(String)
org.apache.commons.codec.binary.StringUtils.getBytesIso8859_1(String)	org.apache.commons.codec.binary.StringUtils.getBytes(String,Charset)
org.apache.commons.codec.digest.DigestUtils.sha224Hex(InputStream)	org.apache.commons.codec.binary.Hex.encodeHexString(byte[])
org.apache.commons.codec.digest.HmacUtils.getHmacSha1(byte[])	org.apache.commons.codec.digest.HmacUtils.getInitializedMac(HmacAlgorithms,byte[])
org.apache.commons.codec.binary.Base64Test.testBase64AtBufferMiddle()	org.apache.commons.codec.binary.Base64Test.testBase64InBuffer(int,int)
org.apache.commons.codec.binary.Base64.encodeBase64String(byte[])	org.apache.commons.codec.binary.Base64.encodeBase64(byte[],boolean)
org.apache.commons.codec.language.MetaphoneTest.testWhy()	org.apache.commons.codec.StringEncoderAbstractTest.getStringEncoder()
org.apache.commons.codec.language.ColognePhoneticTest.testExamples()	org.apache.commons.codec.StringEncoderAbstractTest.checkEncodings(String[][])
org.apache.commons.codec.binary.Base32InputStreamTest.testBase32InputStreamByteByByte()	org.apache.commons.codec.binary.Base32TestData.randomData(BaseNCodec,int)
org.apache.commons.codec.language.SoundexTest.testNewInstance3()	org.apache.commons.codec.language.Soundex.soundex(String)
org.apache.commons.codec.language.ColognePhonetic.CologneBuffer.toString()	org.apache.commons.codec.language.ColognePhonetic.CologneBuffer.copyData(int,int)
org.apache.commons.codec.language.MatchRatingApproachEncoderTest.testCompare_Surnames_MURPHY_LYNCH_NoMatchExpected()	org.apache.commons.codec.language.MatchRatingApproachEncoder.isEncodeEquals(String,String)
org.apache.commons.codec.binary.BaseNCodec.resizeBuffer(Context)	org.apache.commons.codec.binary.BaseNCodec.getDefaultBufferSize()
org.apache.commons.codec.digest.HmacUtilsTest.testHmacSha1Hex()	org.apache.commons.codec.digest.HmacUtils.hmacSha1Hex(byte[],InputStream)
org.apache.commons.codec.language.DoubleMetaphone.handleS(String,DoubleMetaphoneResult,int,boolean)	org.apache.commons.codec.language.DoubleMetaphone.DoubleMetaphoneResult.append(char)
org.apache.commons.codec.language.MatchRatingApproachEncoderTest.testgetMinRating_7_Returns4_Successfully()	org.apache.commons.codec.language.MatchRatingApproachEncoder.getMinRating(int)
org.apache.commons.codec.digest.MessageDigestAlgorithmTest.testDigestByteArray()	org.apache.commons.codec.digest.MessageDigestAlgorithmTest.getTestData()
org.apache.commons.codec.language.DaitchMokotoffSoundexTest.soundex(String)	org.apache.commons.codec.language.DaitchMokotoffSoundex.soundex(String)
org.apache.commons.codec.binary.Base64Codec13Test.testEncoder()	org.apache.commons.codec.binary.Base64Codec13Test.utf8(String)
org.apache.commons.codec.net.QCodecTest.testUnsafeEncodeDecode()	org.apache.commons.codec.net.QCodec.encode(String)
org.apache.commons.codec.language.bm.BeiderMorseEncoderTest.testSetRuleTypeToRulesIllegalArgumentException()	org.apache.commons.codec.language.bm.BeiderMorseEncoder.setRuleType(RuleType)
org.apache.commons.codec.binary.Base64InputStreamTest.testByChunk(byte[],byte[],int,byte[])	org.apache.commons.codec.binary.Base64TestData.streamToBytes(InputStream)
org.apache.commons.codec.digest.DigestUtilsTest.testSha256()	org.apache.commons.codec.digest.DigestUtils.sha256Hex(InputStream)
org.apache.commons.codec.language.DaitchMokotoffSoundexTest.testAdjacentCodes()	org.apache.commons.codec.language.DaitchMokotoffSoundexTest.soundex(String)
org.apache.commons.codec.net.QCodecTest.testEncodeObjects()	org.apache.commons.codec.net.QCodec.encode(Object)
org.apache.commons.codec.language.MatchRatingApproachEncoderTest.testCompare_LongSurnames_OMUIRCHEARTAIGH_OMIREADHAIGH_SuccessfulMatch()	org.apache.commons.codec.language.MatchRatingApproachEncoder.isEncodeEquals(String,String)
org.apache.commons.codec.language.DoubleMetaphone.handleCH(String,DoubleMetaphoneResult,int)	org.apache.commons.codec.language.DoubleMetaphone.conditionCH1(String,int)
org.apache.commons.codec.binary.Base32TestData.streamToBytes(InputStream,byte[])	org.apache.commons.codec.binary.Base32TestData.fill(byte[],int,InputStream)
org.apache.commons.codec.language.MatchRatingApproachEncoderTest.testCompare_Surname_AUERBACH_UHRBACH_SuccessfullyMatched()	org.apache.commons.codec.language.MatchRatingApproachEncoder.isEncodeEquals(String,String)
org.apache.commons.codec.binary.HexTest.testEncodeHexByteArrayEmpty()	org.apache.commons.codec.binary.Hex.encodeHex(byte[])
org.apache.commons.codec.net.URLCodecTest.testEncodeUrlWithNullBitSet()	org.apache.commons.codec.net.URLCodecTest.validateState(URLCodec)
org.apache.commons.codec.binary.BinaryCodecTest.assertDecodeObject(byte[],String)	org.apache.commons.codec.binary.BinaryCodec.decode(Object)
org.apache.commons.codec.binary.Base64Test.testEncodeDecodeSmall()	org.apache.commons.codec.binary.Base64Test.toString(byte[])
org.apache.commons.codec.language.DoubleMetaphone.handleCH(String,DoubleMetaphoneResult,int)	org.apache.commons.codec.language.DoubleMetaphone.contains(String,int,int,)
org.apache.commons.codec.binary.Base64OutputStreamTest.testBase64EmptyOutputStream(int)	org.apache.commons.codec.binary.Base64OutputStreamTest.testByChunk(byte[],byte[],int,byte[])
org.apache.commons.codec.language.DoubleMetaphone.handleGH(String,DoubleMetaphoneResult,int)	org.apache.commons.codec.language.DoubleMetaphone.isVowel(char)
org.apache.commons.codec.net.BCodecTest.testUTF8RoundTrip()	org.apache.commons.codec.net.BCodec.decode(String)
org.apache.commons.codec.language.DoubleMetaphoneTest.doubleMetaphoneNotEqualTest(boolean)	org.apache.commons.codec.StringEncoderAbstractTest.getStringEncoder()
org.apache.commons.codec.language.DaitchMokotoffSoundex.encode(String)	org.apache.commons.codec.language.DaitchMokotoffSoundex.soundex(String,boolean)
org.apache.commons.codec.digest.CryptTest.testDefaultCryptVariant()	org.apache.commons.codec.digest.Crypt.crypt(String)
org.apache.commons.codec.language.DoubleMetaphone.doubleMetaphone(String,boolean)	org.apache.commons.codec.language.DoubleMetaphone.DoubleMetaphoneResult.getPrimary()
org.apache.commons.codec.binary.BaseNCodec.encode(byte[],int,int)	org.apache.commons.codec.binary.BaseNCodec.encode(byte[],int,int,Context)
org.apache.commons.codec.language.MatchRatingApproachEncoderTest.testRemoveVowel_ALESSANDRA_Returns_ALSSNDR()	org.apache.commons.codec.language.MatchRatingApproachEncoder.removeVowels(String)
org.apache.commons.codec.language.MatchRatingApproachEncoderTest.testGetFirstLast3_PETE_Returns_PETE()	org.apache.commons.codec.language.MatchRatingApproachEncoder.getFirst3Last3(String)
org.apache.commons.codec.net.QuotedPrintableCodecTest.testSoftLineBreakEncode()	org.apache.commons.codec.net.QuotedPrintableCodec.decode(String)
org.apache.commons.codec.language.DoubleMetaphone.handleZ(String,DoubleMetaphoneResult,int,boolean)	org.apache.commons.codec.language.DoubleMetaphone.contains(String,int,int,)
org.apache.commons.codec.binary.Base64InputStreamTest.testInputStreamReader()	org.apache.commons.codec.binary.StringUtils.getBytesUtf8(String)
org.apache.commons.codec.language.MatchRatingApproachEncoderTest.testCompare_PETERSON_PETERS_SuccessfullyMatched()	org.apache.commons.codec.StringEncoderAbstractTest.getStringEncoder()
org.apache.commons.codec.language.SoundexTest.testMsSqlServer1()	org.apache.commons.codec.StringEncoderAbstractTest.getStringEncoder()
org.apache.commons.codec.language.MatchRatingApproachEncoderTest.testleftTorightThenRightToLeft_EINSTEIN_MICHAELA_Returns0()	org.apache.commons.codec.StringEncoderAbstractTest.getStringEncoder()
org.apache.commons.codec.language.DoubleMetaphoneTest.testIsDoubleMetaphoneEqualWithMATCHES()	org.apache.commons.codec.language.DoubleMetaphone.isDoubleMetaphoneEqual(String,String,boolean)
org.apache.commons.codec.digest.HmacUtils.hmacSha1(byte[],InputStream)	org.apache.commons.codec.digest.HmacUtils.getHmacSha1(byte[])
org.apache.commons.codec.digest.DigestUtilsTest.testSha1UpdateWithByteBuffer()	org.apache.commons.codec.binary.Hex.encodeHexString(byte[])
org.apache.commons.codec.language.Caverphone1Test.testCaverphoneRevisitedCommonCodeAT1111()	org.apache.commons.codec.StringEncoderAbstractTest.checkEncodingVariations(String,String[])
org.apache.commons.codec.net.RFC1522CodecTest.testNullInput()	org.apache.commons.codec.net.RFC1522Codec.decodeText(String)
org.apache.commons.codec.binary.Base64InputStreamTest.testRead0()	org.apache.commons.codec.binary.BaseNCodecInputStream.read(byte[],int,int)
org.apache.commons.codec.digest.MessageDigestAlgorithmTest.testDigestInputStream()	org.apache.commons.codec.digest.MessageDigestAlgorithm.digest(InputStream)
org.apache.commons.codec.digest.HmacUtilsTest.testMd5HMacFail()	org.apache.commons.codec.digest.HmacUtils.hmacMd5(byte[],byte[])
org.apache.commons.codec.digest.MessageDigestAlgorithmTest.tearDown()	org.apache.commons.codec.digest.DigestUtilsTest.tearDown()
org.apache.commons.codec.language.MatchRatingApproachEncoderTest.testGetMinRating_13_Returns_1_Successfully()	org.apache.commons.codec.StringEncoderAbstractTest.getStringEncoder()
org.apache.commons.codec.language.DoubleMetaphone.doubleMetaphone(String,boolean)	org.apache.commons.codec.language.DoubleMetaphone.isSlavoGermanic(String)
org.apache.commons.codec.language.DaitchMokotoffSoundexTest.testEncodeIgnoreApostrophes()	org.apache.commons.codec.StringEncoderAbstractTest.checkEncodingVariations(String,String[])
org.apache.commons.codec.language.DoubleMetaphone.doubleMetaphone(String,boolean)	org.apache.commons.codec.language.DoubleMetaphone.handleAEIOUY(DoubleMetaphoneResult,int)
org.apache.commons.codec.language.MatchRatingApproachEncoderTest.testCompareNameSameNames_ReturnsFalseSuccessfully()	org.apache.commons.codec.language.MatchRatingApproachEncoder.isEncodeEquals(String,String)
org.apache.commons.codec.binary.Base32InputStreamTest.testBase32InputStreamByteByByte()	org.apache.commons.codec.binary.Base32InputStreamTest.testByteByByte(byte[],byte[],int,byte[])
org.apache.commons.codec.language.ColognePhoneticTest.testVariationsMella()	org.apache.commons.codec.StringEncoderAbstractTest.checkEncodingVariations(String,String[])
org.apache.commons.codec.language.MatchRatingApproachEncoderTest.testGetEncoding_One_Letter_to_Nothing()	org.apache.commons.codec.StringEncoderAbstractTest.getStringEncoder()
org.apache.commons.codec.digest.Sha2Crypt.sha512Crypt(byte[],String)	org.apache.commons.codec.digest.Sha2Crypt.sha2Crypt(byte[],String,String,int,String)
org.apache.commons.codec.language.bm.Rule.parsePhonemeExpr(String)	org.apache.commons.codec.language.bm.Rule.parsePhoneme(String)
org.apache.commons.codec.language.MatchRatingApproachEncoderTest.testGetEncoding_Space_to_Nothing()	org.apache.commons.codec.StringEncoderAbstractTest.getStringEncoder()
org.apache.commons.codec.language.SoundexTest.testWikipediaAmericanSoundex()	org.apache.commons.codec.StringEncoderAbstractTest.getStringEncoder()
org.apache.commons.codec.digest.Digest.run()	org.apache.commons.codec.digest.Digest.run(MessageDigestAlgorithm[])
org.apache.commons.codec.binary.Base64Test.testDecodeWithInnerPad()	org.apache.commons.codec.binary.Base64.decodeBase64(String)
org.apache.commons.codec.language.DoubleMetaphone.handleX(String,DoubleMetaphoneResult,int)	org.apache.commons.codec.language.DoubleMetaphone.DoubleMetaphoneResult.append(String)
org.apache.commons.codec.net.URLCodec.decode(String,String)	org.apache.commons.codec.net.URLCodec.decode(byte[])
org.apache.commons.codec.binary.HexTest.testDecodeHexCharArrayEmpty()	org.apache.commons.codec.binary.Hex.decodeHex(char[])
org.apache.commons.codec.digest.HmacUtils.hmacSha384(byte[],InputStream)	org.apache.commons.codec.digest.HmacUtils.updateHmac(Mac,InputStream)
org.apache.commons.codec.language.DaitchMokotoffSoundexTest.testSoundexBasic()	org.apache.commons.codec.language.DaitchMokotoffSoundexTest.soundex(String)
org.apache.commons.codec.language.MatchRatingApproachEncoderTest.testIsVowel_CapitalA_ReturnsTrue()	org.apache.commons.codec.StringEncoderAbstractTest.getStringEncoder()
org.apache.commons.codec.language.SoundexTest.testEncodeBatch3()	org.apache.commons.codec.language.Soundex.encode(String)
org.apache.commons.codec.digest.MessageDigestAlgorithmTest.testDigestByteBuffer()	org.apache.commons.codec.digest.MessageDigestAlgorithm.isAvailable()
org.apache.commons.codec.binary.BinaryCodecTest.testToByteArrayFromString()	org.apache.commons.codec.binary.BinaryCodec.toByteArray(String)
org.apache.commons.codec.binary.Base64Test.testEncodeDecodeSmall()	org.apache.commons.codec.binary.Base64.isBase64(byte[])
org.apache.commons.codec.language.SoundexTest.testWikipediaAmericanSoundex()	org.apache.commons.codec.language.Soundex.encode(String)
org.apache.commons.codec.net.QuotedPrintableCodecTest.testFinalBytes()	org.apache.commons.codec.net.QuotedPrintableCodec.encode(String)
org.apache.commons.codec.digest.DigestUtils.md2(File)	org.apache.commons.codec.digest.DigestUtils.getMd2Digest()
org.apache.commons.codec.language.DoubleMetaphoneTest.doubleMetaphoneNotEqualTest(boolean)	org.apache.commons.codec.language.DoubleMetaphone.isDoubleMetaphoneEqual(String,String)
org.apache.commons.codec.language.DoubleMetaphone.DoubleMetaphoneResult.append(String)	org.apache.commons.codec.language.DoubleMetaphone.DoubleMetaphoneResult.appendPrimary(String)
org.apache.commons.codec.digest.HmacUtilsTest.testHmacMd5Hex()	org.apache.commons.codec.digest.HmacUtils.hmacMd5Hex(byte[],InputStream)
org.apache.commons.codec.language.MetaphoneTest.testTranslateToJOfDGEOrDGIOrDGY()	org.apache.commons.codec.language.Metaphone.metaphone(String)
org.apache.commons.codec.binary.Base64Test.testBase64InBuffer(int,int)	org.apache.commons.codec.binary.BaseNCodec.encode(byte[],int,int)
org.apache.commons.codec.language.MatchRatingApproachEncoderTest.testGetEncoding_NoSpace_to_Nothing()	org.apache.commons.codec.StringEncoderAbstractTest.getStringEncoder()
org.apache.commons.codec.net.RFC1522Codec.encodeText(String,String)	org.apache.commons.codec.net.RFC1522Codec.encodeText(String,Charset)
org.apache.commons.codec.digest.HmacUtilsTest.testSha384HMac()	org.apache.commons.codec.digest.HmacUtils.hmacSha384Hex(String,String)
org.apache.commons.codec.binary.BaseNCodec.encode(byte[])	org.apache.commons.codec.binary.BaseNCodec.encode(byte[],int,int)
org.apache.commons.codec.digest.DigestUtils.sha1(ByteBuffer)	org.apache.commons.codec.digest.DigestUtils.digest(MessageDigest,ByteBuffer)
org.apache.commons.codec.language.bm.BeiderMorseEncoderTest.testInvalidLangIllegalArgumentException()	org.apache.commons.codec.language.bm.Rule.getInstance(NameType,RuleType,String)
org.apache.commons.codec.binary.Base32InputStreamTest.testCodec130()	org.apache.commons.codec.binary.Base32TestData.streamToBytes(InputStream,byte[])
org.apache.commons.codec.binary.Hex.encode(ByteBuffer)	org.apache.commons.codec.binary.Hex.encodeHexString(ByteBuffer)
org.apache.commons.codec.binary.BaseNCodec.isInAlphabet(String)	org.apache.commons.codec.binary.BaseNCodec.isInAlphabet(byte[],boolean)
org.apache.commons.codec.language.DoubleMetaphone.conditionL0(String,int)	org.apache.commons.codec.language.DoubleMetaphone.contains(String,int,int,)
org.apache.commons.codec.binary.Base64Test.testUUID()	org.apache.commons.codec.binary.StringUtils.getBytesUtf8(String)
org.apache.commons.codec.language.MetaphoneTest.assertMetaphoneEqual(String[][])	org.apache.commons.codec.StringEncoderAbstractTest.getStringEncoder()
org.apache.commons.codec.digest.MessageDigestAlgorithm.digest(File)	org.apache.commons.codec.digest.DigestUtils.digest(MessageDigest,File)
org.apache.commons.codec.digest.UnixCrypt.fourBytesToInt(byte[],int)	org.apache.commons.codec.digest.UnixCrypt.byteToUnsigned(byte)
org.apache.commons.codec.language.DoubleMetaphoneTest.testNTilde()	org.apache.commons.codec.language.DoubleMetaphone.isDoubleMetaphoneEqual(String,String)
org.apache.commons.codec.digest.HmacUtils.hmacSha1Hex(byte[],byte[])	org.apache.commons.codec.digest.HmacUtils.hmacSha1(byte[],byte[])
org.apache.commons.codec.language.MatchRatingApproachEncoderTest.testCompare_LongSurnames_MORIARTY_OMUIRCHEARTAIGH_DoesNotSuccessfulMatch()	org.apache.commons.codec.language.MatchRatingApproachEncoder.isEncodeEquals(String,String)
org.apache.commons.codec.language.bm.BeiderMorseEncoderTest.testOOM()	org.apache.commons.codec.language.bm.BeiderMorseEncoder.setMaxPhonemes(int)
org.apache.commons.codec.digest.HmacUtilsTest.testHmacSha1UpdateWithString()	org.apache.commons.codec.binary.Hex.encodeHexString(byte[])
org.apache.commons.codec.digest.Crypt.crypt(byte[])	org.apache.commons.codec.digest.Crypt.crypt(byte[],String)
org.apache.commons.codec.net.QCodec.encode(Object)	org.apache.commons.codec.net.QCodec.encode(String)
org.apache.commons.codec.net.URLCodecTest.testEncodeDecodeNull()	org.apache.commons.codec.net.URLCodec.decode(String)
org.apache.commons.codec.language.ColognePhoneticTest.testVariationsMeyer()	org.apache.commons.codec.StringEncoderAbstractTest.checkEncodingVariations(String,String[])
org.apache.commons.codec.digest.HmacUtils.hmacMd5(String,String)	org.apache.commons.codec.binary.StringUtils.getBytesUtf8(String)
org.apache.commons.codec.language.bm.BeiderMorseEncoderTest.testAllChars()	org.apache.commons.codec.language.bm.BeiderMorseEncoderTest.createGenericApproxEncoder()
org.apache.commons.codec.digest.Sha256CryptTest.testSha256CryptNullData()	org.apache.commons.codec.digest.Sha2Crypt.sha256Crypt(byte[])
org.apache.commons.codec.language.ColognePhonetic.CologneInputBuffer.removeNext()	org.apache.commons.codec.language.ColognePhonetic.CologneInputBuffer.getNextChar()
org.apache.commons.codec.language.DoubleMetaphone.DoubleMetaphoneResult.append(char,char)	org.apache.commons.codec.language.DoubleMetaphone.DoubleMetaphoneResult.appendPrimary(char)
org.apache.commons.codec.net.BCodecTest.testEncodeDecodeNull()	org.apache.commons.codec.net.BCodec.decode(String)
org.apache.commons.codec.digest.DigestUtils.sha1(String)	org.apache.commons.codec.binary.StringUtils.getBytesUtf8(String)
org.apache.commons.codec.net.URLCodecTest.testDecodeInvalidContent()	org.apache.commons.codec.net.URLCodecTest.constructString(int[])
org.apache.commons.codec.digest.Md5Crypt.apr1Crypt(byte[])	org.apache.commons.codec.digest.B64.getRandomSalt(int)
org.apache.commons.codec.digest.DigestUtilsTest.testSha1Hex()	org.apache.commons.codec.digest.DigestUtils.sha1Hex(ByteBuffer)
org.apache.commons.codec.digest.HmacUtilsTest.testSha384HMac()	org.apache.commons.codec.digest.HmacUtils.hmacSha384Hex(byte[],byte[])
org.apache.commons.codec.digest.HmacUtils.hmacSha256(byte[],InputStream)	org.apache.commons.codec.digest.HmacUtils.getHmacSha256(byte[])
org.apache.commons.codec.language.DaitchMokotoffSoundex.Branch.equals(Object)	org.apache.commons.codec.language.DaitchMokotoffSoundex.Branch.toString()
org.apache.commons.codec.language.DoubleMetaphone.handleZ(String,DoubleMetaphoneResult,int,boolean)	org.apache.commons.codec.language.DoubleMetaphone.DoubleMetaphoneResult.append(char)
org.apache.commons.codec.digest.DigestUtilsTest.testMd2HexLength()	org.apache.commons.codec.binary.StringUtils.getBytesUtf8(String)
org.apache.commons.codec.digest.PureJavaCrc32Test.checkOnBytes(byte[],boolean)	org.apache.commons.codec.digest.PureJavaCrc32.reset()
org.apache.commons.codec.digest.HmacUtilsTest.testSha256HMac()	org.apache.commons.codec.digest.HmacUtils.hmacSha256Hex(byte[],byte[])
org.apache.commons.codec.digest.DigestUtils.digest(MessageDigest,InputStream)	org.apache.commons.codec.digest.DigestUtils.updateDigest(MessageDigest,InputStream)
org.apache.commons.codec.language.MatchRatingApproachEncoderTest.testCompare_ZACH_ZAKARIA_SuccessfullyMatched()	org.apache.commons.codec.language.MatchRatingApproachEncoder.isEncodeEquals(String,String)
org.apache.commons.codec.net.RFC1522CodecTest.testDecodeInvalid()	org.apache.commons.codec.net.RFC1522CodecTest.assertExpectedDecoderException(String)
org.apache.commons.codec.binary.HexTest.testGetCharsetName()	org.apache.commons.codec.binary.Hex.getCharsetName()
org.apache.commons.codec.digest.UnixCryptTest.testUnixCryptWithEmptySalt()	org.apache.commons.codec.digest.UnixCrypt.crypt(String,String)
org.apache.commons.codec.language.DoubleMetaphone.handleT(String,DoubleMetaphoneResult,int)	org.apache.commons.codec.language.DoubleMetaphone.contains(String,int,int,)
org.apache.commons.codec.binary.Base32InputStreamTest.testAvailable()	org.apache.commons.codec.binary.StringUtils.getBytesIso8859_1(String)
org.apache.commons.codec.binary.Base64InputStreamTest.testSkipNone()	org.apache.commons.codec.binary.BaseNCodecInputStream.read(byte[],int,int)
org.apache.commons.codec.digest.DigestUtils.sha384(ByteBuffer)	org.apache.commons.codec.digest.DigestUtils.digest(MessageDigest,ByteBuffer)
org.apache.commons.codec.language.MetaphoneTest.testWhy()	org.apache.commons.codec.language.Metaphone.metaphone(String)
org.apache.commons.codec.binary.StringUtilsTest.testNewStringUsAscii()	org.apache.commons.codec.binary.StringUtils.newStringUsAscii(byte[])
org.apache.commons.codec.language.bm.BeiderMorseEncoderTest.testOOM()	org.apache.commons.codec.language.bm.BeiderMorseEncoder.setNameType(NameType)
org.apache.commons.codec.digest.MessageDigestAlgorithmTest.testGetMessageDigest()	org.apache.commons.codec.digest.MessageDigestAlgorithm.getMessageDigest()
org.apache.commons.codec.digest.DigestUtils.getShaDigest()	org.apache.commons.codec.digest.DigestUtils.getSha1Digest()
org.apache.commons.codec.binary.Base64InputStreamTest.testReadOutOfBounds()	org.apache.commons.codec.binary.StringUtils.getBytesUtf8(String)
org.apache.commons.codec.language.MatchRatingApproachEncoderTest.testCompare_STEVEN_STEFAN_SuccessfullyMatched()	org.apache.commons.codec.StringEncoderAbstractTest.getStringEncoder()
org.apache.commons.codec.binary.Base64.decodeInteger(byte[])	org.apache.commons.codec.binary.Base64.decodeBase64(byte[])
org.apache.commons.codec.language.bm.Rule.patternAndContextMatches(CharSequence,int)	org.apache.commons.codec.language.bm.Rule.RPattern.isMatch(CharSequence)
org.apache.commons.codec.language.DoubleMetaphone.handleS(String,DoubleMetaphoneResult,int,boolean)	org.apache.commons.codec.language.DoubleMetaphone.handleSC(String,DoubleMetaphoneResult,int)
org.apache.commons.codec.language.DoubleMetaphoneTest.testEmpty()	org.apache.commons.codec.StringEncoderAbstractTest.getStringEncoder()
org.apache.commons.codec.language.MatchRatingApproachEncoderTest.testgetMinRating_10_Returns3_Successfully()	org.apache.commons.codec.language.MatchRatingApproachEncoder.getMinRating(int)
org.apache.commons.codec.binary.Base64OutputStreamTest.testBase64EmptyOutputStreamPemChunkSize()	org.apache.commons.codec.binary.Base64OutputStreamTest.testBase64EmptyOutputStream(int)
org.apache.commons.codec.digest.DigestUtilsTest.testSha224()	org.apache.commons.codec.digest.DigestUtils.sha224Hex(String)
org.apache.commons.codec.binary.Base64Test.testCodec68()	org.apache.commons.codec.binary.Base64.decodeBase64(byte[])
org.apache.commons.codec.language.NysiisTest.testRule2()	org.apache.commons.codec.language.NysiisTest.assertEncodings()
org.apache.commons.codec.digest.DigestUtils.getMd5Digest()	org.apache.commons.codec.digest.MessageDigestAlgorithm.getMessageDigest()
org.apache.commons.codec.binary.Base64Test.testBase64()	org.apache.commons.codec.binary.BaseNCodec.encode(byte[])
org.apache.commons.codec.binary.Base64Test.testUUID()	org.apache.commons.codec.binary.Hex.decodeHex(String)
org.apache.commons.codec.digest.DigestUtils.sha1Hex(byte[])	org.apache.commons.codec.binary.Hex.encodeHexString(byte[])
org.apache.commons.codec.language.MatchRatingApproachEncoderTest.testisEncodeEquals_CornerCase_FirstNameNull_ReturnsFalse()	org.apache.commons.codec.language.MatchRatingApproachEncoder.isEncodeEquals(String,String)
org.apache.commons.codec.binary.HexTest.testCustomCharset(String,String)	org.apache.commons.codec.binary.HexTest.charsetSanityCheck(String)
org.apache.commons.codec.digest.MessageDigestAlgorithmTest.testDigestFile()	org.apache.commons.codec.digest.MessageDigestAlgorithmTest.digestTestData()
org.apache.commons.codec.language.MatchRatingApproachEncoderTest.testCompare_SurnameCornerCase_Nulls_NoMatch()	org.apache.commons.codec.StringEncoderAbstractTest.getStringEncoder()
org.apache.commons.codec.language.bm.Rule.getInstance(NameType,RuleType,LanguageSet)	org.apache.commons.codec.language.bm.Rule.getInstanceMap(NameType,RuleType,LanguageSet)
org.apache.commons.codec.binary.Base32OutputStreamTest.testBase32EmptyOutputStream(int)	org.apache.commons.codec.binary.Base32OutputStreamTest.testByteByByte(byte[],byte[],int,byte[])
org.apache.commons.codec.digest.HmacUtilsTest.testMd5HMac()	org.apache.commons.codec.digest.HmacUtils.hmacMd5Hex(String,String)
org.apache.commons.codec.binary.Base64Codec13Test.testBinaryDecoder()	org.apache.commons.codec.binary.Base64Codec13Test.utf8(String)
org.apache.commons.codec.language.SoundexTest.testBadCharacters()	org.apache.commons.codec.language.Soundex.encode(String)
org.apache.commons.codec.digest.DigestUtils.sha1Hex(ByteBuffer)	org.apache.commons.codec.binary.Hex.encodeHexString(byte[])
org.apache.commons.codec.binary.Base32OutputStreamTest.testWriteOutOfBounds()	org.apache.commons.codec.binary.BaseNCodecOutputStream.write(byte[],int,int)
org.apache.commons.codec.language.bm.BeiderMorseEncoderTest.testInvalidLangIllegalStateException()	org.apache.commons.codec.language.bm.Lang.loadFromResource(String,Languages)
org.apache.commons.codec.net.BCodecTest.testUTF8RoundTrip()	org.apache.commons.codec.net.BCodecTest.constructString(int[])
org.apache.commons.codec.language.DoubleMetaphone.isDoubleMetaphoneEqual(String,String,boolean)	org.apache.commons.codec.binary.StringUtils.equals(CharSequence,CharSequence)
org.apache.commons.codec.binary.Base64InputStreamTest.testMarkSupported()	org.apache.commons.codec.binary.StringUtils.getBytesUtf8(String)
org.apache.commons.codec.language.SoundexTest.testEncodeBasic()	org.apache.commons.codec.language.Soundex.encode(String)
org.apache.commons.codec.binary.BinaryCodecTest.testToAsciiChars()	org.apache.commons.codec.binary.BinaryCodec.toAsciiChars(byte[])
org.apache.commons.codec.language.bm.Lang.guessLanguages(String)	org.apache.commons.codec.language.bm.Languages.LanguageSet.from(Set<String>)
org.apache.commons.codec.binary.HexTest.testGetCharset()	org.apache.commons.codec.binary.Hex.getCharset()
org.apache.commons.codec.net.URLCodecTest.testBasicEncodeDecode()	org.apache.commons.codec.net.URLCodecTest.validateState(URLCodec)
org.apache.commons.codec.digest.DigestUtilsTest.testSha1UpdateWithString()	org.apache.commons.codec.digest.DigestUtils.getSha1Digest()
org.apache.commons.codec.StringEncoderAbstractTest.checkEncodings(String[][])	org.apache.commons.codec.StringEncoderAbstractTest.checkEncoding(String,String)
org.apache.commons.codec.digest.UnixCryptTest.testUnicCryptInvalidSalt()	org.apache.commons.codec.digest.UnixCrypt.crypt(String,String)
org.apache.commons.codec.language.bm.BeiderMorseEncoder.getRuleType()	org.apache.commons.codec.language.bm.PhoneticEngine.getRuleType()
org.apache.commons.codec.language.MatchRatingApproachEncoder.isEncodeEquals(String,String)	org.apache.commons.codec.language.MatchRatingApproachEncoder.cleanName(String)
org.apache.commons.codec.digest.MessageDigestAlgorithmTest.testDigestByteArray()	org.apache.commons.codec.digest.MessageDigestAlgorithmTest.digestTestData()
org.apache.commons.codec.language.MatchRatingApproachEncoderTest.testRemoveDoubleDoubleVowel_BEETLE_NotRemoved()	org.apache.commons.codec.language.MatchRatingApproachEncoder.removeDoubleConsonants(String)
org.apache.commons.codec.language.bm.BeiderMorseEncoder.isConcat()	org.apache.commons.codec.language.bm.PhoneticEngine.isConcat()
org.apache.commons.codec.language.MatchRatingApproachEncoderTest.testisEncodeEquals_CornerCase_SecondNameNull_ReturnsFalse()	org.apache.commons.codec.language.MatchRatingApproachEncoder.isEncodeEquals(String,String)
org.apache.commons.codec.language.Caverphone2Test.testSpecificationExamples()	org.apache.commons.codec.StringEncoderAbstractTest.checkEncodings(String[][])
org.apache.commons.codec.language.MatchRatingApproachEncoderTest.testgetMinRating_7_Returns4_Successfully()	org.apache.commons.codec.StringEncoderAbstractTest.getStringEncoder()
org.apache.commons.codec.binary.Base64Test.testHugeLineSeparator()	org.apache.commons.codec.binary.BaseNCodec.decode(byte[])
org.apache.commons.codec.digest.HmacUtilsTest.testInitializedMacNullAlgo()	org.apache.commons.codec.digest.HmacUtils.getInitializedMac(String,byte[])
org.apache.commons.codec.binary.HexTest.charsetSanityCheck(String)	org.apache.commons.codec.binary.HexTest.log(Throwable)
org.apache.commons.codec.binary.HexTest.testEncodeHexByteArrayHelloWorldLowerCaseHex()	org.apache.commons.codec.binary.Hex.encodeHex(byte[])
org.apache.commons.codec.language.MetaphoneTest.testDiscardOfSilentHAfterG()	org.apache.commons.codec.StringEncoderAbstractTest.getStringEncoder()
org.apache.commons.codec.digest.HmacUtilsTest.testGetHMac()	org.apache.commons.codec.digest.HmacUtils.getHmacSha512(byte[])
org.apache.commons.codec.digest.HmacUtilsTest.testMd5HMac()	org.apache.commons.codec.digest.HmacUtils.hmacMd5Hex(byte[],byte[])
org.apache.commons.codec.language.MetaphoneTest.testIsMetaphoneEqualXalan()	org.apache.commons.codec.language.MetaphoneTest.assertIsMetaphoneEqual(String,String[])
org.apache.commons.codec.binary.Base64Test.testStringToByteVariations()	org.apache.commons.codec.binary.BaseNCodec.decode(String)
org.apache.commons.codec.binary.Base64Test.testEncodeOverMaxSize()	org.apache.commons.codec.binary.Base64Test.testEncodeOverMaxSize(int)
org.apache.commons.codec.digest.HmacUtils.hmacSha1Hex(byte[],InputStream)	org.apache.commons.codec.digest.HmacUtils.hmacSha1(byte[],InputStream)
org.apache.commons.codec.language.DaitchMokotoffSoundex.soundex(String,boolean)	org.apache.commons.codec.language.DaitchMokotoffSoundex.Rule.getReplacements(String,boolean)
org.apache.commons.codec.language.DoubleMetaphone.handleP(String,DoubleMetaphoneResult,int)	org.apache.commons.codec.language.DoubleMetaphone.contains(String,int,int,)
org.apache.commons.codec.net.QuotedPrintableCodecTest.testDecodeObjects()	org.apache.commons.codec.net.QuotedPrintableCodec.decode(Object)
org.apache.commons.codec.language.DoubleMetaphone.doubleMetaphone(String,boolean)	org.apache.commons.codec.language.DoubleMetaphone.handleD(String,DoubleMetaphoneResult,int)
org.apache.commons.codec.language.DoubleMetaphone.DoubleMetaphoneResult.append(char)	org.apache.commons.codec.language.DoubleMetaphone.DoubleMetaphoneResult.appendAlternate(char)
org.apache.commons.codec.language.bm.Rule.isMatch(CharSequence)	org.apache.commons.codec.language.bm.Rule.startsWith(CharSequence,CharSequence)
org.apache.commons.codec.language.SoundexTest.testNewInstance()	org.apache.commons.codec.language.Soundex.soundex(String)
org.apache.commons.codec.binary.Base64InputStreamTest.testSkipToEnd()	org.apache.commons.codec.binary.BaseNCodecInputStream.read()
org.apache.commons.codec.language.bm.Rule.parsePhoneme(String)	org.apache.commons.codec.language.bm.Languages.LanguageSet.from(Set<String>)
org.apache.commons.codec.net.QuotedPrintableCodec.encode(Object)	org.apache.commons.codec.net.QuotedPrintableCodec.encode(String)
org.apache.commons.codec.binary.BaseNCodecTest.testIsInAlphabetByteArrayBoolean()	org.apache.commons.codec.binary.BaseNCodec.isInAlphabet(byte[],boolean)
org.apache.commons.codec.language.Soundex.soundex(String)	org.apache.commons.codec.language.Soundex.map(char)
org.apache.commons.codec.binary.HexTest.testCustomCharset(String,String)	org.apache.commons.codec.binary.Hex.decode(Object)
org.apache.commons.codec.language.MatchRatingApproachEncoderTest.testCompare_MCGOWAN_MCGEOGHEGAN_SuccessfullyMatched()	org.apache.commons.codec.StringEncoderAbstractTest.getStringEncoder()
org.apache.commons.codec.binary.Base64InputStreamTest.testCodec130()	org.apache.commons.codec.binary.StringUtils.newStringUtf8(byte[])
org.apache.commons.codec.binary.Base64Test.testByteToStringVariations()	org.apache.commons.codec.binary.BaseNCodec.encodeToString(byte[])
org.apache.commons.codec.language.MatchRatingApproachEncoderTest.testCompare_SurnamesCornerCase_MURPHY_NoSpace_NoMatch()	org.apache.commons.codec.language.MatchRatingApproachEncoder.isEncodeEquals(String,String)
org.apache.commons.codec.digest.DigestUtils.sha384Hex(File)	org.apache.commons.codec.binary.Hex.encodeHexString(byte[])
org.apache.commons.codec.language.DaitchMokotoffSoundexTest.testAccentedCharacterFolding()	org.apache.commons.codec.language.DaitchMokotoffSoundexTest.soundex(String)
org.apache.commons.codec.language.DoubleMetaphone.handleC(String,DoubleMetaphoneResult,int)	org.apache.commons.codec.language.DoubleMetaphone.conditionC0(String,int)
org.apache.commons.codec.language.bm.BeiderMorseEncoderTest.testEncodeGna()	org.apache.commons.codec.language.bm.BeiderMorseEncoder.encode(String)
org.apache.commons.codec.binary.Base64Test.testConstructor_Int_ByteArray_Boolean()	org.apache.commons.codec.binary.StringUtils.newStringUtf8(byte[])
org.apache.commons.codec.digest.HmacUtils.hmacSha1Hex(String,String)	org.apache.commons.codec.digest.HmacUtils.hmacSha1(String,String)
org.apache.commons.codec.digest.DigestUtils.getSha384Digest()	org.apache.commons.codec.digest.MessageDigestAlgorithm.getMessageDigest()
org.apache.commons.codec.digest.DigestUtils.sha1Hex(InputStream)	org.apache.commons.codec.binary.Hex.encodeHexString(byte[])
org.apache.commons.codec.digest.HmacUtilsTest.testMd5HMac()	org.apache.commons.codec.digest.HmacUtils.hmacMd5(String,String)
org.apache.commons.codec.language.MatchRatingApproachEncoder.isEncodeEquals(String,String)	org.apache.commons.codec.language.MatchRatingApproachEncoder.leftToRightThenRightToLeftProcessing(String,String)
org.apache.commons.codec.binary.Base32InputStreamTest.testBase32EmptyInputStreamMimeChuckSize()	org.apache.commons.codec.binary.Base32InputStreamTest.testBase32EmptyInputStream(int)
org.apache.commons.codec.language.DoubleMetaphone2Test.checkDoubleMetaphone(int,boolean)	org.apache.commons.codec.StringEncoderAbstractTest.getStringEncoder()
org.apache.commons.codec.language.DoubleMetaphone.handleSC(String,DoubleMetaphoneResult,int)	org.apache.commons.codec.language.DoubleMetaphone.isVowel(char)
org.apache.commons.codec.language.MatchRatingApproachEncoderTest.testisVowel_SingleVowel_ReturnsTrue()	org.apache.commons.codec.language.MatchRatingApproachEncoder.isVowel(String)
org.apache.commons.codec.digest.DigestUtils.md2(InputStream)	org.apache.commons.codec.digest.DigestUtils.getMd2Digest()
org.apache.commons.codec.digest.DigestUtilsTest.testSha1HexFile()	org.apache.commons.codec.digest.DigestUtils.sha1Hex(byte[])
org.apache.commons.codec.digest.Sha512CryptTest.testSha512CryptExplicitCall()	org.apache.commons.codec.digest.Sha2Crypt.sha512Crypt(byte[])
org.apache.commons.codec.binary.BaseNCodecOutputStream.flush(boolean)	org.apache.commons.codec.binary.BaseNCodec.readResults(byte[],int,int,Context)
org.apache.commons.codec.binary.HexTest.checkDecodeHexCharArrayOddCharacters(String)	org.apache.commons.codec.binary.Hex.decodeHex(String)
org.apache.commons.codec.language.MatchRatingApproachEncoderTest.testCompare_MICKY_MICHAEL_SuccessfullyMatched()	org.apache.commons.codec.StringEncoderAbstractTest.getStringEncoder()
org.apache.commons.codec.language.DoubleMetaphone.handleR(String,DoubleMetaphoneResult,int,boolean)	org.apache.commons.codec.language.DoubleMetaphone.contains(String,int,int,)
org.apache.commons.codec.binary.Base64InputStreamTest.testCodec98NPE()	org.apache.commons.codec.binary.Base64TestData.streamToBytes(InputStream,byte[])
org.apache.commons.codec.binary.Base64InputStreamTest.testSkipBig()	org.apache.commons.codec.binary.StringUtils.getBytesIso8859_1(String)
org.apache.commons.codec.binary.BinaryCodecTest.testFromAsciiByteArray()	org.apache.commons.codec.binary.BinaryCodec.fromAscii(byte[])
org.apache.commons.codec.language.RefinedSoundexTest.testDifference()	org.apache.commons.codec.StringEncoderAbstractTest.getStringEncoder()
org.apache.commons.codec.digest.MessageDigestAlgorithmTest.testDigestByteArray()	org.apache.commons.codec.digest.MessageDigestAlgorithm.getMessageDigest()
org.apache.commons.codec.language.bm.Rule.getInstanceMap(NameType,RuleType,String)	org.apache.commons.codec.language.bm.RuleType.getName()
org.apache.commons.codec.binary.Base64.isArrayByteBase64(byte[])	org.apache.commons.codec.binary.Base64.isBase64(byte[])
org.apache.commons.codec.digest.Apr1CryptTest.testApr1CryptBytes()	org.apache.commons.codec.digest.Md5Crypt.apr1Crypt(byte[])
org.apache.commons.codec.language.DoubleMetaphone.doubleMetaphone(String,boolean)	org.apache.commons.codec.language.DoubleMetaphone.handleL(String,DoubleMetaphoneResult,int)
org.apache.commons.codec.language.DaitchMokotoffSoundex.Rule.getReplacements(String,boolean)	org.apache.commons.codec.language.DaitchMokotoffSoundex.Rule.getPatternLength()
org.apache.commons.codec.binary.HexTest.testEncodeHexByteBufferHelloWorldLowerCaseHex()	org.apache.commons.codec.binary.Hex.encodeHex(ByteBuffer)
org.apache.commons.codec.language.DaitchMokotoffSoundex.soundex(String,boolean)	org.apache.commons.codec.language.DaitchMokotoffSoundex.Branch.finish()
org.apache.commons.codec.digest.Sha512CryptTest.testSha512CryptStrings()	org.apache.commons.codec.digest.Crypt.crypt(String,String)
org.apache.commons.codec.binary.Base64Test.testRfc4648Section10EncodeDecode()	org.apache.commons.codec.binary.Base64Test.testEncodeDecode(String)
org.apache.commons.codec.digest.Crypt.crypt(String,String)	org.apache.commons.codec.digest.Crypt.crypt(byte[],String)
org.apache.commons.codec.language.bm.BeiderMorseEncoderTest.testSpeedCheck3()	org.apache.commons.codec.language.bm.BeiderMorseEncoder.encode(Object)
org.apache.commons.codec.net.RFC1522Codec.encodeText(String,Charset)	org.apache.commons.codec.binary.StringUtils.newStringUsAscii(byte[])
org.apache.commons.codec.digest.HmacUtils.hmacSha512Hex(String,String)	org.apache.commons.codec.binary.Hex.encodeHexString(byte[])
org.apache.commons.codec.binary.Hex.encode(byte[])	org.apache.commons.codec.binary.Hex.encodeHexString(byte[])
org.apache.commons.codec.digest.DigestUtils.md2Hex(File)	org.apache.commons.codec.binary.Hex.encodeHexString(byte[])
org.apache.commons.codec.binary.Base64InputStreamTest.testBase64InputStreamByChunk()	org.apache.commons.codec.binary.Base64InputStreamTest.testByChunk(byte[],byte[],int,byte[])
org.apache.commons.codec.language.DoubleMetaphone.handleSC(String,DoubleMetaphoneResult,int)	org.apache.commons.codec.language.DoubleMetaphone.DoubleMetaphoneResult.append(String)
org.apache.commons.codec.digest.DigestUtilsTest.testMd5LengthForBytes()	org.apache.commons.codec.digest.DigestUtils.md5(byte[])
org.apache.commons.codec.StringEncoderAbstractTest.testLocaleIndependence()	org.apache.commons.codec.StringEncoderAbstractTest.getStringEncoder()
org.apache.commons.codec.digest.HmacUtilsTest.testEmptyKey()	org.apache.commons.codec.digest.HmacUtils.getHmacMd5(byte[])
org.apache.commons.codec.language.DaitchMokotoffSoundex.soundex(String,boolean)	org.apache.commons.codec.language.DaitchMokotoffSoundex.Branch.toString()
org.apache.commons.codec.language.MatchRatingApproachEncoder.removeVowels(String)	org.apache.commons.codec.language.MatchRatingApproachEncoder.isVowel(String)
org.apache.commons.codec.digest.MessageDigestAlgorithm.digest(ByteBuffer)	org.apache.commons.codec.digest.DigestUtils.digest(MessageDigest,ByteBuffer)
org.apache.commons.codec.binary.HexTest.testDecodeHexStringOddCharacters()	org.apache.commons.codec.binary.Hex.decode(Object)
org.apache.commons.codec.binary.StringUtilsTest.testGetBytesIso8859_1()	org.apache.commons.codec.binary.StringUtilsTest.testGetBytesUnchecked(String)
org.apache.commons.codec.digest.Sha512CryptTest.testSha512CryptBytes()	org.apache.commons.codec.digest.Crypt.crypt(String,String)
org.apache.commons.codec.binary.StringUtilsTest.testNewString(String)	org.apache.commons.codec.binary.StringUtils.newString(byte[],String)
org.apache.commons.codec.binary.StringUtilsTest.testGetBytesUtf8()	org.apache.commons.codec.binary.StringUtilsTest.testGetBytesUnchecked(String)
org.apache.commons.codec.digest.DigestUtils.sha256(String)	org.apache.commons.codec.digest.DigestUtils.sha256(byte[])
org.apache.commons.codec.binary.BaseNCodecTest.testIsWhiteSpace()	org.apache.commons.codec.binary.BaseNCodec.isWhiteSpace(byte)
org.apache.commons.codec.language.bm.Rule.parseRules(Scanner,String)	org.apache.commons.codec.language.bm.Rule.parsePhonemeExpr(String)
org.apache.commons.codec.digest.Sha256CryptTest.testSha256CryptBytes()	org.apache.commons.codec.digest.Crypt.crypt(byte[],String)
org.apache.commons.codec.binary.Base64OutputStreamTest.testWriteOutOfBounds()	org.apache.commons.codec.binary.BaseNCodecOutputStream.close()
org.apache.commons.codec.language.MatchRatingApproachEncoderTest.testCompare_Surname_OSULLIVAN_OSUILLEABHAIN_SuccessfulMatch()	org.apache.commons.codec.StringEncoderAbstractTest.getStringEncoder()
org.apache.commons.codec.language.MatchRatingApproachEncoderTest.testCompare_LongSurnames_OMUIRCHEARTAIGH_OMIREADHAIGH_SuccessfulMatch()	org.apache.commons.codec.StringEncoderAbstractTest.getStringEncoder()
org.apache.commons.codec.binary.Base64Test.testRfc4648Section10DecodeWithCrLf()	org.apache.commons.codec.binary.Base64.decodeBase64(String)
org.apache.commons.codec.net.QuotedPrintableCodecTest.testUTF8RoundTrip()	org.apache.commons.codec.net.QuotedPrintableCodec.encode(String,String)
org.apache.commons.codec.language.DoubleMetaphone.handleG(String,DoubleMetaphoneResult,int,boolean)	org.apache.commons.codec.language.DoubleMetaphone.DoubleMetaphoneResult.append(String,String)
org.apache.commons.codec.net.URLCodecTest.testDecodeStringWithNull()	org.apache.commons.codec.net.URLCodec.decode(String,String)
org.apache.commons.codec.binary.Base64.encodeBase64Chunked(byte[])	org.apache.commons.codec.binary.Base64.encodeBase64(byte[],boolean)
org.apache.commons.codec.digest.DigestUtils.sha224(byte[])	org.apache.commons.codec.digest.DigestUtils.getSha224Digest()
org.apache.commons.codec.language.MatchRatingApproachEncoder.encode(Object)	org.apache.commons.codec.language.MatchRatingApproachEncoder.encode(String)
org.apache.commons.codec.binary.Base64InputStreamTest.testMarkSupported()	org.apache.commons.codec.binary.BaseNCodecInputStream.markSupported()
org.apache.commons.codec.digest.HmacUtils.hmacSha384(byte[],InputStream)	org.apache.commons.codec.digest.HmacUtils.getHmacSha384(byte[])
org.apache.commons.codec.language.ColognePhoneticTest.testAychlmajrForCodec122()	org.apache.commons.codec.StringEncoderAbstractTest.checkEncoding(String,String)
org.apache.commons.codec.digest.DigestUtils.sha512(String)	org.apache.commons.codec.binary.StringUtils.getBytesUtf8(String)
org.apache.commons.codec.binary.Base64InputStreamTest.testCodec105()	org.apache.commons.codec.binary.BaseNCodecInputStream.read()
org.apache.commons.codec.language.DoubleMetaphone.handleL(String,DoubleMetaphoneResult,int)	org.apache.commons.codec.language.DoubleMetaphone.charAt(String,int)
org.apache.commons.codec.binary.Base32Test.testSingleCharEncoding()	org.apache.commons.codec.binary.BaseNCodec.encode(byte[])
org.apache.commons.codec.binary.StringUtilsTest.testNewStringUtf16Be()	org.apache.commons.codec.binary.StringUtils.newStringUtf16Be(byte[])
org.apache.commons.codec.digest.HmacUtils.hmacMd5Hex(byte[],byte[])	org.apache.commons.codec.binary.Hex.encodeHexString(byte[])
org.apache.commons.codec.net.QuotedPrintableCodecTest.testEncodeDecodeNull()	org.apache.commons.codec.net.QuotedPrintableCodec.decode(String)
org.apache.commons.codec.binary.HexTest.testDecodeByteBufferObjectEmpty()	org.apache.commons.codec.binary.Hex.decode(Object)
org.apache.commons.codec.language.DoubleMetaphone.handleS(String,DoubleMetaphoneResult,int,boolean)	org.apache.commons.codec.language.DoubleMetaphone.contains(String,int,int,)
org.apache.commons.codec.digest.Sha256CryptTest.testSha256CryptExplicitCall()	org.apache.commons.codec.digest.Sha2Crypt.sha256Crypt(byte[],String)
org.apache.commons.codec.digest.Apr1CryptTest.testApr1CryptWithEmptySalt()	org.apache.commons.codec.digest.Md5Crypt.apr1Crypt(byte[],String)
org.apache.commons.codec.net.QCodecTest.testEncodeDecodeBlanks()	org.apache.commons.codec.net.QCodec.encode(String)
org.apache.commons.codec.digest.MessageDigestAlgorithmTest.testAlgorithm()	org.apache.commons.codec.digest.MessageDigestAlgorithm.getAlgorithm()
org.apache.commons.codec.language.bm.PhoneticEngine.applyFinalRules(PhonemeBuilder,Map<String, List<Rule>>)	org.apache.commons.codec.language.bm.PhoneticEngine.RulesApplication.isFound()
org.apache.commons.codec.language.MatchRatingApproachEncoderTest.testAccentRemoval_NullValue_ReturnNullSuccessfully()	org.apache.commons.codec.StringEncoderAbstractTest.getStringEncoder()
org.apache.commons.codec.binary.Base64Test.testCodeIntegerNull()	org.apache.commons.codec.binary.Base64.encodeInteger(BigInteger)
org.apache.commons.codec.language.MatchRatingApproachEncoderTest.testCompare_FRANCISZEK_FRANCES_SuccessfullyMatched()	org.apache.commons.codec.language.MatchRatingApproachEncoder.isEncodeEquals(String,String)
org.apache.commons.codec.language.MatchRatingApproachEncoderTest.testCompare_BRIAN_BRYAN_SuccessfullyMatched()	org.apache.commons.codec.StringEncoderAbstractTest.getStringEncoder()
org.apache.commons.codec.language.MatchRatingApproachEncoder.encode(String)	org.apache.commons.codec.language.MatchRatingApproachEncoder.getFirst3Last3(String)
org.apache.commons.codec.language.DaitchMokotoffSoundexTest.testSpecialRomanianCharacters()	org.apache.commons.codec.language.DaitchMokotoffSoundexTest.soundex(String)
org.apache.commons.codec.digest.HmacUtilsTest.testHmacMd5Hex()	org.apache.commons.codec.digest.HmacUtils.hmacMd5Hex(String,String)
org.apache.commons.codec.binary.BinaryCodecTest.testEncodeByteArray()	org.apache.commons.codec.binary.BinaryCodec.encode(byte[])
org.apache.commons.codec.binary.BaseNCodec.decode(byte[])	org.apache.commons.codec.binary.BaseNCodec.readResults(byte[],int,int,Context)
org.apache.commons.codec.binary.Base64.encodeBase64(byte[],boolean)	org.apache.commons.codec.binary.Base64.encodeBase64(byte[],boolean,boolean)
org.apache.commons.codec.digest.DigestUtilsTest.testMd5HexFile()	org.apache.commons.codec.digest.DigestUtils.md5Hex(File)
org.apache.commons.codec.binary.Hex.encode(Object)	org.apache.commons.codec.binary.Hex.getCharset()
org.apache.commons.codec.language.Caverphone.encode(Object)	org.apache.commons.codec.language.Caverphone.caverphone(String)
org.apache.commons.codec.language.MatchRatingApproachEncoderTest.testAccentRemoval_ComprehensiveAccentMix_AllSuccessfullyRemoved()	org.apache.commons.codec.StringEncoderAbstractTest.getStringEncoder()
org.apache.commons.codec.digest.Sha2Crypt.sha256Crypt(byte[],String)	org.apache.commons.codec.digest.B64.getRandomSalt(int)
org.apache.commons.codec.language.DoubleMetaphone.handleJ(String,DoubleMetaphoneResult,int,boolean)	org.apache.commons.codec.language.DoubleMetaphone.DoubleMetaphoneResult.append(char)
org.apache.commons.codec.language.DaitchMokotoffSoundexTest.testSoundexBasic3()	org.apache.commons.codec.language.DaitchMokotoffSoundexTest.soundex(String)
org.apache.commons.codec.binary.StringUtils.getBytesUtf16Be(String)	org.apache.commons.codec.binary.StringUtils.getBytes(String,Charset)
org.apache.commons.codec.digest.HmacUtils.hmacSha384Hex(byte[],InputStream)	org.apache.commons.codec.binary.Hex.encodeHexString(byte[])
org.apache.commons.codec.digest.DigestUtils.sha512Hex(byte[])	org.apache.commons.codec.binary.Hex.encodeHexString(byte[])
org.apache.commons.codec.binary.Base32InputStreamTest.testSkipNone()	org.apache.commons.codec.binary.StringUtils.getBytesIso8859_1(String)
org.apache.commons.codec.binary.Base64Test.testCodeInteger2()	org.apache.commons.codec.binary.Base64.decodeInteger(byte[])
org.apache.commons.codec.net.BCodec.doDecoding(byte[])	org.apache.commons.codec.binary.Base64.decodeBase64(byte[])
org.apache.commons.codec.binary.Base64OutputStreamTest.testWriteToNullCoverage()	org.apache.commons.codec.binary.BaseNCodecOutputStream.close()
org.apache.commons.codec.digest.DigestUtils.getSha224Digest()	org.apache.commons.codec.digest.MessageDigestAlgorithm.getMessageDigest()
org.apache.commons.codec.language.SoundexTest.testMsSqlServer3()	org.apache.commons.codec.language.Soundex.encode(String)
org.apache.commons.codec.net.URLCodecTest.testInvalidEncoding()	org.apache.commons.codec.net.URLCodecTest.validateState(URLCodec)
org.apache.commons.codec.binary.Base64Test.testObjectEncodeWithValidParameter()	org.apache.commons.codec.binary.Base64.decodeBase64(byte[])
org.apache.commons.codec.language.bm.BeiderMorseEncoderTest.testSetRuleTypeExact()	org.apache.commons.codec.language.bm.BeiderMorseEncoder.setRuleType(RuleType)
org.apache.commons.codec.binary.Base32OutputStreamTest.testBase32EmptyOutputStreamMimeChunkSize()	org.apache.commons.codec.binary.Base32OutputStreamTest.testBase32EmptyOutputStream(int)
org.apache.commons.codec.language.MatchRatingApproachEncoderTest.testgetMinRating_6_Returns4_Successfully()	org.apache.commons.codec.StringEncoderAbstractTest.getStringEncoder()
org.apache.commons.codec.binary.HexTest.testCustomCharset(String,String)	org.apache.commons.codec.binary.Hex.encode(byte[])
org.apache.commons.codec.language.DoubleMetaphone.handleGH(String,DoubleMetaphoneResult,int)	org.apache.commons.codec.language.DoubleMetaphone.contains(String,int,int,)
org.apache.commons.codec.language.MatchRatingApproachEncoderTest.testAccentRemoval_AllLower_SuccessfullyRemoved()	org.apache.commons.codec.StringEncoderAbstractTest.getStringEncoder()
org.apache.commons.codec.language.bm.PhoneticEngine.PhonemeBuilder.apply(PhonemeExpr,int)	org.apache.commons.codec.language.bm.Languages.LanguageSet.restrictTo(LanguageSet)
org.apache.commons.codec.language.NysiisTest.testRule6()	org.apache.commons.codec.language.NysiisTest.assertEncodings()
org.apache.commons.codec.language.MatchRatingApproachEncoderTest.testCompare_Surname_LIPSHITZ_LIPPSZYC_SuccessfullyMatched()	org.apache.commons.codec.StringEncoderAbstractTest.getStringEncoder()
org.apache.commons.codec.language.bm.Rule.getInstanceMap(NameType,RuleType,LanguageSet)	org.apache.commons.codec.language.bm.Rule.getInstanceMap(NameType,RuleType,String)
org.apache.commons.codec.language.MatchRatingApproachEncoderTest.testCompare_OONA_OONAGH_SuccessfullyMatched()	org.apache.commons.codec.StringEncoderAbstractTest.getStringEncoder()
org.apache.commons.codec.digest.Apr1CryptTest.testApr1CryptExplicitCall()	org.apache.commons.codec.digest.Md5Crypt.apr1Crypt(byte[])
org.apache.commons.codec.digest.DigestUtils.md2(ByteBuffer)	org.apache.commons.codec.digest.DigestUtils.digest(MessageDigest,ByteBuffer)
org.apache.commons.codec.language.bm.PhoneticEngine.applyFinalRules(PhonemeBuilder,Map<String, List<Rule>>)	org.apache.commons.codec.language.bm.PhoneticEngine.PhonemeBuilder.empty(LanguageSet)
org.apache.commons.codec.language.MatchRatingApproachEncoderTest.testCompare_Forenames_UNA_OONAGH_ShouldSuccessfullyMatchButDoesNot()	org.apache.commons.codec.StringEncoderAbstractTest.getStringEncoder()
org.apache.commons.codec.language.bm.BeiderMorseEncoderTest.testEncodeAtzNotEmpty()	org.apache.commons.codec.language.bm.BeiderMorseEncoderTest.assertNotEmpty(BeiderMorseEncoder,String)
org.apache.commons.codec.language.MatchRatingApproachEncoderTest.testisEncodeEquals_CornerCase_FirstNameJust1Letter_ReturnsFalse()	org.apache.commons.codec.StringEncoderAbstractTest.getStringEncoder()
org.apache.commons.codec.language.MetaphoneTest.testTCH()	org.apache.commons.codec.language.Metaphone.metaphone(String)
org.apache.commons.codec.digest.HmacUtilsTest.testInitializedMac()	org.apache.commons.codec.digest.HmacUtils.getInitializedMac(HmacAlgorithms,byte[])
org.apache.commons.codec.net.QCodecTest.testUTF8RoundTrip()	org.apache.commons.codec.net.QCodec.encode(String)
org.apache.commons.codec.BinaryEncoderAbstractTest.testEncodeNull()	org.apache.commons.codec.BinaryEncoderAbstractTest.makeEncoder()
org.apache.commons.codec.digest.PureJavaCrc32Test.checkSame()	org.apache.commons.codec.digest.PureJavaCrc32.getValue()
org.apache.commons.codec.language.MatchRatingApproachEncoderTest.testCompare_Surnames_MURPHY_LYNCH_NoMatchExpected()	org.apache.commons.codec.StringEncoderAbstractTest.getStringEncoder()
org.apache.commons.codec.digest.DigestUtils.md5(String)	org.apache.commons.codec.digest.DigestUtils.md5(byte[])
org.apache.commons.codec.digest.MessageDigestAlgorithm.getMessageDigest()	org.apache.commons.codec.digest.DigestUtils.getDigest(String)
org.apache.commons.codec.digest.HmacUtils.hmacSha512(byte[],byte[])	org.apache.commons.codec.digest.HmacUtils.getHmacSha512(byte[])
org.apache.commons.codec.language.NysiisTest.encodeAll(String[],String)	org.apache.commons.codec.StringEncoderAbstractTest.getStringEncoder()
org.apache.commons.codec.digest.HmacUtils.hmacSha256(byte[],byte[])	org.apache.commons.codec.digest.HmacUtils.getHmacSha256(byte[])
org.apache.commons.codec.language.bm.Rule.createResourceName(NameType,RuleType,String)	org.apache.commons.codec.language.bm.RuleType.getName()
org.apache.commons.codec.binary.Base32InputStreamTest.testReadOutOfBounds()	org.apache.commons.codec.binary.BaseNCodecInputStream.read(byte[],int,int)
org.apache.commons.codec.digest.HmacUtils.hmacSha512(String,String)	org.apache.commons.codec.digest.HmacUtils.hmacSha512(byte[],byte[])
org.apache.commons.codec.language.DoubleMetaphone.DoubleMetaphoneResult.append(String,String)	org.apache.commons.codec.language.DoubleMetaphone.DoubleMetaphoneResult.appendAlternate(String)
org.apache.commons.codec.digest.UnixCrypt.crypt(byte[],String)	org.apache.commons.codec.digest.UnixCrypt.desSetKey(byte[])
org.apache.commons.codec.digest.Sha512CryptTest.testSha256LargetThanBlocksize()	org.apache.commons.codec.digest.Sha2Crypt.sha512Crypt(byte[],String)
org.apache.commons.codec.language.MatchRatingApproachEncoderTest.testGetMinRating_2_Returns5_Successfully()	org.apache.commons.codec.StringEncoderAbstractTest.getStringEncoder()
org.apache.commons.codec.digest.Digest.run(MessageDigestAlgorithm[])	org.apache.commons.codec.digest.Digest.run(String,MessageDigestAlgorithm)
org.apache.commons.codec.binary.Base64InputStreamTest.testBase64EmptyInputStream(int)	org.apache.commons.codec.binary.Base64InputStreamTest.testByteByByte(byte[],byte[],int,byte[])
org.apache.commons.codec.language.DoubleMetaphone.handleW(String,DoubleMetaphoneResult,int)	org.apache.commons.codec.language.DoubleMetaphone.DoubleMetaphoneResult.append(String,String)
org.apache.commons.codec.binary.BinaryCodecTest.testEncodeObjectNull()	org.apache.commons.codec.binary.BinaryCodec.encode(Object)
org.apache.commons.codec.net.BCodecTest.testEncodeObjects()	org.apache.commons.codec.net.BCodec.encode(Object)
org.apache.commons.codec.binary.BinaryCodec.decode(Object)	org.apache.commons.codec.binary.BinaryCodec.fromAscii(byte[])
org.apache.commons.codec.language.MatchRatingApproachEncoderTest.testAccentRemoval_ComprehensiveAccentMix_AllSuccessfullyRemoved()	org.apache.commons.codec.language.MatchRatingApproachEncoder.removeAccents(String)
org.apache.commons.codec.digest.DigestUtilsTest.testMd2Length()	org.apache.commons.codec.digest.DigestUtils.md2(byte[])
org.apache.commons.codec.binary.Base32InputStreamTest.testCodec130()	org.apache.commons.codec.binary.StringUtils.newStringUtf8(byte[])
org.apache.commons.codec.language.DoubleMetaphone.handleG(String,DoubleMetaphoneResult,int,boolean)	org.apache.commons.codec.language.DoubleMetaphone.DoubleMetaphoneResult.append(String)
org.apache.commons.codec.digest.HmacUtils.hmacSha256Hex(byte[],byte[])	org.apache.commons.codec.digest.HmacUtils.hmacSha256(byte[],byte[])
org.apache.commons.codec.digest.MessageDigestAlgorithmTest.getTestFile()	org.apache.commons.codec.digest.DigestUtilsTest.getTestFile()
org.apache.commons.codec.digest.DigestUtilsTest.testSha512HexFile()	org.apache.commons.codec.digest.DigestUtils.sha512Hex(byte[])
org.apache.commons.codec.digest.Sha512CryptTest.testSha2CryptRounds()	org.apache.commons.codec.digest.Sha2Crypt.sha256Crypt(byte[],String)
org.apache.commons.codec.binary.Base64Test.testTriplets()	org.apache.commons.codec.binary.Base64.encodeBase64(byte[])
org.apache.commons.codec.language.DoubleMetaphone.handleD(String,DoubleMetaphoneResult,int)	org.apache.commons.codec.language.DoubleMetaphone.DoubleMetaphoneResult.append(String)
org.apache.commons.codec.language.ColognePhonetic.isEncodeEqual(String,String)	org.apache.commons.codec.language.ColognePhonetic.colognePhonetic(String)
org.apache.commons.codec.binary.Base64Test.testStringToByteVariations()	org.apache.commons.codec.binary.Hex.decodeHex(String)
org.apache.commons.codec.language.SoundexTest.testUsMappingOWithDiaeresis()	org.apache.commons.codec.language.Soundex.encode(String)
org.apache.commons.codec.language.MatchRatingApproachEncoder.isEncodeEquals(String,String)	org.apache.commons.codec.language.MatchRatingApproachEncoder.getFirst3Last3(String)
org.apache.commons.codec.language.Caverphone2Test.testCaverphoneRevisitedRandomWords()	org.apache.commons.codec.StringEncoderAbstractTest.checkEncoding(String,String)
org.apache.commons.codec.language.MatchRatingApproachEncoder.cleanName(String)	org.apache.commons.codec.language.MatchRatingApproachEncoder.removeAccents(String)
org.apache.commons.codec.digest.MessageDigestAlgorithm.digest(ByteBuffer)	org.apache.commons.codec.digest.MessageDigestAlgorithm.getMessageDigest()
org.apache.commons.codec.language.DoubleMetaphone.handleG(String,DoubleMetaphoneResult,int,boolean)	org.apache.commons.codec.language.DoubleMetaphone.charAt(String,int)
org.apache.commons.codec.digest.HmacUtils.hmacMd5Hex(byte[],InputStream)	org.apache.commons.codec.digest.HmacUtils.hmacMd5(byte[],InputStream)
org.apache.commons.codec.binary.BaseNCodecInputStream.skip(long)	org.apache.commons.codec.binary.BaseNCodecInputStream.read(byte[],int,int)
org.apache.commons.codec.binary.Base32Test.testSingleCharEncoding()	org.apache.commons.codec.binary.Base32.encode(byte[],int,int,Context)
org.apache.commons.codec.language.DoubleMetaphone.handleC(String,DoubleMetaphoneResult,int)	org.apache.commons.codec.language.DoubleMetaphone.charAt(String,int)
org.apache.commons.codec.net.QuotedPrintableCodec.encodeQuotedPrintable(BitSet,byte[],boolean)	org.apache.commons.codec.net.QuotedPrintableCodec.getUnsignedOctet(int,byte[])
org.apache.commons.codec.digest.HmacUtils.hmacSha512Hex(byte[],byte[])	org.apache.commons.codec.digest.HmacUtils.hmacSha512(byte[],byte[])
org.apache.commons.codec.digest.HmacUtils.hmacSha256Hex(String,String)	org.apache.commons.codec.digest.HmacUtils.hmacSha256(String,String)
org.apache.commons.codec.language.MatchRatingApproachEncoderTest.testGetEncoding_Null_to_Nothing()	org.apache.commons.codec.StringEncoderAbstractTest.getStringEncoder()
org.apache.commons.codec.digest.HmacUtilsTest.testSha1HMac()	org.apache.commons.codec.digest.HmacUtils.hmacSha1Hex(byte[],byte[])
org.apache.commons.codec.language.MatchRatingApproachEncoderTest.testGetFirstLast3_PETE_Returns_PETE()	org.apache.commons.codec.StringEncoderAbstractTest.getStringEncoder()
org.apache.commons.codec.binary.BinaryCodecTest.testDecodeByteArray()	org.apache.commons.codec.binary.BinaryCodec.decode(byte[])
org.apache.commons.codec.net.QuotedPrintableCodecTest.testSoftLineBreakDecode()	org.apache.commons.codec.net.QuotedPrintableCodec.encode(String)
org.apache.commons.codec.digest.Crypt.crypt(byte[],String)	org.apache.commons.codec.digest.Sha2Crypt.sha256Crypt(byte[],String)
org.apache.commons.codec.binary.StringUtilsTest.testNewStringIso8859_1()	org.apache.commons.codec.binary.StringUtils.newStringIso8859_1(byte[])
org.apache.commons.codec.digest.DigestUtilsTest.testSha384()	org.apache.commons.codec.digest.DigestUtils.sha384Hex(byte[])
org.apache.commons.codec.binary.Base32Test.testBase32SamplesNonDefaultPadding()	org.apache.commons.codec.binary.BaseNCodec.encodeAsString(byte[])
org.apache.commons.codec.digest.DigestUtils.sha224Hex(File)	org.apache.commons.codec.digest.DigestUtils.sha224(File)
org.apache.commons.codec.net.QuotedPrintableCodecTest.testTrailingSpecial()	org.apache.commons.codec.net.QuotedPrintableCodec.encode(String)
org.apache.commons.codec.binary.BaseNCodecOutputStream.write(byte[],int,int)	org.apache.commons.codec.binary.BaseNCodec.encode(byte[],int,int,Context)
org.apache.commons.codec.language.MetaphoneTest.testIsMetaphoneEqualWright()	org.apache.commons.codec.language.MetaphoneTest.assertIsMetaphoneEqual(String,String[])
org.apache.commons.codec.binary.HexTest.testDecodeHexStringOddCharacters1()	org.apache.commons.codec.binary.HexTest.checkDecodeHexCharArrayOddCharacters(String)
org.apache.commons.codec.language.MatchRatingApproachEncoderTest.testCompare_STEPHEN_STEFAN_SuccessfullyMatched()	org.apache.commons.codec.StringEncoderAbstractTest.getStringEncoder()
org.apache.commons.codec.digest.DigestUtilsTest.testSha224HexFile()	org.apache.commons.codec.digest.DigestUtilsTest.assumeJava8()
org.apache.commons.codec.digest.HmacUtils.hmacSha512Hex(String,String)	org.apache.commons.codec.digest.HmacUtils.hmacSha512(String,String)
org.apache.commons.codec.binary.Base32InputStreamTest.testSkipWrongArgument()	org.apache.commons.codec.binary.BaseNCodecInputStream.skip(long)
org.apache.commons.codec.digest.MessageDigestAlgorithmTest.digestTestData()	org.apache.commons.codec.digest.MessageDigestAlgorithmTest.getTestData()
org.apache.commons.codec.binary.Base64Test.testIsStringBase64()	org.apache.commons.codec.binary.Base64.isBase64(String)
org.apache.commons.codec.language.bm.PhoneticEngine.applyFinalRules(PhonemeBuilder,Map<String, List<Rule>>)	org.apache.commons.codec.language.bm.Rule.Phoneme.mergeWithLanguage(LanguageSet)
org.apache.commons.codec.language.DoubleMetaphone.conditionCH0(String,int)	org.apache.commons.codec.language.DoubleMetaphone.contains(String,int,int,)
org.apache.commons.codec.binary.Base64InputStreamTest.testBase64InputStreamByChunk()	org.apache.commons.codec.binary.Base64TestData.randomData(int,boolean)
org.apache.commons.codec.StringEncoderAbstractTest.testEncodeWithInvalidObject()	org.apache.commons.codec.Encoder.encode(Object)
org.apache.commons.codec.language.bm.PhoneticEngineRegressionTest.testSolrGENERIC()	org.apache.commons.codec.language.bm.PhoneticEngineRegressionTest.encode(Map<String, String>,boolean,String)
org.apache.commons.codec.language.DoubleMetaphone.handleGH(String,DoubleMetaphoneResult,int)	org.apache.commons.codec.language.DoubleMetaphone.DoubleMetaphoneResult.append(char)
org.apache.commons.codec.binary.Base64Codec13Test.testStaticDecodeChunked()	org.apache.commons.codec.binary.Base64.decodeBase64(byte[])
org.apache.commons.codec.digest.DigestUtils.digest(MessageDigest,File)	org.apache.commons.codec.digest.DigestUtils.updateDigest(MessageDigest,File)
org.apache.commons.codec.binary.Base64Test.testIsUrlSafe()	org.apache.commons.codec.binary.Base64.isUrlSafe()
org.apache.commons.codec.language.bm.Rule.pattern(String)	org.apache.commons.codec.language.bm.Rule.endsWith(CharSequence,CharSequence)
org.apache.commons.codec.binary.StringUtilsTest.testNewStringBadEnc()	org.apache.commons.codec.binary.StringUtils.newString(byte[],String)
org.apache.commons.codec.net.QCodecTest.testEncodeDecodeNull()	org.apache.commons.codec.net.QCodec.decode(String)
org.apache.commons.codec.digest.DigestUtilsTest.testShaHex()	org.apache.commons.codec.digest.DigestUtils.shaHex(byte[])
org.apache.commons.codec.net.QCodecTest.testBasicEncodeDecode()	org.apache.commons.codec.net.QCodec.encode(String)
org.apache.commons.codec.binary.BaseNCodecInputStream.read(byte[],int,int)	org.apache.commons.codec.binary.BaseNCodec.hasData(Context)
org.apache.commons.codec.language.MatchRatingApproachEncoderTest.testAccentRemoval_MixedWithUnusualChars_SuccessfullyRemovedAndUnusualcharactersInvariant()	org.apache.commons.codec.StringEncoderAbstractTest.getStringEncoder()
org.apache.commons.codec.StringEncoderAbstractTest.testEncodeNull()	org.apache.commons.codec.StringEncoderAbstractTest.getStringEncoder()
org.apache.commons.codec.language.DoubleMetaphone.handleT(String,DoubleMetaphoneResult,int)	org.apache.commons.codec.language.DoubleMetaphone.DoubleMetaphoneResult.append(char,char)
org.apache.commons.codec.digest.HmacUtilsTest.testSha384HMac()	org.apache.commons.codec.digest.HmacUtils.hmacSha384(byte[],InputStream)
org.apache.commons.codec.binary.Base64Test.testIsUrlSafe()	org.apache.commons.codec.binary.Base64.isBase64(byte[])
org.apache.commons.codec.net.QuotedPrintableCodecTest.testSkipNotEncodedCRLF()	org.apache.commons.codec.net.QuotedPrintableCodec.decode(String)
org.apache.commons.codec.net.QuotedPrintableCodec.decode(String,String)	org.apache.commons.codec.net.QuotedPrintableCodec.decode(byte[])
org.apache.commons.codec.binary.Base64Test.testEmptyBase64()	org.apache.commons.codec.binary.Base64.encodeBase64(byte[])
org.apache.commons.codec.digest.DigestUtilsTest.testSha384()	org.apache.commons.codec.binary.StringUtils.getBytesUtf8(String)
org.apache.commons.codec.language.MatchRatingApproachEncoderTest.testisEncodeEquals_CornerCase_FirstNameNothing_ReturnsFalse()	org.apache.commons.codec.StringEncoderAbstractTest.getStringEncoder()
org.apache.commons.codec.digest.HmacUtils.hmacSha512Hex(byte[],InputStream)	org.apache.commons.codec.binary.Hex.encodeHexString(byte[])
org.apache.commons.codec.binary.Base32OutputStreamTest.testBase32OutputStreamByChunk()	org.apache.commons.codec.binary.Base32OutputStreamTest.testByChunk(byte[],byte[],int,byte[])
org.apache.commons.codec.digest.DigestUtils.sha512Hex(ByteBuffer)	org.apache.commons.codec.binary.Hex.encodeHexString(byte[])
org.apache.commons.codec.language.DoubleMetaphone.doubleMetaphone(String,boolean)	org.apache.commons.codec.language.DoubleMetaphone.handleX(String,DoubleMetaphoneResult,int)
org.apache.commons.codec.digest.HmacUtilsTest.testHmacSha1UpdateWithByteArray()	org.apache.commons.codec.digest.HmacUtils.getHmacSha1(byte[])
org.apache.commons.codec.language.bm.CacheSubSequencePerformanceTest.test(CharSequence,int)	org.apache.commons.codec.language.bm.CacheSubSequencePerformanceTest.test(CharSequence)
org.apache.commons.codec.language.bm.BeiderMorseEncoder.setMaxPhonemes(int)	org.apache.commons.codec.language.bm.PhoneticEngine.getRuleType()
org.apache.commons.codec.language.MatchRatingApproachEncoderTest.testCompare_CATHERINE_KATHRYN_SuccessfullyMatched()	org.apache.commons.codec.language.MatchRatingApproachEncoder.isEncodeEquals(String,String)
org.apache.commons.codec.binary.Base64.encodeBase64URLSafeString(byte[])	org.apache.commons.codec.binary.Base64.encodeBase64(byte[],boolean,boolean)
org.apache.commons.codec.binary.Base64Test.testBase64()	org.apache.commons.codec.binary.BaseNCodec.decode(String)
org.apache.commons.codec.digest.HmacUtils.hmacSha512Hex(byte[],InputStream)	org.apache.commons.codec.digest.HmacUtils.hmacSha512(byte[],InputStream)
org.apache.commons.codec.language.SoundexTest.testNewInstance2()	org.apache.commons.codec.language.Soundex.soundex(String)
org.apache.commons.codec.language.MatchRatingApproachEncoderTest.testCompare_SAM_SAMUEL_SuccessfullyMatched()	org.apache.commons.codec.StringEncoderAbstractTest.getStringEncoder()
org.apache.commons.codec.language.MatchRatingApproachEncoderTest.testCompare_Forenames_SEAN_PETE_NoMatchExpected()	org.apache.commons.codec.StringEncoderAbstractTest.getStringEncoder()
org.apache.commons.codec.digest.HmacUtils.hmacSha512(byte[],InputStream)	org.apache.commons.codec.digest.HmacUtils.getHmacSha512(byte[])
org.apache.commons.codec.binary.Base64Test.testObjectEncodeWithInvalidParameter()	org.apache.commons.codec.binary.BaseNCodec.encode(Object)
org.apache.commons.codec.language.MatchRatingApproachEncoderTest.testCompareNameNullSpace_ReturnsFalseSuccessfully()	org.apache.commons.codec.language.MatchRatingApproachEncoder.isEncodeEquals(String,String)
org.apache.commons.codec.binary.BaseNCodec.decode(byte[])	org.apache.commons.codec.binary.BaseNCodec.decode(byte[],int,int,Context)
org.apache.commons.codec.binary.HexTest.testCustomCharset(String,String)	org.apache.commons.codec.binary.Hex.encodeHexString(byte[])
org.apache.commons.codec.binary.Base32InputStreamTest.testBase32InputStreamByChunk()	org.apache.commons.codec.binary.Base32InputStreamTest.testByChunk(byte[],byte[],int,byte[])
org.apache.commons.codec.language.MatchRatingApproachEncoderTest.testRemoveDoubleConsonants_MISSISSIPPI_RemovedSuccessfully()	org.apache.commons.codec.language.MatchRatingApproachEncoder.removeDoubleConsonants(String)
org.apache.commons.codec.language.SoundexTest.testEncodeIgnoreHyphens()	org.apache.commons.codec.StringEncoderAbstractTest.checkEncodingVariations(String,String[])
org.apache.commons.codec.language.bm.PhoneticEngine.RulesApplication.invoke()	org.apache.commons.codec.language.bm.Rule.patternAndContextMatches(CharSequence,int)
org.apache.commons.codec.language.DoubleMetaphoneTest.testIsDoubleMetaphoneEqualExtended3()	org.apache.commons.codec.language.DoubleMetaphoneTest.validateFixture(String[][])
org.apache.commons.codec.digest.HmacUtils.hmacMd5Hex(String,String)	org.apache.commons.codec.digest.HmacUtils.hmacMd5(String,String)
org.apache.commons.codec.language.Caverphone2Test.testEndMb()	org.apache.commons.codec.StringEncoderAbstractTest.checkEncodings(String[][])
org.apache.commons.codec.digest.CryptTest.testCryptWithEmptySalt()	org.apache.commons.codec.digest.Crypt.crypt(String,String)
org.apache.commons.codec.digest.DigestUtilsTest.testMd5LengthForByteBuffer()	org.apache.commons.codec.digest.DigestUtils.md5(ByteBuffer)
org.apache.commons.codec.language.SoundexUtils.difference(StringEncoder,String,String)	org.apache.commons.codec.StringEncoder.encode(String)
org.apache.commons.codec.net.QuotedPrintableCodec.encode(String,Charset)	org.apache.commons.codec.binary.StringUtils.newStringUsAscii(byte[])
org.apache.commons.codec.language.DoubleMetaphone.handleW(String,DoubleMetaphoneResult,int)	org.apache.commons.codec.language.DoubleMetaphone.DoubleMetaphoneResult.appendAlternate(char)
org.apache.commons.codec.language.MetaphoneTest.testIsMetaphoneEqualGary()	org.apache.commons.codec.language.MetaphoneTest.assertIsMetaphoneEqual(String,String[])
org.apache.commons.codec.language.ColognePhoneticTest.testIsEncodeEquals()	org.apache.commons.codec.language.ColognePhonetic.isEncodeEqual(String,String)
org.apache.commons.codec.language.DoubleMetaphone.handleCH(String,DoubleMetaphoneResult,int)	org.apache.commons.codec.language.DoubleMetaphone.DoubleMetaphoneResult.append(char,char)
org.apache.commons.codec.digest.UnixCryptTest.testUnixCryptExplicitCall()	org.apache.commons.codec.digest.UnixCrypt.crypt(byte[],String)
org.apache.commons.codec.language.bm.PhoneticEngineRegressionTest.testSolrASHKENAZI()	org.apache.commons.codec.language.bm.PhoneticEngineRegressionTest.encode(Map<String, String>,boolean,String)
org.apache.commons.codec.binary.BinaryCodec.toByteArray(String)	org.apache.commons.codec.binary.BinaryCodec.fromAscii(char[])
org.apache.commons.codec.net.QuotedPrintableCodec.encodeQuotedPrintable(BitSet,byte[],boolean)	org.apache.commons.codec.net.QuotedPrintableCodec.encodeQuotedPrintable(int,ByteArrayOutputStream)
org.apache.commons.codec.language.DoubleMetaphoneTest.testIsDoubleMetaphoneEqualWithMATCHES()	org.apache.commons.codec.language.DoubleMetaphoneTest.validateFixture(String[][])
org.apache.commons.codec.language.bm.BeiderMorseEncoderTest.testEncodeGna()	org.apache.commons.codec.language.bm.BeiderMorseEncoderTest.createGenericApproxEncoder()
org.apache.commons.codec.digest.DigestUtilsTest.testSha512()	org.apache.commons.codec.digest.DigestUtils.sha512Hex(byte[])
org.apache.commons.codec.binary.Base32InputStreamTest.testSkipPastEnd()	org.apache.commons.codec.binary.BaseNCodecInputStream.skip(long)
org.apache.commons.codec.binary.Base32InputStreamTest.testSkipBig()	org.apache.commons.codec.binary.BaseNCodecInputStream.read()
org.apache.commons.codec.digest.DigestUtilsTest.testSha512HexInputStream()	org.apache.commons.codec.digest.DigestUtils.sha512Hex(InputStream)
org.apache.commons.codec.digest.PureJavaCrc32Test.PerformanceTest.doBench(List<Class<Checksum>>,PrintStream)	org.apache.commons.codec.digest.PureJavaCrc32Test.PerformanceTest.doBench(List<Class<Checksum>>,byte[],int,PrintStream)
org.apache.commons.codec.language.DoubleMetaphone.handleP(String,DoubleMetaphoneResult,int)	org.apache.commons.codec.language.DoubleMetaphone.DoubleMetaphoneResult.append(char)
org.apache.commons.codec.language.DoubleMetaphone.handleJ(String,DoubleMetaphoneResult,int,boolean)	org.apache.commons.codec.language.DoubleMetaphone.contains(String,int,int,)
org.apache.commons.codec.digest.UnixCryptTest.testUnixCryptBytes()	org.apache.commons.codec.digest.Crypt.crypt(byte[],String)
org.apache.commons.codec.digest.DigestUtils.sha1Hex(InputStream)	org.apache.commons.codec.digest.DigestUtils.sha1(InputStream)
org.apache.commons.codec.language.bm.Rule.createResourceName(NameType,RuleType,String)	org.apache.commons.codec.language.bm.NameType.getName()
org.apache.commons.codec.binary.Base64Test.testIgnoringNonBase64InDecode()	org.apache.commons.codec.binary.Base64.decodeBase64(byte[])
org.apache.commons.codec.language.MetaphoneTest.testTCH()	org.apache.commons.codec.StringEncoderAbstractTest.getStringEncoder()
org.apache.commons.codec.binary.Base64Test.testObjectDecodeWithInvalidParameter()	org.apache.commons.codec.binary.BaseNCodec.decode(Object)
org.apache.commons.codec.binary.Base32InputStreamTest.testCodec105()	org.apache.commons.codec.binary.BaseNCodecInputStream.read()
org.apache.commons.codec.digest.HmacUtils.hmacMd5Hex(byte[],byte[])	org.apache.commons.codec.digest.HmacUtils.hmacMd5(byte[],byte[])
org.apache.commons.codec.language.DoubleMetaphone.handleL(String,DoubleMetaphoneResult,int)	org.apache.commons.codec.language.DoubleMetaphone.DoubleMetaphoneResult.appendPrimary(char)
org.apache.commons.codec.digest.DigestUtilsTest.testSha1Hex()	org.apache.commons.codec.digest.DigestUtils.sha1Hex(byte[])
org.apache.commons.codec.language.ColognePhoneticTest.testIsEncodeEquals()	org.apache.commons.codec.StringEncoderAbstractTest.getStringEncoder()
org.apache.commons.codec.binary.Base64Test.testBase64InBuffer(int,int)	org.apache.commons.codec.binary.StringUtils.newStringUtf8(byte[])
org.apache.commons.codec.language.MatchRatingApproachEncoderTest.testAccentRemoval_AllLower_SuccessfullyRemoved()	org.apache.commons.codec.language.MatchRatingApproachEncoder.removeAccents(String)
org.apache.commons.codec.language.MetaphoneTest.testWordEndingInMB()	org.apache.commons.codec.StringEncoderAbstractTest.getStringEncoder()
org.apache.commons.codec.net.QuotedPrintableCodec.encodeQuotedPrintable(BitSet,byte[],boolean)	org.apache.commons.codec.net.QuotedPrintableCodec.encodeByte(int,boolean,ByteArrayOutputStream)
org.apache.commons.codec.net.BCodec.doEncoding(byte[])	org.apache.commons.codec.binary.Base64.encodeBase64(byte[])
org.apache.commons.codec.language.DoubleMetaphoneTest.assertDoubleMetaphone(String,String)	org.apache.commons.codec.language.DoubleMetaphone.doubleMetaphone(String,boolean)
org.apache.commons.codec.language.MatchRatingApproachEncoderTest.testRemoveVowel__AIDAN_Returns_ADN()	org.apache.commons.codec.language.MatchRatingApproachEncoder.removeVowels(String)
org.apache.commons.codec.net.BCodec.decode(String)	org.apache.commons.codec.net.RFC1522Codec.decodeText(String)
org.apache.commons.codec.digest.PureJavaCrc32Test.PerformanceTest.doBench(List<Class<Checksum>>,byte[],int,PrintStream)	org.apache.commons.codec.digest.PureJavaCrc32Test.PerformanceTest.doBench(Class<Checksum>,int,byte[],int)
org.apache.commons.codec.language.bm.BeiderMorseEncoderTest.testAllChars()	org.apache.commons.codec.language.bm.BeiderMorseEncoder.encode(String)
org.apache.commons.codec.language.bm.BeiderMorseEncoderTest.testSpeedCheck()	org.apache.commons.codec.language.bm.BeiderMorseEncoder.encode(String)
org.apache.commons.codec.language.MatchRatingApproachEncoderTest.testCompare_SOPHIE_SOFIA_SuccessfullyMatched()	org.apache.commons.codec.language.MatchRatingApproachEncoder.isEncodeEquals(String,String)
org.apache.commons.codec.binary.Base32.decode(byte[],int,int,Context)	org.apache.commons.codec.binary.BaseNCodec.ensureBufferSize(int,Context)
org.apache.commons.codec.binary.StringUtilsTest.testNewStringNullInput()	org.apache.commons.codec.binary.StringUtils.newString(byte[],String)
org.apache.commons.codec.language.MetaphoneTest.testIsMetaphoneEqualPeter()	org.apache.commons.codec.language.MetaphoneTest.assertIsMetaphoneEqual(String,String[])
org.apache.commons.codec.language.SoundexTest.testEncodeBasic()	org.apache.commons.codec.StringEncoderAbstractTest.getStringEncoder()
org.apache.commons.codec.language.ColognePhonetic.colognePhonetic(String)	org.apache.commons.codec.language.ColognePhonetic.CologneBuffer.length()
org.apache.commons.codec.binary.Base64Test.testRfc4648Section10DecodeEncode()	org.apache.commons.codec.binary.Base64Test.testDecodeEncode(String)
org.apache.commons.codec.digest.HmacUtilsTest.testSha256HMac()	org.apache.commons.codec.digest.HmacUtils.hmacSha256(byte[],byte[])
org.apache.commons.codec.digest.Md5Crypt.md5Crypt(byte[],String,String)	org.apache.commons.codec.digest.DigestUtils.getMd5Digest()
org.apache.commons.codec.language.MatchRatingApproachEncoderTest.testGetEncoding_SMITH_to_SMTH()	org.apache.commons.codec.language.MatchRatingApproachEncoder.encode(String)
org.apache.commons.codec.language.bm.LanguageGuessingTest.testLanguageGuessing()	org.apache.commons.codec.language.bm.Lang.guessLanguages(String)
org.apache.commons.codec.binary.Base64TestData.streamToBytes(InputStream,byte[])	org.apache.commons.codec.binary.Base64TestData.fill(byte[],int,InputStream)
org.apache.commons.codec.language.SoundexTest.testHWRuleEx2()	org.apache.commons.codec.language.Soundex.encode(String)
org.apache.commons.codec.binary.HexTest.testEncodeDecodeHexCharArrayRandom()	org.apache.commons.codec.binary.StringUtils.getBytesUtf8(String)
org.apache.commons.codec.digest.DigestUtilsTest.testShaUpdateWithByteArray()	org.apache.commons.codec.digest.DigestUtils.updateDigest(MessageDigest,byte[])
org.apache.commons.codec.digest.DigestUtils.sha256(File)	org.apache.commons.codec.digest.DigestUtils.digest(MessageDigest,File)
org.apache.commons.codec.digest.DigestUtils.sha384Hex(byte[])	org.apache.commons.codec.binary.Hex.encodeHexString(byte[])
org.apache.commons.codec.binary.Base64Test.testCodeInteger1()	org.apache.commons.codec.binary.Base64.encodeInteger(BigInteger)
org.apache.commons.codec.language.bm.BeiderMorseEncoder.setConcat(boolean)	org.apache.commons.codec.language.bm.PhoneticEngine.getNameType()
org.apache.commons.codec.binary.BaseNCodecOutputStream.flush()	org.apache.commons.codec.binary.BaseNCodecOutputStream.flush(boolean)
org.apache.commons.codec.binary.Hex.decode(byte[])	org.apache.commons.codec.binary.Hex.decodeHex(char[])
org.apache.commons.codec.net.URLCodec.decode(String)	org.apache.commons.codec.net.URLCodec.getDefaultCharset()
org.apache.commons.codec.binary.StringUtilsTest.testGetBytesUncheckedNullInput()	org.apache.commons.codec.binary.StringUtils.getBytesUnchecked(String,String)
org.apache.commons.codec.language.DoubleMetaphone.handleR(String,DoubleMetaphoneResult,int,boolean)	org.apache.commons.codec.language.DoubleMetaphone.DoubleMetaphoneResult.append(char)
org.apache.commons.codec.digest.UnixCrypt.body(int[],int,int)	org.apache.commons.codec.digest.UnixCrypt.dEncrypt(int,int,int,int,int,int[])
org.apache.commons.codec.language.bm.Lang.guessLanguage(String)	org.apache.commons.codec.language.bm.Lang.guessLanguages(String)
org.apache.commons.codec.language.DoubleMetaphoneTest.doubleMetaphoneNotEqualTest(boolean)	org.apache.commons.codec.language.DoubleMetaphone.isDoubleMetaphoneEqual(String,String,boolean)
org.apache.commons.codec.net.URLCodecTest.testUnsafeEncodeDecode()	org.apache.commons.codec.net.URLCodecTest.validateState(URLCodec)
org.apache.commons.codec.binary.Base64Test.testObjectDecodeWithValidParameter()	org.apache.commons.codec.binary.Base64.encodeBase64(byte[])
org.apache.commons.codec.language.bm.PhoneticEngine.encode(String,LanguageSet)	org.apache.commons.codec.language.bm.PhoneticEngine.PhonemeBuilder.empty(LanguageSet)
org.apache.commons.codec.language.SoundexTest.testUsMappingEWithAcute()	org.apache.commons.codec.StringEncoderAbstractTest.getStringEncoder()
org.apache.commons.codec.binary.Hex.encode(Object)	org.apache.commons.codec.binary.Hex.encodeHex(byte[])
org.apache.commons.codec.binary.HexTest.testEncodeHexByteArrayHelloWorldUpperCaseHex()	org.apache.commons.codec.binary.Hex.encodeHex(byte[])
org.apache.commons.codec.language.MetaphoneTest.testExceedLength()	org.apache.commons.codec.language.Metaphone.metaphone(String)
org.apache.commons.codec.binary.StringUtilsTest.testGetBytesIso8859_1()	org.apache.commons.codec.binary.StringUtils.getBytesIso8859_1(String)
org.apache.commons.codec.digest.HmacUtilsTest.testSha512HMac()	org.apache.commons.codec.digest.HmacUtils.hmacSha512Hex(byte[],byte[])
org.apache.commons.codec.net.RFC1522Codec.encodeText(String,Charset)	org.apache.commons.codec.net.RFC1522Codec.getEncoding()
org.apache.commons.codec.digest.DigestUtils.sha256Hex(File)	org.apache.commons.codec.binary.Hex.encodeHexString(byte[])
org.apache.commons.codec.language.bm.Rule.Phoneme.join(Phoneme)	org.apache.commons.codec.language.bm.Languages.LanguageSet.restrictTo(LanguageSet)
org.apache.commons.codec.binary.Base32InputStreamTest.testSkipBig()	org.apache.commons.codec.binary.StringUtils.getBytesIso8859_1(String)
org.apache.commons.codec.digest.Md5Crypt.apr1Crypt(String)	org.apache.commons.codec.digest.Md5Crypt.apr1Crypt(byte[])
org.apache.commons.codec.language.bm.BeiderMorseEncoder.setRuleType(RuleType)	org.apache.commons.codec.language.bm.PhoneticEngine.isConcat()
org.apache.commons.codec.binary.Base64Test.testUUID()	org.apache.commons.codec.binary.Base64.encodeBase64(byte[])
org.apache.commons.codec.language.bm.Lang.guessLanguages(String)	org.apache.commons.codec.language.bm.Languages.getLanguages()
org.apache.commons.codec.language.DoubleMetaphone.handleH(String,DoubleMetaphoneResult,int)	org.apache.commons.codec.language.DoubleMetaphone.charAt(String,int)
org.apache.commons.codec.language.SoundexTest.testEncodeIgnoreTrimmable()	org.apache.commons.codec.StringEncoderAbstractTest.getStringEncoder()
org.apache.commons.codec.language.bm.Lang.guessLanguages(String)	org.apache.commons.codec.language.bm.Lang.LangRule.matches(String)
org.apache.commons.codec.binary.BinaryCodecTest.testEncodeObjectException()	org.apache.commons.codec.binary.BinaryCodec.encode(Object)
org.apache.commons.codec.net.QuotedPrintableCodecTest.testEncodeObjects()	org.apache.commons.codec.net.QuotedPrintableCodec.encode(Object)
org.apache.commons.codec.language.MatchRatingApproachEncoderTest.testcleanName_SuccessfullyClean()	org.apache.commons.codec.StringEncoderAbstractTest.getStringEncoder()
org.apache.commons.codec.digest.DigestUtilsTest.testShaUpdateWithString()	org.apache.commons.codec.binary.Hex.encodeHexString(byte[])
org.apache.commons.codec.net.URLCodecTest.testUnsafeEncodeDecode()	org.apache.commons.codec.net.URLCodec.encode(String)
org.apache.commons.codec.language.MetaphoneTest.testTranslateToJOfDGEOrDGIOrDGY()	org.apache.commons.codec.StringEncoderAbstractTest.getStringEncoder()
org.apache.commons.codec.language.bm.Lang.guessLanguage(String)	org.apache.commons.codec.language.bm.Languages.LanguageSet.isSingleton()
org.apache.commons.codec.binary.BaseNCodecTest.testIsInAlphabetByte()	org.apache.commons.codec.binary.BaseNCodec.isInAlphabet(byte)
org.apache.commons.codec.language.MatchRatingApproachEncoderTest.testgetMinRating_5_Returns4_Successfully2()	org.apache.commons.codec.StringEncoderAbstractTest.getStringEncoder()
org.apache.commons.codec.language.Caverphone1Test.testIsCaverphoneEquals()	org.apache.commons.codec.language.AbstractCaverphone.isEncodeEqual(String,String)
org.apache.commons.codec.net.URLCodecTest.testEncodeObjects()	org.apache.commons.codec.net.URLCodec.encode(Object)
org.apache.commons.codec.language.Caverphone2Test.testCaverphoneRevisitedRandomNameTTA1111111()	org.apache.commons.codec.StringEncoderAbstractTest.checkEncodingVariations(String,String[])
org.apache.commons.codec.digest.PureJavaCrc32Test.checkOnBytes(byte[],boolean)	org.apache.commons.codec.digest.PureJavaCrc32.getValue()
org.apache.commons.codec.net.BCodecTest.testBasicEncodeDecode()	org.apache.commons.codec.net.BCodec.decode(String)
org.apache.commons.codec.net.URLCodecTest.testEncodeUrlWithNullBitSet()	org.apache.commons.codec.net.URLCodec.encodeUrl(BitSet,byte[])
org.apache.commons.codec.binary.StringUtils.newString(byte[],String)	org.apache.commons.codec.binary.StringUtils.newIllegalStateException(String,UnsupportedEncodingException)
org.apache.commons.codec.digest.Digest.run()	org.apache.commons.codec.digest.Digest.run(String,MessageDigest)
org.apache.commons.codec.language.DoubleMetaphone.handleW(String,DoubleMetaphoneResult,int)	org.apache.commons.codec.language.DoubleMetaphone.charAt(String,int)
org.apache.commons.codec.language.MatchRatingApproachEncoderTest.testCompare_SAM_SAMUEL_SuccessfullyMatched()	org.apache.commons.codec.language.MatchRatingApproachEncoder.isEncodeEquals(String,String)
org.apache.commons.codec.binary.Base64.encodeInteger(BigInteger)	org.apache.commons.codec.binary.Base64.encodeBase64(byte[],boolean)
org.apache.commons.codec.digest.DigestUtilsTest.testMd5HexLengthForByteBuffer()	org.apache.commons.codec.binary.StringUtils.getByteBufferUtf8(String)
org.apache.commons.codec.language.NysiisTest.testDropBy()	org.apache.commons.codec.language.NysiisTest.assertEncodings()
org.apache.commons.codec.digest.PureJavaCrc32Test.PerformanceTest.doBench(List<Class<Checksum>>,byte[],int,PrintStream)	org.apache.commons.codec.digest.PureJavaCrc32Test.PerformanceTest.printCell(String,int,PrintStream)
org.apache.commons.codec.language.MatchRatingApproachEncoderTest.testCompare_SurnamesCornerCase_MURPHY_NoSpace_NoMatch()	org.apache.commons.codec.StringEncoderAbstractTest.getStringEncoder()
org.apache.commons.codec.language.MatchRatingApproachEncoderTest.testCompare_Forenames_SEAN_PETE_NoMatchExpected()	org.apache.commons.codec.language.MatchRatingApproachEncoder.isEncodeEquals(String,String)
org.apache.commons.codec.digest.MessageDigestAlgorithmTest.testDigestByteBuffer()	org.apache.commons.codec.digest.MessageDigestAlgorithm.getMessageDigest()
org.apache.commons.codec.net.URLCodecTest.testInvalidEncoding()	org.apache.commons.codec.net.URLCodec.encode(String)
org.apache.commons.codec.binary.Base32Test.testBase64AtBufferEnd()	org.apache.commons.codec.binary.Base32Test.testBase64InBuffer(int,int)
org.apache.commons.codec.digest.DigestUtils.sha384Hex(byte[])	org.apache.commons.codec.digest.DigestUtils.sha384(byte[])
org.apache.commons.codec.binary.BaseNCodecOutputStream.flush(boolean)	org.apache.commons.codec.binary.BaseNCodec.available(Context)
org.apache.commons.codec.digest.HmacUtils.getHmacSha256(byte[])	org.apache.commons.codec.digest.HmacUtils.getInitializedMac(HmacAlgorithms,byte[])
org.apache.commons.codec.digest.DigestUtilsTest.testShaUpdateWithString()	org.apache.commons.codec.binary.StringUtils.getBytesUtf8(String)
org.apache.commons.codec.digest.DigestUtils.md2(File)	org.apache.commons.codec.digest.DigestUtils.digest(MessageDigest,File)
org.apache.commons.codec.language.DoubleMetaphone.handleX(String,DoubleMetaphoneResult,int)	org.apache.commons.codec.language.DoubleMetaphone.DoubleMetaphoneResult.append(char)
org.apache.commons.codec.language.MatchRatingApproachEncoderTest.testCompare_Surname_COOPERFLYNN_SUPERLYN_SuccessfullyMatched()	org.apache.commons.codec.language.MatchRatingApproachEncoder.isEncodeEquals(String,String)
org.apache.commons.codec.language.NysiisTest.testRule1()	org.apache.commons.codec.language.NysiisTest.assertEncodings()
org.apache.commons.codec.digest.HmacUtils.hmacSha384Hex(String,String)	org.apache.commons.codec.digest.HmacUtils.hmacSha384(String,String)
org.apache.commons.codec.digest.DigestUtils.sha384Hex(ByteBuffer)	org.apache.commons.codec.digest.DigestUtils.sha384(ByteBuffer)
org.apache.commons.codec.binary.Base32Test.testBase64AtBufferStart()	org.apache.commons.codec.binary.Base32Test.testBase64InBuffer(int,int)
org.apache.commons.codec.net.QuotedPrintableCodecTest.testUTF8RoundTrip()	org.apache.commons.codec.net.QuotedPrintableCodec.decode(String,String)
org.apache.commons.codec.binary.Hex.encodeHex(ByteBuffer,char[])	org.apache.commons.codec.binary.Hex.encodeHex(byte[],char[])
org.apache.commons.codec.digest.DigestUtils.sha1(File)	org.apache.commons.codec.digest.DigestUtils.getSha1Digest()
org.apache.commons.codec.digest.DigestUtils.sha224(InputStream)	org.apache.commons.codec.digest.DigestUtils.getSha224Digest()
org.apache.commons.codec.binary.HexTest.testDecodeHexCharArrayOddCharacters1()	org.apache.commons.codec.binary.HexTest.checkDecodeHexCharArrayOddCharacters(char[])
org.apache.commons.codec.digest.Md5Crypt.md5Crypt(byte[],String)	org.apache.commons.codec.digest.Md5Crypt.md5Crypt(byte[],String,String)
org.apache.commons.codec.binary.Base64Test.testByteToStringVariations()	org.apache.commons.codec.binary.Base64.encodeBase64URLSafeString(byte[])
org.apache.commons.codec.language.DoubleMetaphone.handleW(String,DoubleMetaphoneResult,int)	org.apache.commons.codec.language.DoubleMetaphone.isVowel(char)
org.apache.commons.codec.binary.Base64Test.testDecodePadOnlyChunked()	org.apache.commons.codec.binary.Base64.decodeBase64(byte[])
org.apache.commons.codec.net.URLCodecTest.testInvalidEncoding()	org.apache.commons.codec.net.URLCodec.decode(String)
org.apache.commons.codec.binary.Base32Test.testRandomBytesChunked()	org.apache.commons.codec.binary.BaseNCodec.getEncodedLength(byte[])
org.apache.commons.codec.language.DoubleMetaphone.handleW(String,DoubleMetaphoneResult,int)	org.apache.commons.codec.language.DoubleMetaphone.contains(String,int,int,)
org.apache.commons.codec.binary.Base64Test.testEncodeDecodeRandom()	org.apache.commons.codec.binary.Base64.encodeBase64(byte[])
org.apache.commons.codec.binary.StringUtils.getBytesUtf16Le(String)	org.apache.commons.codec.binary.StringUtils.getBytes(String,Charset)
org.apache.commons.codec.binary.Base64Test.testCodeInteger3()	org.apache.commons.codec.binary.Base64.decodeInteger(byte[])
org.apache.commons.codec.digest.HmacUtilsTest.testInternalNoSuchAlgorithmException()	org.apache.commons.codec.binary.StringUtils.getBytesUtf8(String)
org.apache.commons.codec.language.MatchRatingApproachEncoderTest.testCompare_TOMASZ_TOM_SuccessfullyMatched()	org.apache.commons.codec.StringEncoderAbstractTest.getStringEncoder()
org.apache.commons.codec.digest.Crypt.crypt(byte[],String)	org.apache.commons.codec.digest.Sha2Crypt.sha512Crypt(byte[],String)
org.apache.commons.codec.language.Soundex.encode(Object)	org.apache.commons.codec.language.Soundex.soundex(String)
org.apache.commons.codec.binary.Base64Test.testDecodePadOnly()	org.apache.commons.codec.binary.Base64.decodeBase64(byte[])
org.apache.commons.codec.digest.MessageDigestAlgorithmTest.testGetMessageDigest()	org.apache.commons.codec.digest.MessageDigestAlgorithm.isAvailable()
org.apache.commons.codec.language.bm.RuleTest.testSubSequenceWorks()	org.apache.commons.codec.language.bm.Rule.Phoneme.getPhonemeText()
org.apache.commons.codec.binary.Hex.decode(Object)	org.apache.commons.codec.binary.Hex.decodeHex(char[])
org.apache.commons.codec.binary.BaseNCodec.decode(String)	org.apache.commons.codec.binary.StringUtils.getBytesUtf8(String)
org.apache.commons.codec.language.Metaphone.metaphone(String)	org.apache.commons.codec.language.Metaphone.getMaxCodeLen()
org.apache.commons.codec.language.SoundexTest.testEncodeBatch4()	org.apache.commons.codec.language.Soundex.encode(String)
org.apache.commons.codec.net.QuotedPrintableCodecTest.testDecodeInvalid()	org.apache.commons.codec.net.QuotedPrintableCodec.decode(String)
org.apache.commons.codec.digest.DigestUtils.sha224(InputStream)	org.apache.commons.codec.digest.DigestUtils.digest(MessageDigest,InputStream)
org.apache.commons.codec.net.BCodecTest.testBasicEncodeDecode()	org.apache.commons.codec.net.BCodec.encode(String)
org.apache.commons.codec.language.Caverphone2Test.testCaverphoneRevisitedRandomNameTN11111111()	org.apache.commons.codec.StringEncoderAbstractTest.checkEncodingVariations(String,String[])
org.apache.commons.codec.language.Caverphone.isCaverphoneEqual(String,String)	org.apache.commons.codec.language.Caverphone.caverphone(String)
org.apache.commons.codec.binary.Base32InputStreamTest.testSkipNone()	org.apache.commons.codec.binary.BaseNCodecInputStream.read()
org.apache.commons.codec.binary.Base64Test.testEncodeDecodeSmall()	org.apache.commons.codec.binary.Base64Test.getRandom()
org.apache.commons.codec.language.DoubleMetaphoneTest.assertDoubleMetaphone(String,String)	org.apache.commons.codec.language.DoubleMetaphone.doubleMetaphone(String)
org.apache.commons.codec.language.DaitchMokotoffSoundexTest.testEncodeIgnoreTrimmable()	org.apache.commons.codec.language.DaitchMokotoffSoundexTest.encode(String)
org.apache.commons.codec.binary.Base64InputStreamTest.testSkipToEnd()	org.apache.commons.codec.binary.StringUtils.getBytesIso8859_1(String)
org.apache.commons.codec.digest.HmacUtilsTest.testSha1HMac()	org.apache.commons.codec.digest.HmacUtils.hmacSha1Hex(byte[],InputStream)
org.apache.commons.codec.language.AbstractCaverphone.encode(Object)	org.apache.commons.codec.StringEncoder.encode(String)
org.apache.commons.codec.binary.Base64Test.testEncodeDecode(String)	org.apache.commons.codec.binary.StringUtils.getBytesUtf8(String)
org.apache.commons.codec.language.bm.Languages.SomeLanguages.restrictTo(LanguageSet)	org.apache.commons.codec.language.bm.Languages.LanguageSet.from(Set<String>)
org.apache.commons.codec.language.MatchRatingApproachEncoderTest.testCompare_Surname_LEWINSKY_LEVINSKI_SuccessfullyMatched()	org.apache.commons.codec.language.MatchRatingApproachEncoder.isEncodeEquals(String,String)
org.apache.commons.codec.net.URLCodecTest.testEncodeNull()	org.apache.commons.codec.net.URLCodecTest.validateState(URLCodec)
org.apache.commons.codec.language.DoubleMetaphone.handleCH(String,DoubleMetaphoneResult,int)	org.apache.commons.codec.language.DoubleMetaphone.conditionCH0(String,int)
org.apache.commons.codec.binary.Base32InputStreamTest.testSkipBig()	org.apache.commons.codec.binary.BaseNCodecInputStream.skip(long)
org.apache.commons.codec.digest.DigestUtilsTest.testSha256()	org.apache.commons.codec.binary.StringUtils.getBytesUtf8(String)
org.apache.commons.codec.net.URLCodecTest.testDecodeObjects()	org.apache.commons.codec.net.URLCodec.decode(Object)
org.apache.commons.codec.binary.Base64InputStreamTest.testCodec98NPE()	org.apache.commons.codec.binary.StringUtils.getBytesUtf8(String)
org.apache.commons.codec.language.bm.PhoneticEngine.PhonemeBuilder.apply(PhonemeExpr,int)	org.apache.commons.codec.language.bm.Rule.Phoneme.getLanguages()
org.apache.commons.codec.language.bm.PhoneticEngineRegressionTest.encode(Map<String, String>,boolean,String)	org.apache.commons.codec.language.bm.Languages.LanguageSet.from(Set<String>)
org.apache.commons.codec.digest.Apr1CryptTest.testApr1CryptExplicitCall()	org.apache.commons.codec.digest.Md5Crypt.apr1Crypt(byte[],String)
org.apache.commons.codec.binary.Base32OutputStreamTest.testBase32OutputStreamByChunk()	org.apache.commons.codec.binary.Base32TestData.randomData(BaseNCodec,int)
org.apache.commons.codec.digest.DigestUtils.sha256Hex(String)	org.apache.commons.codec.digest.DigestUtils.sha256(String)
org.apache.commons.codec.binary.Base64InputStreamTest.testReadNull()	org.apache.commons.codec.binary.BaseNCodecInputStream.read(byte[],int,int)
org.apache.commons.codec.digest.DigestUtils.sha256(ByteBuffer)	org.apache.commons.codec.digest.DigestUtils.getSha256Digest()
org.apache.commons.codec.binary.Base64Test.testCodec112()	org.apache.commons.codec.binary.Base64.encodeBase64(byte[])
org.apache.commons.codec.net.QuotedPrintableCodec.encodeQuotedPrintable(BitSet,byte[])	org.apache.commons.codec.net.QuotedPrintableCodec.encodeQuotedPrintable(BitSet,byte[],boolean)
org.apache.commons.codec.language.bm.BeiderMorseEncoderTest.testSpeedCheck3()	org.apache.commons.codec.language.bm.BeiderMorseEncoderTest.createGenericApproxEncoder()
org.apache.commons.codec.binary.HexTest.testEncodeHexByteArrayHelloWorldLowerCaseHex()	org.apache.commons.codec.binary.StringUtils.getBytesUtf8(String)
org.apache.commons.codec.digest.DigestUtilsTest.testSha1UpdateWithByteBuffer()	org.apache.commons.codec.digest.DigestUtils.updateDigest(MessageDigest,ByteBuffer)
org.apache.commons.codec.digest.Sha512CryptTest.testSha512CryptWithEmptySalt()	org.apache.commons.codec.digest.Sha2Crypt.sha512Crypt(byte[],String)
org.apache.commons.codec.language.bm.PhoneticEngine.encode(String,LanguageSet)	org.apache.commons.codec.language.bm.PhoneticEngine.applyFinalRules(PhonemeBuilder,Map<String, List<Rule>>)
org.apache.commons.codec.binary.Base64Test.testEncodeDecode(String)	org.apache.commons.codec.binary.StringUtils.newStringUsAscii(byte[])
org.apache.commons.codec.language.bm.BeiderMorseEncoder.setRuleType(RuleType)	org.apache.commons.codec.language.bm.PhoneticEngine.getNameType()
org.apache.commons.codec.digest.MessageDigestAlgorithmTest.testDigestByteBuffer()	org.apache.commons.codec.digest.MessageDigestAlgorithm.digest(ByteBuffer)
org.apache.commons.codec.net.RFC1522CodecTest.testNullInput()	org.apache.commons.codec.net.RFC1522Codec.encodeText(String,String)
org.apache.commons.codec.language.MatchRatingApproachEncoderTest.testisEncodeEquals_CornerCase_FirstNameNull_ReturnsFalse()	org.apache.commons.codec.StringEncoderAbstractTest.getStringEncoder()
org.apache.commons.codec.digest.DigestUtilsTest.testMd5Hex()	org.apache.commons.codec.digest.DigestUtils.md5Hex(String)
org.apache.commons.codec.language.MatchRatingApproachEncoderTest.testisEncodeEquals_CornerCase_SecondNameNull_ReturnsFalse()	org.apache.commons.codec.StringEncoderAbstractTest.getStringEncoder()
org.apache.commons.codec.language.MatchRatingApproachEncoderTest.testgetMinRating_11_Returns_3_Successfully()	org.apache.commons.codec.StringEncoderAbstractTest.getStringEncoder()
org.apache.commons.codec.binary.Base32InputStreamTest.testSkipPastEnd()	org.apache.commons.codec.binary.BaseNCodecInputStream.read()
org.apache.commons.codec.digest.HmacUtils.hmacMd5(byte[],byte[])	org.apache.commons.codec.digest.HmacUtils.getHmacMd5(byte[])
org.apache.commons.codec.language.ColognePhonetic.colognePhonetic(String)	org.apache.commons.codec.language.ColognePhonetic.preprocess(String)
org.apache.commons.codec.language.MatchRatingApproachEncoderTest.testgetMinRating_5_Returns4_Successfully2()	org.apache.commons.codec.language.MatchRatingApproachEncoder.getMinRating(int)
org.apache.commons.codec.digest.DigestUtils.md2(String)	org.apache.commons.codec.digest.DigestUtils.md2(byte[])
org.apache.commons.codec.binary.Base64Codec13Test.testEncoder()	org.apache.commons.codec.Encoder.encode(Object)
org.apache.commons.codec.digest.UnixCryptTest.testUnixCryptExplicitCall()	org.apache.commons.codec.digest.UnixCrypt.crypt(byte[])
org.apache.commons.codec.binary.Base64.isBase64(byte[])	org.apache.commons.codec.binary.BaseNCodec.isWhiteSpace(byte)
org.apache.commons.codec.language.Metaphone.metaphone(String)	org.apache.commons.codec.language.Metaphone.isNextChar(StringBuilder,int,char)
org.apache.commons.codec.binary.Base64OutputStreamTest.testBase64EmptyOutputStreamMimeChunkSize()	org.apache.commons.codec.binary.Base64OutputStreamTest.testBase64EmptyOutputStream(int)
org.apache.commons.codec.binary.Base64Test.testDecodeEncode(String)	org.apache.commons.codec.binary.Base64.decodeBase64(String)
org.apache.commons.codec.digest.PureJavaCrc32Test.testCorrectness()	org.apache.commons.codec.digest.PureJavaCrc32.update(int)
org.apache.commons.codec.digest.UnixCrypt.desSetKey(byte[])	org.apache.commons.codec.digest.UnixCrypt.hPermOp(int,int,int)
org.apache.commons.codec.binary.HexTest.testCustomCharsetToString()	org.apache.commons.codec.binary.Hex.toString()
org.apache.commons.codec.language.MatchRatingApproachEncoderTest.testCompare_BURNS_BOURNE_SuccessfullyMatched()	org.apache.commons.codec.StringEncoderAbstractTest.getStringEncoder()
org.apache.commons.codec.binary.Base32InputStreamTest.testAvailable()	org.apache.commons.codec.binary.BaseNCodecInputStream.read()
org.apache.commons.codec.StringEncoderAbstractTest.checkEncodingVariations(String,String[])	org.apache.commons.codec.StringEncoderAbstractTest.checkEncoding(String,String)
org.apache.commons.codec.binary.BaseNCodec.decode(Object)	org.apache.commons.codec.binary.BaseNCodec.decode(String)
org.apache.commons.codec.binary.StringUtilsTest.testNewStringUtf8()	org.apache.commons.codec.binary.StringUtils.newStringUtf8(byte[])
org.apache.commons.codec.digest.HmacUtilsTest.testHmacSha1Hex()	org.apache.commons.codec.digest.HmacUtils.hmacSha1Hex(String,String)
org.apache.commons.codec.binary.BaseNCodecInputStream.read()	org.apache.commons.codec.binary.BaseNCodecInputStream.read(byte[],int,int)
org.apache.commons.codec.digest.Sha256CryptTest.testSha2CryptRounds()	org.apache.commons.codec.digest.Sha2Crypt.sha256Crypt(byte[],String)
org.apache.commons.codec.language.MatchRatingApproachEncoderTest.testRemoveSingleDoubleConsonants_BUBLE_RemovedSuccessfully()	org.apache.commons.codec.StringEncoderAbstractTest.getStringEncoder()
org.apache.commons.codec.digest.DigestUtilsTest.testSha256()	org.apache.commons.codec.digest.DigestUtils.sha256Hex(ByteBuffer)
org.apache.commons.codec.digest.Digest.run()	org.apache.commons.codec.digest.MessageDigestAlgorithm.getMessageDigest()
org.apache.commons.codec.language.DoubleMetaphone.handleSC(String,DoubleMetaphoneResult,int)	org.apache.commons.codec.language.DoubleMetaphone.DoubleMetaphoneResult.append(String,String)
org.apache.commons.codec.language.DoubleMetaphone.doubleMetaphone(String,boolean)	org.apache.commons.codec.language.DoubleMetaphone.handleZ(String,DoubleMetaphoneResult,int,boolean)
org.apache.commons.codec.digest.HmacUtils.hmacSha384(byte[],byte[])	org.apache.commons.codec.digest.HmacUtils.getHmacSha384(byte[])
org.apache.commons.codec.language.MatchRatingApproachEncoderTest.testCompare_SmallInput_CARK_Kl_SuccessfullyMatched()	org.apache.commons.codec.StringEncoderAbstractTest.getStringEncoder()
org.apache.commons.codec.digest.DigestUtils.md2Hex(byte[])	org.apache.commons.codec.digest.DigestUtils.md2(byte[])
org.apache.commons.codec.language.MetaphoneTest.testSetMaxLengthWithTruncation()	org.apache.commons.codec.language.Metaphone.setMaxCodeLen(int)
org.apache.commons.codec.digest.DigestUtils.md5Hex(File)	org.apache.commons.codec.digest.DigestUtils.md5(File)
org.apache.commons.codec.language.Nysiis.encode(String)	org.apache.commons.codec.language.Nysiis.nysiis(String)
org.apache.commons.codec.net.QuotedPrintableCodec.decode(String)	org.apache.commons.codec.net.QuotedPrintableCodec.getCharset()
org.apache.commons.codec.digest.Sha256CryptTest.testSha256CryptStrings()	org.apache.commons.codec.digest.Crypt.crypt(String,String)
org.apache.commons.codec.language.MatchRatingApproachEncoderTest.testgetMinRating_11_Returns_3_Successfully()	org.apache.commons.codec.language.MatchRatingApproachEncoder.getMinRating(int)
org.apache.commons.codec.language.bm.CacheSubSequencePerformanceTest.test()	org.apache.commons.codec.language.bm.CacheSubSequencePerformanceTest.cacheSubSequence(CharSequence)
org.apache.commons.codec.language.Caverphone2Test.testCaverphoneRevisitedCommonCodeAT11111111()	org.apache.commons.codec.StringEncoderAbstractTest.checkEncodingVariations(String,String[])
org.apache.commons.codec.binary.Base64Test.testBase64()	org.apache.commons.codec.binary.StringUtils.newStringUtf8(byte[])
org.apache.commons.codec.StringEncoderComparator.compare(Object,Object)	org.apache.commons.codec.Encoder.encode(Object)
org.apache.commons.codec.language.MatchRatingApproachEncoderTest.testCompare_SurnamesCornerCase_MURPHY_Space_NoMatch()	org.apache.commons.codec.StringEncoderAbstractTest.getStringEncoder()
org.apache.commons.codec.language.MatchRatingApproachEncoderTest.testIsVowel_SmallD_ReturnsFalse()	org.apache.commons.codec.StringEncoderAbstractTest.getStringEncoder()
org.apache.commons.codec.binary.Base64Test.testRfc4648Section10Encode()	org.apache.commons.codec.binary.StringUtils.getBytesUtf8(String)
org.apache.commons.codec.digest.DigestUtils.sha384Hex(File)	org.apache.commons.codec.digest.DigestUtils.sha384(File)
org.apache.commons.codec.language.MetaphoneTest.testSetMaxLengthWithTruncation()	org.apache.commons.codec.language.Metaphone.metaphone(String)
org.apache.commons.codec.net.URLCodecTest.testBasicEncodeDecode()	org.apache.commons.codec.net.URLCodec.encode(String)
org.apache.commons.codec.language.SoundexTest.testEncodeBatch3()	org.apache.commons.codec.StringEncoderAbstractTest.getStringEncoder()
org.apache.commons.codec.binary.Base64Test.testUrlSafe()	org.apache.commons.codec.binary.Base64TestData.bytesContain(byte[],byte)
org.apache.commons.codec.binary.Base64Test.testRfc4648Section10Encode()	org.apache.commons.codec.binary.Base64.encodeBase64String(byte[])
org.apache.commons.codec.digest.HmacUtils.hmacMd5(String,String)	org.apache.commons.codec.digest.HmacUtils.hmacMd5(byte[],byte[])
org.apache.commons.codec.binary.BinaryCodecTest.testEncodeObject()	org.apache.commons.codec.binary.BinaryCodec.encode(Object)
org.apache.commons.codec.digest.Digest.run(String,MessageDigest)	org.apache.commons.codec.digest.Digest.run(String,MessageDigest,File[])
org.apache.commons.codec.language.DoubleMetaphoneTest.doubleMetaphoneEqualTest(String[][],boolean)	org.apache.commons.codec.language.DoubleMetaphoneTest.validateFixture(String[][])
org.apache.commons.codec.binary.Base64Test.testKnownDecodings()	org.apache.commons.codec.binary.Base64.decodeBase64(byte[])
org.apache.commons.codec.binary.Base64Test.testConstructor_Int_ByteArray_Boolean()	org.apache.commons.codec.binary.BaseNCodec.encode(byte[])
org.apache.commons.codec.language.RefinedSoundex.soundex(String)	org.apache.commons.codec.language.SoundexUtils.clean(String)
org.apache.commons.codec.language.bm.LanguageGuessingTest.testLanguageGuessing()	org.apache.commons.codec.language.bm.Languages.LanguageSet.contains(String)
org.apache.commons.codec.language.SoundexTest.testUsMappingEWithAcute()	org.apache.commons.codec.language.Soundex.encode(String)
org.apache.commons.codec.language.MatchRatingApproachEncoderTest.testCompare_Surname_ROSOCHOWACIEC_ROSOKHOVATSETS_SuccessfullyMatched()	org.apache.commons.codec.StringEncoderAbstractTest.getStringEncoder()
org.apache.commons.codec.language.bm.Rule.parseRules(Scanner,String)	org.apache.commons.codec.language.bm.Rule.stripQuotes(String)
org.apache.commons.codec.digest.Md5CryptTest.testMd5CryptStrings()	org.apache.commons.codec.digest.Crypt.crypt(String,String)
org.apache.commons.codec.net.QCodec.encode(String,String)	org.apache.commons.codec.net.RFC1522Codec.encodeText(String,String)
org.apache.commons.codec.net.URLCodecTest.testSafeCharEncodeDecode()	org.apache.commons.codec.net.URLCodec.decode(String)
org.apache.commons.codec.digest.DigestUtils.md2Hex(ByteBuffer)	org.apache.commons.codec.binary.Hex.encodeHexString(byte[])
org.apache.commons.codec.digest.DigestUtils.md5Hex(byte[])	org.apache.commons.codec.binary.Hex.encodeHexString(byte[])
org.apache.commons.codec.digest.DigestUtils.sha512(ByteBuffer)	org.apache.commons.codec.digest.DigestUtils.getSha512Digest()
org.apache.commons.codec.binary.HexTest.testEncodeDecodeHexCharArrayRandom()	org.apache.commons.codec.binary.Hex.encode(byte[])
org.apache.commons.codec.language.MatchRatingApproachEncoderTest.testCompare_ShortNames_AL_ED_WorksButNoMatch()	org.apache.commons.codec.language.MatchRatingApproachEncoder.isEncodeEquals(String,String)
org.apache.commons.codec.language.MetaphoneTest.testTranslateOfSCHAndCH()	org.apache.commons.codec.StringEncoderAbstractTest.getStringEncoder()
org.apache.commons.codec.binary.HexTest.testEncodeHexByteBufferHelloWorldUpperCaseHex()	org.apache.commons.codec.binary.StringUtils.getByteBufferUtf8(String)
org.apache.commons.codec.language.MetaphoneTest.testExceedLength()	org.apache.commons.codec.StringEncoderAbstractTest.getStringEncoder()
org.apache.commons.codec.language.MetaphoneTest.testIsMetaphoneEqualMary()	org.apache.commons.codec.language.MetaphoneTest.assertIsMetaphoneEqual(String,String[])
org.apache.commons.codec.digest.HmacUtilsTest.testInitializedMac()	org.apache.commons.codec.digest.HmacUtils.getInitializedMac(String,byte[])
org.apache.commons.codec.binary.Base64Test.testBase64AtBufferEnd()	org.apache.commons.codec.binary.Base64Test.testBase64InBuffer(int,int)
org.apache.commons.codec.digest.Sha512CryptTest.testSha512CryptNullData()	org.apache.commons.codec.digest.Sha2Crypt.sha512Crypt(byte[])
org.apache.commons.codec.binary.HexTest.testEncodeDecodeHexCharArrayRandom()	org.apache.commons.codec.binary.Hex.encode(Object)
org.apache.commons.codec.digest.UnixCryptTest.testUnixCryptWithoutSalt()	org.apache.commons.codec.digest.UnixCrypt.crypt(String)
org.apache.commons.codec.language.DoubleMetaphone.handleG(String,DoubleMetaphoneResult,int,boolean)	org.apache.commons.codec.language.DoubleMetaphone.handleGH(String,DoubleMetaphoneResult,int)
org.apache.commons.codec.binary.Base64.encodeBase64(byte[],boolean,boolean,int)	org.apache.commons.codec.binary.BaseNCodec.getEncodedLength(byte[])
org.apache.commons.codec.language.DoubleMetaphone.handleC(String,DoubleMetaphoneResult,int)	org.apache.commons.codec.language.DoubleMetaphone.handleCH(String,DoubleMetaphoneResult,int)
org.apache.commons.codec.language.MatchRatingApproachEncoderTest.testAccentRemoval_UpperandLower_SuccessfullyRemovedAndCaseInvariant()	org.apache.commons.codec.StringEncoderAbstractTest.getStringEncoder()
org.apache.commons.codec.binary.BaseNCodec.encodeAsString(byte[])	org.apache.commons.codec.binary.BaseNCodec.encode(byte[])
org.apache.commons.codec.language.DoubleMetaphone.handleJ(String,DoubleMetaphoneResult,int,boolean)	org.apache.commons.codec.language.DoubleMetaphone.isVowel(char)
org.apache.commons.codec.binary.Base64Test.testHugeLineSeparator()	org.apache.commons.codec.binary.StringUtils.getBytesUtf8(String)
org.apache.commons.codec.digest.DigestUtils.md5(ByteBuffer)	org.apache.commons.codec.digest.DigestUtils.digest(MessageDigest,ByteBuffer)
org.apache.commons.codec.binary.Base64OutputStreamTest.testBase64OutputStreamByChunk()	org.apache.commons.codec.binary.Base64OutputStreamTest.testByChunk(byte[],byte[],int,byte[])
org.apache.commons.codec.digest.MessageDigestAlgorithm.digest(InputStream)	org.apache.commons.codec.digest.DigestUtils.digest(MessageDigest,InputStream)
org.apache.commons.codec.digest.MessageDigestAlgorithm.digest(File)	org.apache.commons.codec.digest.MessageDigestAlgorithm.getMessageDigest()
org.apache.commons.codec.language.MatchRatingApproachEncoderTest.testCompare_Surname_AUERBACH_UHRBACH_SuccessfullyMatched()	org.apache.commons.codec.StringEncoderAbstractTest.getStringEncoder()
org.apache.commons.codec.language.DoubleMetaphone.doubleMetaphone(String,boolean)	org.apache.commons.codec.language.DoubleMetaphone.conditionM0(String,int)
org.apache.commons.codec.language.MatchRatingApproachEncoderTest.testgetMinRating_8_Returns3_Successfully()	org.apache.commons.codec.StringEncoderAbstractTest.getStringEncoder()
org.apache.commons.codec.digest.HmacUtilsTest.testInitializedMac()	org.apache.commons.codec.digest.HmacUtils.updateHmac(Mac,String)
org.apache.commons.codec.digest.DigestUtils.sha256Hex(String)	org.apache.commons.codec.binary.Hex.encodeHexString(byte[])
org.apache.commons.codec.digest.Digest.main(String[])	org.apache.commons.codec.digest.Digest.run()
org.apache.commons.codec.language.bm.BeiderMorseEncoder.setNameType(NameType)	org.apache.commons.codec.language.bm.PhoneticEngine.getMaxPhonemes()
org.apache.commons.codec.net.BCodecTest.testNullInput()	org.apache.commons.codec.net.BCodec.doDecoding(byte[])
org.apache.commons.codec.binary.StringUtilsTest.testNewStringUtf16Le()	org.apache.commons.codec.binary.StringUtilsTest.testNewString(String)
org.apache.commons.codec.language.bm.PhoneticEngine.applyFinalRules(PhonemeBuilder,Map<String, List<Rule>>)	org.apache.commons.codec.language.bm.PhoneticEngine.RulesApplication.getPhonemeBuilder()
org.apache.commons.codec.binary.Base64InputStreamTest.testBase64EmptyInputStreamPemChuckSize()	org.apache.commons.codec.binary.Base64InputStreamTest.testBase64EmptyInputStream(int)
org.apache.commons.codec.language.Metaphone.encode(String)	org.apache.commons.codec.language.Metaphone.metaphone(String)
org.apache.commons.codec.binary.Base32OutputStreamTest.testBase32EmptyOutputStream(int)	org.apache.commons.codec.binary.Base32OutputStreamTest.testByChunk(byte[],byte[],int,byte[])
org.apache.commons.codec.binary.Base64InputStreamTest.testBase64InputStreamByteByByte()	org.apache.commons.codec.binary.Base64TestData.randomData(int,boolean)
org.apache.commons.codec.binary.Base64Test.testRfc4648Section10Decode()	org.apache.commons.codec.binary.Base64.decodeBase64(String)
org.apache.commons.codec.digest.PureJavaCrc32Test.testCorrectness()	org.apache.commons.codec.digest.PureJavaCrc32Test.checkOnBytes(byte[],boolean)
org.apache.commons.codec.binary.Base32InputStreamTest.testSkipToEnd()	org.apache.commons.codec.binary.StringUtils.getBytesIso8859_1(String)
org.apache.commons.codec.digest.DigestUtils.sha384Hex(ByteBuffer)	org.apache.commons.codec.binary.Hex.encodeHexString(byte[])
org.apache.commons.codec.digest.UnixCrypt.body(int[],int,int)	org.apache.commons.codec.digest.UnixCrypt.permOp(int,int,int,int,int[])
org.apache.commons.codec.language.bm.PhoneticEngine.RulesApplication.invoke()	org.apache.commons.codec.language.bm.Rule.getPhoneme()
org.apache.commons.codec.language.DoubleMetaphone.handleT(String,DoubleMetaphoneResult,int)	org.apache.commons.codec.language.DoubleMetaphone.DoubleMetaphoneResult.append(char)
org.apache.commons.codec.language.SoundexTest.testHWRuleEx1()	org.apache.commons.codec.StringEncoderAbstractTest.getStringEncoder()
org.apache.commons.codec.language.bm.Languages.langResourceName(NameType)	org.apache.commons.codec.language.bm.NameType.getName()
org.apache.commons.codec.language.DaitchMokotoffSoundexTest.encode(String)	org.apache.commons.codec.StringEncoderAbstractTest.getStringEncoder()
org.apache.commons.codec.digest.Md5CryptTest.testMd5CryptBytes()	org.apache.commons.codec.digest.Crypt.crypt(String,String)
org.apache.commons.codec.binary.StringUtilsTest.testNewStringUtf8()	org.apache.commons.codec.binary.StringUtilsTest.testNewString(String)
org.apache.commons.codec.language.MatchRatingApproachEncoderTest.testCompare_SOPHIE_SOFIA_SuccessfullyMatched()	org.apache.commons.codec.StringEncoderAbstractTest.getStringEncoder()
org.apache.commons.codec.digest.DigestUtilsTest.testMd2HexFile()	org.apache.commons.codec.digest.DigestUtils.md2Hex(byte[])
org.apache.commons.codec.binary.Base32InputStreamTest.testBase32EmptyInputStream(int)	org.apache.commons.codec.binary.Base32InputStreamTest.testByteByByte(byte[],byte[],int,byte[])
org.apache.commons.codec.language.DoubleMetaphone.handleSC(String,DoubleMetaphoneResult,int)	org.apache.commons.codec.language.DoubleMetaphone.DoubleMetaphoneResult.append(char)
org.apache.commons.codec.net.QuotedPrintableCodec.decode(String,Charset)	org.apache.commons.codec.binary.StringUtils.getBytesUsAscii(String)
org.apache.commons.codec.digest.HmacUtils.hmacSha384(String,String)	org.apache.commons.codec.digest.HmacUtils.hmacSha384(byte[],byte[])
org.apache.commons.codec.net.URLCodecTest.testBasicEncodeDecode()	org.apache.commons.codec.net.URLCodec.decode(String)
org.apache.commons.codec.language.MatchRatingApproachEncoderTest.testCompare_Surname_SZLAMAWICZ_SHLAMOVITZ_SuccessfullyMatched()	org.apache.commons.codec.language.MatchRatingApproachEncoder.isEncodeEquals(String,String)
org.apache.commons.codec.binary.Base64OutputStreamTest.testBase64EmptyOutputStream(int)	org.apache.commons.codec.binary.Base64OutputStreamTest.testByteByByte(byte[],byte[],int,byte[])
org.apache.commons.codec.binary.StringUtilsTest.testGetBytesUsAscii()	org.apache.commons.codec.binary.StringUtils.getBytesUsAscii(String)
org.apache.commons.codec.binary.StringUtilsTest.testNewStringIso8859_1()	org.apache.commons.codec.binary.StringUtilsTest.testNewString(String)
org.apache.commons.codec.binary.Base64InputStreamTest.testBase64InputStreamByteByByte()	org.apache.commons.codec.binary.Base64InputStreamTest.testByteByByte(byte[],byte[],int,byte[])
org.apache.commons.codec.language.MatchRatingApproachEncoderTest.testCompareNameSameNames_ReturnsFalseSuccessfully()	org.apache.commons.codec.StringEncoderAbstractTest.getStringEncoder()
org.apache.commons.codec.net.QuotedPrintableCodec.decode(String)	org.apache.commons.codec.net.QuotedPrintableCodec.decode(String,Charset)
org.apache.commons.codec.digest.DigestUtils.md5Hex(String)	org.apache.commons.codec.digest.DigestUtils.md5(String)
org.apache.commons.codec.binary.HexTest.testEncodeDecodeHexCharArrayRandom()	org.apache.commons.codec.binary.Hex.decode(Object)
org.apache.commons.codec.CharsetsTest.testToCharset()	org.apache.commons.codec.Charsets.toCharset(Charset)
org.apache.commons.codec.digest.DigestUtilsTest.testMd2Length()	org.apache.commons.codec.binary.StringUtils.getBytesUtf8(String)
org.apache.commons.codec.digest.DigestUtils.sha224(File)	org.apache.commons.codec.digest.DigestUtils.getSha224Digest()
org.apache.commons.codec.net.BCodecTest.testNullInput()	org.apache.commons.codec.net.BCodec.doEncoding(byte[])
org.apache.commons.codec.binary.Base64.isBase64(byte[])	org.apache.commons.codec.binary.Base64.isBase64(byte)
org.apache.commons.codec.binary.BinaryCodec.decode(Object)	org.apache.commons.codec.binary.BinaryCodec.fromAscii(char[])
org.apache.commons.codec.language.SoundexTest.testBadCharacters()	org.apache.commons.codec.StringEncoderAbstractTest.getStringEncoder()
org.apache.commons.codec.binary.Hex.decode(byte[])	org.apache.commons.codec.binary.Hex.getCharset()
org.apache.commons.codec.binary.HexTest.testDecodeByteArrayObjectEmpty()	org.apache.commons.codec.binary.Hex.decode(Object)
org.apache.commons.codec.digest.HmacUtils.getInitializedMac(HmacAlgorithms,byte[])	org.apache.commons.codec.digest.HmacAlgorithms.toString()
org.apache.commons.codec.digest.DigestUtilsTest.testSha1HexFile()	org.apache.commons.codec.digest.DigestUtils.sha1Hex(File)
org.apache.commons.codec.language.DoubleMetaphoneTest.testIsDoubleMetaphoneEqualBasic()	org.apache.commons.codec.language.DoubleMetaphoneTest.doubleMetaphoneEqualTest(String[][],boolean)
org.apache.commons.codec.binary.StringUtils.getBytesUnchecked(String,String)	org.apache.commons.codec.binary.StringUtils.newIllegalStateException(String,UnsupportedEncodingException)
org.apache.commons.codec.binary.Base32InputStreamTest.testAvailable()	org.apache.commons.codec.binary.BaseNCodecInputStream.available()
org.apache.commons.codec.digest.DigestUtilsTest.testInternalNoSuchAlgorithmException()	org.apache.commons.codec.digest.DigestUtils.getDigest(String)
org.apache.commons.codec.language.MetaphoneTest.testTIOAndTIAToX()	org.apache.commons.codec.language.Metaphone.metaphone(String)
org.apache.commons.codec.binary.Hex.decode(ByteBuffer)	org.apache.commons.codec.binary.Hex.decodeHex(char[])
org.apache.commons.codec.net.BCodec.encode(String,Charset)	org.apache.commons.codec.net.RFC1522Codec.encodeText(String,Charset)
org.apache.commons.codec.net.RFC1522Codec.encodeText(String,Charset)	org.apache.commons.codec.net.RFC1522Codec.doEncoding(byte[])
org.apache.commons.codec.digest.DigestUtils.getMd2Digest()	org.apache.commons.codec.digest.MessageDigestAlgorithm.getMessageDigest()
org.apache.commons.codec.binary.BinaryCodecTest.testDecodeObjectException()	org.apache.commons.codec.binary.BinaryCodec.decode(Object)
org.apache.commons.codec.digest.MessageDigestAlgorithmTest.testDigestInputStream()	org.apache.commons.codec.digest.MessageDigestAlgorithmTest.digestTestData()
org.apache.commons.codec.language.bm.PhoneticEngine.PhonemeBuilder.apply(PhonemeExpr,int)	org.apache.commons.codec.language.bm.Rule.PhonemeExpr.getPhonemes()
org.apache.commons.codec.binary.Base64Codec13Test.testStaticDecode()	org.apache.commons.codec.binary.Base64.decodeBase64(byte[])
org.apache.commons.codec.language.bm.RuleTest.testPhonemeComparedToLaterIsNegative()	org.apache.commons.codec.language.bm.RuleTest.makePhonemes()
org.apache.commons.codec.digest.DigestUtils.getSha1Digest()	org.apache.commons.codec.digest.MessageDigestAlgorithm.getMessageDigest()
org.apache.commons.codec.binary.BaseNCodec.decode(String)	org.apache.commons.codec.binary.BaseNCodec.decode(byte[])
org.apache.commons.codec.digest.HmacUtils.hmacSha1(byte[],byte[])	org.apache.commons.codec.digest.HmacUtils.getHmacSha1(byte[])
org.apache.commons.codec.language.DoubleMetaphone.doubleMetaphone(String,boolean)	org.apache.commons.codec.language.DoubleMetaphone.charAt(String,int)
org.apache.commons.codec.binary.Base64Test.testEncodeDecodeSmall()	org.apache.commons.codec.binary.Base64.encodeBase64(byte[])
org.apache.commons.codec.language.DoubleMetaphone.handleG(String,DoubleMetaphoneResult,int,boolean)	org.apache.commons.codec.language.DoubleMetaphone.contains(String,int,int,)
org.apache.commons.codec.digest.DigestUtilsTest.testSha512HexFile()	org.apache.commons.codec.digest.DigestUtils.sha512Hex(File)
org.apache.commons.codec.binary.Hex.encodeHexString(ByteBuffer)	org.apache.commons.codec.binary.Hex.encodeHex(ByteBuffer)
org.apache.commons.codec.binary.Base64InputStreamTest.testSkipPastEnd()	org.apache.commons.codec.binary.BaseNCodecInputStream.read()
org.apache.commons.codec.digest.DigestUtils.sha512Hex(String)	org.apache.commons.codec.digest.DigestUtils.sha512(String)
org.apache.commons.codec.net.RFC1522Codec.decodeText(String)	org.apache.commons.codec.net.RFC1522Codec.doDecoding(byte[])
org.apache.commons.codec.language.MatchRatingApproachEncoderTest.testAccentRemovalNormalString_NoChange()	org.apache.commons.codec.StringEncoderAbstractTest.getStringEncoder()
org.apache.commons.codec.net.BCodecTest.testDecodeObjects()	org.apache.commons.codec.net.BCodec.decode(Object)
org.apache.commons.codec.language.MatchRatingApproachEncoderTest.testCompare_SMITH_SMYTH_SuccessfullyMatched()	org.apache.commons.codec.StringEncoderAbstractTest.getStringEncoder()
org.apache.commons.codec.language.MetaphoneTest.testDiscardOfSCEOrSCIOrSCY()	org.apache.commons.codec.StringEncoderAbstractTest.getStringEncoder()
org.apache.commons.codec.language.MatchRatingApproachEncoderTest.testRemoveDoubleDoubleVowel_BEETLE_NotRemoved()	org.apache.commons.codec.StringEncoderAbstractTest.getStringEncoder()
org.apache.commons.codec.language.SoundexTest.testHWRuleEx1()	org.apache.commons.codec.language.Soundex.encode(String)
org.apache.commons.codec.digest.DigestUtils.sha512(InputStream)	org.apache.commons.codec.digest.DigestUtils.getSha512Digest()
org.apache.commons.codec.digest.PureJavaCrc32Test.checkOnBytes(byte[],boolean)	org.apache.commons.codec.digest.PureJavaCrc32Test.checkSame()
org.apache.commons.codec.net.BCodec.encode(String)	org.apache.commons.codec.net.BCodec.encode(String,Charset)
org.apache.commons.codec.language.bm.PhoneticEngineRegressionTest.testCompatibilityWithOriginalVersion()	org.apache.commons.codec.language.bm.PhoneticEngineRegressionTest.encode(Map<String, String>,boolean,String)
org.apache.commons.codec.digest.DigestUtils.sha1Hex(ByteBuffer)	org.apache.commons.codec.digest.DigestUtils.sha1(ByteBuffer)
org.apache.commons.codec.binary.Base64Test.testCodeInteger2()	org.apache.commons.codec.binary.Base64.encodeInteger(BigInteger)
org.apache.commons.codec.digest.DigestUtils.sha256(InputStream)	org.apache.commons.codec.digest.DigestUtils.getSha256Digest()
org.apache.commons.codec.binary.Base64InputStreamTest.testSkipBig()	org.apache.commons.codec.binary.BaseNCodecInputStream.skip(long)
org.apache.commons.codec.binary.Base32OutputStreamTest.testBase32OutputStreamByteByByte()	org.apache.commons.codec.binary.StringUtils.getBytesUtf8(String)
org.apache.commons.codec.binary.Base64Test.testSingletons()	org.apache.commons.codec.binary.Base64.decodeBase64(byte[])
org.apache.commons.codec.digest.HmacUtilsTest.testSha384HMac()	org.apache.commons.codec.digest.HmacUtils.hmacSha384(String,String)
org.apache.commons.codec.language.ColognePhoneticTest.testHyphen()	org.apache.commons.codec.StringEncoderAbstractTest.checkEncodings(String[][])
org.apache.commons.codec.language.bm.PhoneticEngine.encode(String,LanguageSet)	org.apache.commons.codec.language.bm.PhoneticEngine.RulesApplication.getI()
org.apache.commons.codec.language.NysiisTest.testFal()	org.apache.commons.codec.language.NysiisTest.encodeAll(String[],String)
org.apache.commons.codec.binary.BaseNCodecOutputStream.close()	org.apache.commons.codec.binary.BaseNCodecOutputStream.flush()
org.apache.commons.codec.BinaryEncoderAbstractTest.testEncodeEmpty()	org.apache.commons.codec.BinaryEncoderAbstractTest.makeEncoder()
org.apache.commons.codec.language.bm.PhoneticEngine.applyFinalRules(PhonemeBuilder,Map<String, List<Rule>>)	org.apache.commons.codec.language.bm.PhoneticEngine.RulesApplication.getI()
org.apache.commons.codec.digest.DigestUtils.sha256(ByteBuffer)	org.apache.commons.codec.digest.DigestUtils.digest(MessageDigest,ByteBuffer)
org.apache.commons.codec.language.MatchRatingApproachEncoderTest.testisEncodeEquals_CornerCase_SecondNameJustSpace_ReturnsFalse()	org.apache.commons.codec.language.MatchRatingApproachEncoder.isEncodeEquals(String,String)
org.apache.commons.codec.binary.Base32InputStreamTest.testCodec130()	org.apache.commons.codec.binary.BaseNCodecOutputStream.close()
org.apache.commons.codec.language.bm.Rule.getInstanceMap(NameType,RuleType,String)	org.apache.commons.codec.language.bm.NameType.getName()
org.apache.commons.codec.digest.DigestUtils.sha512(ByteBuffer)	org.apache.commons.codec.digest.DigestUtils.digest(MessageDigest,ByteBuffer)
org.apache.commons.codec.language.DoubleMetaphone.handleH(String,DoubleMetaphoneResult,int)	org.apache.commons.codec.language.DoubleMetaphone.DoubleMetaphoneResult.append(char)
org.apache.commons.codec.language.bm.BeiderMorseEncoder.setNameType(NameType)	org.apache.commons.codec.language.bm.PhoneticEngine.getRuleType()
org.apache.commons.codec.language.MatchRatingApproachEncoderTest.testGetEncoding_HARPER_HRPR()	org.apache.commons.codec.StringEncoderAbstractTest.getStringEncoder()
org.apache.commons.codec.language.DoubleMetaphoneTest.testDoubleMetaphone()	org.apache.commons.codec.language.DoubleMetaphoneTest.assertDoubleMetaphoneAlt(String,String)
org.apache.commons.codec.digest.UnixCryptTest.testUnixCryptStrings()	org.apache.commons.codec.digest.Crypt.crypt(String,String)
org.apache.commons.codec.digest.Md5CryptTest.testMd5CryptLongInput()	org.apache.commons.codec.digest.Crypt.crypt(String,String)
org.apache.commons.codec.digest.DigestUtilsTest.testSha1Hex()	org.apache.commons.codec.digest.DigestUtils.sha1Hex(String)
org.apache.commons.codec.language.bm.PhoneticEngine.PhonemeBuilder.apply(PhonemeExpr,int)	org.apache.commons.codec.language.bm.Languages.LanguageSet.isEmpty()
org.apache.commons.codec.language.MetaphoneTest.testWordsWithCIA()	org.apache.commons.codec.StringEncoderAbstractTest.getStringEncoder()
org.apache.commons.codec.language.MatchRatingApproachEncoderTest.testgetMinRating_8_Returns3_Successfully()	org.apache.commons.codec.language.MatchRatingApproachEncoder.getMinRating(int)
org.apache.commons.codec.language.MatchRatingApproachEncoderTest.testisEncodeEquals_CornerCase_SecondNameNothing_ReturnsFalse()	org.apache.commons.codec.StringEncoderAbstractTest.getStringEncoder()
org.apache.commons.codec.binary.Base64.isBase64(String)	org.apache.commons.codec.binary.Base64.isBase64(byte[])
org.apache.commons.codec.language.bm.PhoneticEngine.encode(String)	org.apache.commons.codec.language.bm.Lang.guessLanguages(String)
org.apache.commons.codec.language.MatchRatingApproachEncoderTest.testCompare_Forenames_SEAN_JOHN_MatchExpected()	org.apache.commons.codec.language.MatchRatingApproachEncoder.isEncodeEquals(String,String)
org.apache.commons.codec.binary.HexTest.testDecodeByteBufferEmpty()	org.apache.commons.codec.binary.Hex.decode(ByteBuffer)
org.apache.commons.codec.digest.Apr1CryptTest.testApr1CryptExplicitCall()	org.apache.commons.codec.digest.Md5Crypt.apr1Crypt(String,String)
org.apache.commons.codec.language.MetaphoneTest.testIsMetaphoneEqualAero()	org.apache.commons.codec.language.MetaphoneTest.assertIsMetaphoneEqual(String,String[])
org.apache.commons.codec.net.QCodecTest.testEncodeStringWithNull()	org.apache.commons.codec.net.QCodec.encode(String,String)
org.apache.commons.codec.language.MatchRatingApproachEncoderTest.testRemoveDoubleConsonants_MISSISSIPPI_RemovedSuccessfully()	org.apache.commons.codec.StringEncoderAbstractTest.getStringEncoder()
org.apache.commons.codec.digest.DigestUtils.sha1Hex(File)	org.apache.commons.codec.digest.DigestUtils.sha1(File)
org.apache.commons.codec.digest.HmacUtils.getHmacSha512(byte[])	org.apache.commons.codec.digest.HmacUtils.getInitializedMac(HmacAlgorithms,byte[])
org.apache.commons.codec.language.MetaphoneTest.testIsMetaphoneEqualParis()	org.apache.commons.codec.language.MetaphoneTest.assertIsMetaphoneEqual(String,String[])
org.apache.commons.codec.digest.CryptTest.testDefaultCryptVariant()	org.apache.commons.codec.digest.Crypt.crypt(String,String)
org.apache.commons.codec.language.bm.BeiderMorseEncoderTest.assertNotEmpty(BeiderMorseEncoder,String)	org.apache.commons.codec.language.bm.BeiderMorseEncoder.encode(String)
org.apache.commons.codec.digest.HmacUtilsTest.testMd5HMac()	org.apache.commons.codec.digest.HmacUtils.hmacMd5(byte[],InputStream)
org.apache.commons.codec.BinaryEncoderAbstractTest.testEncodeNull()	org.apache.commons.codec.Encoder.encode(Object)
org.apache.commons.codec.digest.DigestUtils.md2Hex(File)	org.apache.commons.codec.digest.DigestUtils.md2(File)
org.apache.commons.codec.digest.DigestUtils.sha224Hex(InputStream)	org.apache.commons.codec.digest.DigestUtils.sha224(InputStream)
org.apache.commons.codec.binary.BaseNCodec.isInAlphabet(byte[],boolean)	org.apache.commons.codec.binary.BaseNCodec.isInAlphabet(byte)
org.apache.commons.codec.digest.DigestUtils.md2Hex(ByteBuffer)	org.apache.commons.codec.digest.DigestUtils.md2(ByteBuffer)
org.apache.commons.codec.language.bm.PhoneticEngine.RulesApplication.invoke()	org.apache.commons.codec.language.bm.Rule.getPattern()
org.apache.commons.codec.digest.DigestUtils.md5(ByteBuffer)	org.apache.commons.codec.digest.DigestUtils.getMd5Digest()
org.apache.commons.codec.binary.Base64Test.testBase64()	org.apache.commons.codec.binary.StringUtils.getBytesUtf8(String)
org.apache.commons.codec.binary.HexTest.testDecodeHexCharArrayOddCharacters5()	org.apache.commons.codec.binary.HexTest.checkDecodeHexCharArrayOddCharacters(char[])
org.apache.commons.codec.language.bm.RuleTest.testPhonemeComparedToLaterIsNegative()	org.apache.commons.codec.language.bm.Rule.Phoneme.getPhonemeText()
org.apache.commons.codec.language.DoubleMetaphone.handleC(String,DoubleMetaphoneResult,int)	org.apache.commons.codec.language.DoubleMetaphone.contains(String,int,int,)
org.apache.commons.codec.language.DoubleMetaphone.handleSC(String,DoubleMetaphoneResult,int)	org.apache.commons.codec.language.DoubleMetaphone.DoubleMetaphoneResult.append(char,char)
org.apache.commons.codec.language.DaitchMokotoffSoundex.Branch.createBranch()	org.apache.commons.codec.language.DaitchMokotoffSoundex.Branch.toString()
org.apache.commons.codec.binary.Base64Test.testSingletons()	org.apache.commons.codec.binary.Base64.encodeBase64(byte[])
org.apache.commons.codec.language.DoubleMetaphone.handleCC(String,DoubleMetaphoneResult,int)	org.apache.commons.codec.language.DoubleMetaphone.DoubleMetaphoneResult.append(char)
org.apache.commons.codec.digest.DigestUtilsTest.testSha384()	org.apache.commons.codec.digest.DigestUtils.sha384Hex(InputStream)
org.apache.commons.codec.language.bm.BeiderMorseEncoderTest.testAsciiEncodeNotEmpty2Letters()	org.apache.commons.codec.language.bm.BeiderMorseEncoderTest.createGenericApproxEncoder()
org.apache.commons.codec.binary.Base32InputStreamTest.testBase32EmptyInputStream(int)	org.apache.commons.codec.binary.Base32InputStreamTest.testByChunk(byte[],byte[],int,byte[])
org.apache.commons.codec.net.URLCodec.decode(Object)	org.apache.commons.codec.net.URLCodec.decode(String)
org.apache.commons.codec.digest.HmacUtilsTest.testSha256HMac()	org.apache.commons.codec.digest.HmacUtils.hmacSha256(String,String)
org.apache.commons.codec.binary.Base64.encode(byte[],int,int,Context)	org.apache.commons.codec.binary.BaseNCodec.ensureBufferSize(int,Context)
org.apache.commons.codec.language.DoubleMetaphone.handleL(String,DoubleMetaphoneResult,int)	org.apache.commons.codec.language.DoubleMetaphone.DoubleMetaphoneResult.append(char)
org.apache.commons.codec.binary.HexTest.testEncodeDecodeHexCharArrayRandom()	org.apache.commons.codec.binary.Hex.decode(byte[])
org.apache.commons.codec.digest.DigestUtilsTest.testSha224HexFile()	org.apache.commons.codec.digest.DigestUtils.sha224Hex(File)
org.apache.commons.codec.binary.BaseNCodecOutputStream.eof()	org.apache.commons.codec.binary.BaseNCodec.decode(byte[],int,int,Context)
org.apache.commons.codec.language.Caverphone2Test.testCaverphoneRevisitedRandomNameKLN1111111()	org.apache.commons.codec.StringEncoderAbstractTest.checkEncodingVariations(String,String[])
org.apache.commons.codec.net.URLCodecTest.testSafeCharEncodeDecode()	org.apache.commons.codec.net.URLCodec.encode(String)
org.apache.commons.codec.language.MatchRatingApproachEncoderTest.testAccentRemoval_UpperandLower_SuccessfullyRemovedAndCaseInvariant()	org.apache.commons.codec.language.MatchRatingApproachEncoder.removeAccents(String)
org.apache.commons.codec.language.SoundexTest.testEncodeIgnoreTrimmable()	org.apache.commons.codec.language.Soundex.encode(String)
org.apache.commons.codec.language.MatchRatingApproachEncoderTest.testCompare_MCGOWAN_MCGEOGHEGAN_SuccessfullyMatched()	org.apache.commons.codec.language.MatchRatingApproachEncoder.isEncodeEquals(String,String)
org.apache.commons.codec.language.ColognePhonetic.colognePhonetic(String)	org.apache.commons.codec.language.ColognePhonetic.arrayContains(char[],char)
org.apache.commons.codec.language.SoundexTest.testMsSqlServer3()	org.apache.commons.codec.StringEncoderAbstractTest.getStringEncoder()
org.apache.commons.codec.digest.DigestUtils.sha(InputStream)	org.apache.commons.codec.digest.DigestUtils.sha1(InputStream)
org.apache.commons.codec.binary.Base32Test.testRandomBytesHex()	org.apache.commons.codec.binary.BaseNCodec.getEncodedLength(byte[])
org.apache.commons.codec.language.MatchRatingApproachEncoderTest.testCompare_KARL_ALESSANDRO_DoesNotMatch()	org.apache.commons.codec.language.MatchRatingApproachEncoder.isEncodeEquals(String,String)
org.apache.commons.codec.language.DoubleMetaphoneTest.assertDoubleMetaphone(String,String)	org.apache.commons.codec.StringEncoderAbstractTest.getStringEncoder()
org.apache.commons.codec.binary.Base32Test.testRandomBytes()	org.apache.commons.codec.binary.BaseNCodec.getEncodedLength(byte[])
org.apache.commons.codec.digest.DigestUtils.sha224(ByteBuffer)	org.apache.commons.codec.digest.DigestUtils.getSha224Digest()
org.apache.commons.codec.language.MatchRatingApproachEncoderTest.testCompare_SEAN_SHAUN_SuccessfullyMatched()	org.apache.commons.codec.language.MatchRatingApproachEncoder.isEncodeEquals(String,String)
org.apache.commons.codec.digest.HmacUtils.hmacSha256Hex(byte[],InputStream)	org.apache.commons.codec.binary.Hex.encodeHexString(byte[])
org.apache.commons.codec.digest.Digest.run(String,MessageDigest)	org.apache.commons.codec.digest.Digest.println(String,byte[])
org.apache.commons.codec.language.Nysiis.nysiis(String)	org.apache.commons.codec.language.SoundexUtils.clean(String)
org.apache.commons.codec.net.URLCodecTest.testEncodeStringWithNull()	org.apache.commons.codec.net.URLCodec.encode(String,String)
org.apache.commons.codec.language.ColognePhonetic.colognePhonetic(String)	org.apache.commons.codec.language.ColognePhonetic.CologneInputBuffer.getNextChar()
org.apache.commons.codec.digest.DigestUtils.sha512Hex(File)	org.apache.commons.codec.binary.Hex.encodeHexString(byte[])
org.apache.commons.codec.language.bm.BeiderMorseEncoderTest.testOOM()	org.apache.commons.codec.language.bm.BeiderMorseEncoder.setRuleType(RuleType)
org.apache.commons.codec.digest.DigestUtils.sha(String)	org.apache.commons.codec.digest.DigestUtils.sha1(String)
org.apache.commons.codec.binary.BaseNCodec.readResults(byte[],int,int,Context)	org.apache.commons.codec.binary.BaseNCodec.available(Context)
org.apache.commons.codec.binary.BaseNCodec.encode(Object)	org.apache.commons.codec.binary.BaseNCodec.encode(byte[])
org.apache.commons.codec.digest.Apr1CryptTest.testApr1LongSalt()	org.apache.commons.codec.digest.Md5Crypt.apr1Crypt(String,String)
org.apache.commons.codec.binary.BaseNCodecOutputStream.eof()	org.apache.commons.codec.binary.BaseNCodec.encode(byte[],int,int,Context)
org.apache.commons.codec.language.DoubleMetaphone.DoubleMetaphoneResult.append(char)	org.apache.commons.codec.language.DoubleMetaphone.DoubleMetaphoneResult.appendPrimary(char)
org.apache.commons.codec.digest.HmacUtilsTest.testSha512HMac()	org.apache.commons.codec.digest.HmacUtils.hmacSha512Hex(String,String)
org.apache.commons.codec.digest.Digest.run(String,MessageDigestAlgorithm)	org.apache.commons.codec.digest.MessageDigestAlgorithm.getMessageDigest()
org.apache.commons.codec.binary.Base64Test.testKnownEncodings()	org.apache.commons.codec.binary.Base64.encodeBase64(byte[])
org.apache.commons.codec.language.DoubleMetaphone.handleJ(String,DoubleMetaphoneResult,int,boolean)	org.apache.commons.codec.language.DoubleMetaphone.charAt(String,int)
org.apache.commons.codec.digest.DigestUtilsTest.testSha512HexByteBuffer()	org.apache.commons.codec.digest.DigestUtils.sha512Hex(ByteBuffer)
org.apache.commons.codec.language.DoubleMetaphone.handleP(String,DoubleMetaphoneResult,int)	org.apache.commons.codec.language.DoubleMetaphone.charAt(String,int)
org.apache.commons.codec.language.bm.BeiderMorseEncoder.setMaxPhonemes(int)	org.apache.commons.codec.language.bm.PhoneticEngine.getNameType()
org.apache.commons.codec.language.bm.PhoneticEngine.encode(String)	org.apache.commons.codec.language.bm.PhoneticEngine.encode(String,LanguageSet)
org.apache.commons.codec.digest.DigestUtilsTest.testSha384()	org.apache.commons.codec.digest.DigestUtils.sha384Hex(String)
org.apache.commons.codec.digest.UnixCrypt.desSetKey(byte[])	org.apache.commons.codec.digest.UnixCrypt.permOp(int,int,int,int,int[])
org.apache.commons.codec.digest.HmacUtils.hmacSha1(String,String)	org.apache.commons.codec.digest.HmacUtils.hmacSha1(byte[],byte[])
org.apache.commons.codec.binary.Hex.decodeHex(String)	org.apache.commons.codec.binary.Hex.decodeHex(char[])
org.apache.commons.codec.digest.UnixCrypt.crypt(byte[])	org.apache.commons.codec.digest.UnixCrypt.crypt(byte[],String)
org.apache.commons.codec.language.DoubleMetaphone.doubleMetaphone(String,boolean)	org.apache.commons.codec.language.DoubleMetaphone.handleP(String,DoubleMetaphoneResult,int)
org.apache.commons.codec.net.URLCodecTest.testUTF8RoundTrip()	org.apache.commons.codec.net.URLCodec.decode(String,String)
org.apache.commons.codec.language.Caverphone2Test.testCaverphoneRevisitedRandomWords()	org.apache.commons.codec.StringEncoderAbstractTest.checkEncodingVariations(String,String[])
org.apache.commons.codec.net.QuotedPrintableCodec.encode(String,String)	org.apache.commons.codec.net.QuotedPrintableCodec.encode(byte[])
org.apache.commons.codec.binary.Base64Test.testTripletsChunked()	org.apache.commons.codec.binary.Base64.encodeBase64Chunked(byte[])
org.apache.commons.codec.language.NysiisTest.testDad()	org.apache.commons.codec.language.NysiisTest.encodeAll(String[],String)
org.apache.commons.codec.digest.DigestUtils.sha256Hex(File)	org.apache.commons.codec.digest.DigestUtils.sha256(File)
org.apache.commons.codec.language.bm.PhoneticEngineRegressionTest.testSolrSEPHARDIC()	org.apache.commons.codec.language.bm.PhoneticEngineRegressionTest.encode(Map<String, String>,boolean,String)
org.apache.commons.codec.language.RefinedSoundexTest.testGetMappingCodeNonLetter()	org.apache.commons.codec.language.RefinedSoundex.getMappingCode(char)
org.apache.commons.codec.language.bm.Rule.pattern(String)	org.apache.commons.codec.language.bm.Rule.contains(CharSequence,char)
org.apache.commons.codec.binary.Hex.encodeHex(byte[],boolean)	org.apache.commons.codec.binary.Hex.encodeHex(byte[],char[])
org.apache.commons.codec.language.MatchRatingApproachEncoderTest.testisEncodeEquals_CornerCase_FirstNameJustSpace_ReturnsFalse()	org.apache.commons.codec.StringEncoderAbstractTest.getStringEncoder()
org.apache.commons.codec.binary.Base32InputStreamTest.testMarkSupported()	org.apache.commons.codec.binary.StringUtils.getBytesUtf8(String)
org.apache.commons.codec.binary.Base64Codec13Test.testDecoder()	org.apache.commons.codec.Decoder.decode(Object)
org.apache.commons.codec.language.MatchRatingApproachEncoderTest.testGetEncoding_HARPER_HRPR()	org.apache.commons.codec.language.MatchRatingApproachEncoder.encode(String)
org.apache.commons.codec.digest.Md5Crypt.md5Crypt(byte[])	org.apache.commons.codec.digest.B64.getRandomSalt(int)
org.apache.commons.codec.digest.MessageDigestAlgorithm.digest(InputStream)	org.apache.commons.codec.digest.MessageDigestAlgorithm.getMessageDigest()
org.apache.commons.codec.digest.DigestUtils.sha384(String)	org.apache.commons.codec.binary.StringUtils.getBytesUtf8(String)
org.apache.commons.codec.language.bm.PhoneticEngine.encode(String,LanguageSet)	org.apache.commons.codec.language.bm.PhoneticEngine.encode(String)
org.apache.commons.codec.digest.Sha2Crypt.sha512Crypt(byte[],String)	org.apache.commons.codec.digest.B64.getRandomSalt(int)
org.apache.commons.codec.digest.HmacUtilsTest.testSha512HMac()	org.apache.commons.codec.digest.HmacUtils.hmacSha512(byte[],byte[])
org.apache.commons.codec.binary.Base64InputStreamTest.testSkipWrongArgument()	org.apache.commons.codec.binary.StringUtils.getBytesIso8859_1(String)
org.apache.commons.codec.digest.DigestUtilsTest.testMd5HexFile()	org.apache.commons.codec.digest.DigestUtils.md5Hex(byte[])
org.apache.commons.codec.binary.HexTest.testEncodeHexByteArrayEmpty()	org.apache.commons.codec.binary.Hex.encode(byte[])
org.apache.commons.codec.digest.DigestUtilsTest.testSha224HexFile()	org.apache.commons.codec.digest.DigestUtils.sha224Hex(byte[])
org.apache.commons.codec.binary.Base64OutputStreamTest.testBase64OutputStreamByteByByte()	org.apache.commons.codec.binary.StringUtils.getBytesUtf8(String)
org.apache.commons.codec.binary.Hex.encode(ByteBuffer)	org.apache.commons.codec.binary.Hex.getCharset()
org.apache.commons.codec.digest.DigestUtils.sha1Hex(File)	org.apache.commons.codec.binary.Hex.encodeHexString(byte[])
org.apache.commons.codec.language.DoubleMetaphoneTest.testEmpty()	org.apache.commons.codec.language.DoubleMetaphone.doubleMetaphone(String)
org.apache.commons.codec.digest.DigestUtils.md5(File)	org.apache.commons.codec.digest.DigestUtils.digest(MessageDigest,File)
org.apache.commons.codec.binary.Base32InputStreamTest.testRead0()	org.apache.commons.codec.binary.BaseNCodecInputStream.read(byte[],int,int)
org.apache.commons.codec.language.MatchRatingApproachEncoderTest.testleftTorightThenRightToLeft_ALEXANDER_ALEXANDRA_Returns4()	org.apache.commons.codec.StringEncoderAbstractTest.getStringEncoder()
org.apache.commons.codec.language.ColognePhoneticTest.testAaclan()	org.apache.commons.codec.StringEncoderAbstractTest.checkEncoding(String,String)
org.apache.commons.codec.digest.DigestUtils.shaHex(String)	org.apache.commons.codec.digest.DigestUtils.sha1Hex(String)
org.apache.commons.codec.digest.HmacUtilsTest.testSha256HMac()	org.apache.commons.codec.digest.HmacUtils.hmacSha256Hex(byte[],InputStream)
org.apache.commons.codec.language.NysiisTest.testSnat()	org.apache.commons.codec.language.NysiisTest.encodeAll(String[],String)
org.apache.commons.codec.binary.BaseNCodecInputStream.read(byte[],int,int)	org.apache.commons.codec.binary.BaseNCodec.decode(byte[],int,int,Context)
org.apache.commons.codec.binary.Base64OutputStreamTest.testCodec98NPE()	org.apache.commons.codec.binary.BaseNCodecOutputStream.close()
org.apache.commons.codec.digest.DigestUtils.sha512Hex(InputStream)	org.apache.commons.codec.digest.DigestUtils.sha512(InputStream)
org.apache.commons.codec.language.DoubleMetaphone.conditionCH1(String,int)	org.apache.commons.codec.language.DoubleMetaphone.contains(String,int,int,)
org.apache.commons.codec.language.bm.Rule.Phoneme.mergeWithLanguage(LanguageSet)	org.apache.commons.codec.language.bm.Languages.LanguageSet.merge(LanguageSet)
org.apache.commons.codec.binary.Base64Codec13Test.testStaticDecode()	org.apache.commons.codec.binary.Base64Codec13Test.utf8(String)
org.apache.commons.codec.net.URLCodec.encode(Object)	org.apache.commons.codec.net.URLCodec.encode(byte[])
org.apache.commons.codec.binary.Base32InputStreamTest.testByChunk(byte[],byte[],int,byte[])	org.apache.commons.codec.binary.Base32TestData.streamToBytes(InputStream)
org.apache.commons.codec.language.RefinedSoundexTest.testEncode()	org.apache.commons.codec.StringEncoderAbstractTest.getStringEncoder()
org.apache.commons.codec.digest.DigestUtils.sha256Hex(byte[])	org.apache.commons.codec.binary.Hex.encodeHexString(byte[])
org.apache.commons.codec.binary.Base64InputStreamTest.testSkipNone()	org.apache.commons.codec.binary.BaseNCodecInputStream.skip(long)
org.apache.commons.codec.binary.StringUtilsTest.testNewStringUtf16Le()	org.apache.commons.codec.binary.StringUtils.newStringUtf16Le(byte[])
org.apache.commons.codec.binary.BaseNCodecInputStream.read(byte[],int,int)	org.apache.commons.codec.binary.BaseNCodec.encode(byte[],int,int,Context)
org.apache.commons.codec.digest.HmacUtils.updateHmac(Mac,String)	org.apache.commons.codec.binary.StringUtils.getBytesUtf8(String)
org.apache.commons.codec.language.NysiisTest.testRule5()	org.apache.commons.codec.language.NysiisTest.assertEncodings()
org.apache.commons.codec.digest.DigestUtils.md5(byte[])	org.apache.commons.codec.digest.DigestUtils.getMd5Digest()
org.apache.commons.codec.StringEncoderAbstractTest.checkEncoding(String,String)	org.apache.commons.codec.StringEncoder.encode(String)
org.apache.commons.codec.language.MatchRatingApproachEncoderTest.testAccentRemovalNormalString_NoChange()	org.apache.commons.codec.language.MatchRatingApproachEncoder.removeAccents(String)
org.apache.commons.codec.language.NysiisTest.encodeAll(String[],String)	org.apache.commons.codec.language.Nysiis.encode(String)
org.apache.commons.codec.net.URLCodec.decode(String)	org.apache.commons.codec.net.URLCodec.decode(String,String)
org.apache.commons.codec.binary.Base64Test.testNonBase64Test()	org.apache.commons.codec.binary.Base64.isBase64(byte[])
org.apache.commons.codec.binary.BaseNCodecOutputStream.close()	org.apache.commons.codec.binary.BaseNCodecOutputStream.eof()
org.apache.commons.codec.language.DoubleMetaphone.doubleMetaphone(String)	org.apache.commons.codec.language.DoubleMetaphone.doubleMetaphone(String,boolean)
org.apache.commons.codec.digest.HmacUtils.hmacSha256(String,String)	org.apache.commons.codec.digest.HmacUtils.hmacSha256(byte[],byte[])
org.apache.commons.codec.digest.DigestUtils.sha384(String)	org.apache.commons.codec.digest.DigestUtils.sha384(byte[])
org.apache.commons.codec.language.MatchRatingApproachEncoderTest.testGetFirstLast3__ALEXANDER_Returns_Aleder()	org.apache.commons.codec.language.MatchRatingApproachEncoder.getFirst3Last3(String)
org.apache.commons.codec.binary.Base64Test.testEncodeDecode(String)	org.apache.commons.codec.binary.Base64.encodeBase64String(byte[])
org.apache.commons.codec.digest.PureJavaCrc32Test.checkOnBytes(byte[],boolean)	org.apache.commons.codec.digest.PureJavaCrc32.update(byte[],int,int)
org.apache.commons.codec.binary.Base64Test.testDecodeWithWhitespace()	org.apache.commons.codec.binary.Base64.decodeBase64(byte[])
org.apache.commons.codec.language.bm.Rule.isMatch(CharSequence)	org.apache.commons.codec.language.bm.Rule.contains(CharSequence,char)
org.apache.commons.codec.language.Caverphone2Test.testCaverphoneRevisitedExamples()	org.apache.commons.codec.StringEncoderAbstractTest.checkEncodings(String[][])
org.apache.commons.codec.binary.BinaryCodec.decode(byte[])	org.apache.commons.codec.binary.BinaryCodec.fromAscii(byte[])
org.apache.commons.codec.digest.HmacUtilsTest.testHmacSha1UpdateWithByteArray()	org.apache.commons.codec.digest.HmacUtils.updateHmac(Mac,byte[])
org.apache.commons.codec.language.DaitchMokotoffSoundex.compare(Rule,Rule)	org.apache.commons.codec.language.DaitchMokotoffSoundex.Rule.getPatternLength()
org.apache.commons.codec.binary.Base32InputStreamTest.testCodec130()	org.apache.commons.codec.binary.StringUtils.getBytesUtf8(String)
org.apache.commons.codec.digest.Md5Crypt.apr1Crypt(byte[])	org.apache.commons.codec.digest.Md5Crypt.apr1Crypt(byte[],String)
org.apache.commons.codec.binary.Base32TestData.streamToBytes(InputStream,byte[])	org.apache.commons.codec.binary.Base32TestData.resizeArray(byte[])
org.apache.commons.codec.binary.Base64InputStreamTest.testSkipWrongArgument()	org.apache.commons.codec.binary.BaseNCodecInputStream.skip(long)
org.apache.commons.codec.digest.DigestUtils.sha1(InputStream)	org.apache.commons.codec.digest.DigestUtils.digest(MessageDigest,InputStream)
org.apache.commons.codec.digest.MessageDigestAlgorithmTest.testDigestFile()	org.apache.commons.codec.digest.MessageDigestAlgorithm.isAvailable()
org.apache.commons.codec.language.bm.BeiderMorseEncoderTest.testSpeedCheck()	org.apache.commons.codec.language.bm.BeiderMorseEncoderTest.createGenericApproxEncoder()
org.apache.commons.codec.net.QuotedPrintableCodec.encode(Object)	org.apache.commons.codec.net.QuotedPrintableCodec.encode(byte[])
org.apache.commons.codec.language.MatchRatingApproachEncoderTest.testIsVowel_CapitalA_ReturnsTrue()	org.apache.commons.codec.language.MatchRatingApproachEncoder.isVowel(String)
org.apache.commons.codec.digest.Sha2Crypt.sha2Crypt(byte[],String,String,int,String)	org.apache.commons.codec.digest.B64.b64from24bit(byte,byte,byte,int,StringBuilder)
org.apache.commons.codec.language.RefinedSoundex.soundex(String)	org.apache.commons.codec.language.RefinedSoundex.getMappingCode(char)
org.apache.commons.codec.digest.MessageDigestAlgorithmTest.testAlgorithm()	org.apache.commons.codec.digest.MessageDigestAlgorithm.isAvailable()
org.apache.commons.codec.binary.HexTest.testDecodeByteBufferOddCharacters()	org.apache.commons.codec.binary.Hex.decode(ByteBuffer)
org.apache.commons.codec.digest.DigestUtilsTest.testMd5Hex()	org.apache.commons.codec.digest.DigestUtils.md5Hex(InputStream)
org.apache.commons.codec.digest.HmacUtils.getHmacMd5(byte[])	org.apache.commons.codec.digest.HmacUtils.getInitializedMac(HmacAlgorithms,byte[])
org.apache.commons.codec.binary.HexTest.testEncodeHexByteBufferEmpty()	org.apache.commons.codec.binary.Hex.encodeHex(ByteBuffer)
org.apache.commons.codec.digest.DigestUtilsTest.testSha512()	org.apache.commons.codec.digest.DigestUtils.sha512Hex(String)
org.apache.commons.codec.language.MetaphoneTest.testIsMetaphoneEqual2()	org.apache.commons.codec.language.MetaphoneTest.assertMetaphoneEqual(String[][])
org.apache.commons.codec.language.RefinedSoundex.encode(Object)	org.apache.commons.codec.language.RefinedSoundex.soundex(String)
org.apache.commons.codec.language.DoubleMetaphone.handleW(String,DoubleMetaphoneResult,int)	org.apache.commons.codec.language.DoubleMetaphone.DoubleMetaphoneResult.append(char)
org.apache.commons.codec.language.DoubleMetaphone.conditionM0(String,int)	org.apache.commons.codec.language.DoubleMetaphone.charAt(String,int)
org.apache.commons.codec.binary.Base32InputStreamTest.testMarkSupported()	org.apache.commons.codec.binary.BaseNCodecInputStream.markSupported()
org.apache.commons.codec.binary.Base64.decodeBase64(byte[])	org.apache.commons.codec.binary.BaseNCodec.decode(byte[])
org.apache.commons.codec.binary.Base32Test.testSingleCharEncoding()	org.apache.commons.codec.binary.BaseNCodec.readResults(byte[],int,int,Context)
org.apache.commons.codec.binary.Base64Test.testByteToStringVariations()	org.apache.commons.codec.binary.Base64.encodeBase64String(byte[])
org.apache.commons.codec.binary.HexTest.testEncodeHexByteArrayHelloWorldUpperCaseHex()	org.apache.commons.codec.binary.StringUtils.getBytesUtf8(String)
org.apache.commons.codec.digest.MessageDigestAlgorithmTest.testDigestFile()	org.apache.commons.codec.digest.MessageDigestAlgorithm.getMessageDigest()
org.apache.commons.codec.digest.HmacUtils.hmacMd5Hex(byte[],InputStream)	org.apache.commons.codec.binary.Hex.encodeHexString(byte[])
org.apache.commons.codec.language.DoubleMetaphone.handleC(String,DoubleMetaphoneResult,int)	org.apache.commons.codec.language.DoubleMetaphone.handleCC(String,DoubleMetaphoneResult,int)
org.apache.commons.codec.binary.Base32Test.testRandomBytesChunked()	org.apache.commons.codec.binary.Base32TestData.randomData(BaseNCodec,int)
org.apache.commons.codec.digest.HmacUtilsTest.testSha256HMac()	org.apache.commons.codec.digest.HmacUtils.hmacSha256Hex(String,String)
org.apache.commons.codec.binary.Base64.encodeBase64URLSafe(byte[])	org.apache.commons.codec.binary.Base64.encodeBase64(byte[],boolean,boolean)
org.apache.commons.codec.digest.HmacUtilsTest.testSha1HMac()	org.apache.commons.codec.digest.HmacUtils.hmacSha1(String,String)
org.apache.commons.codec.language.ColognePhoneticTest.testAabjoe()	org.apache.commons.codec.StringEncoderAbstractTest.checkEncoding(String,String)
org.apache.commons.codec.binary.Base64InputStreamTest.testCodec130()	org.apache.commons.codec.binary.BaseNCodecInputStream.skip(long)
org.apache.commons.codec.binary.Base64Test.testChunkedEncodeMultipleOf76()	org.apache.commons.codec.binary.StringUtils.getBytesUtf8(String)
org.apache.commons.codec.binary.BinaryCodecTest.assertDecodeObject(byte[],String)	org.apache.commons.codec.binary.BinaryCodec.decode(byte[])
org.apache.commons.codec.language.MatchRatingApproachEncoderTest.testCompare_SmallInput_CARK_Kl_SuccessfullyMatched()	org.apache.commons.codec.language.MatchRatingApproachEncoder.isEncodeEquals(String,String)
org.apache.commons.codec.language.bm.BeiderMorseEncoder.setNameType(NameType)	org.apache.commons.codec.language.bm.PhoneticEngine.isConcat()
org.apache.commons.codec.language.bm.BeiderMorseEncoderTest.testSetConcat()	org.apache.commons.codec.language.bm.BeiderMorseEncoder.setConcat(boolean)
org.apache.commons.codec.language.DaitchMokotoffSoundexTest.testEncodeBasic()	org.apache.commons.codec.language.DaitchMokotoffSoundexTest.encode(String)
org.apache.commons.codec.digest.DigestUtils.sha224Hex(ByteBuffer)	org.apache.commons.codec.digest.DigestUtils.sha224(ByteBuffer)
org.apache.commons.codec.binary.Base64Test.testCodeInteger4()	org.apache.commons.codec.binary.Base64.decodeInteger(byte[])
org.apache.commons.codec.net.URLCodecTest.testDecodeInvalid()	org.apache.commons.codec.net.URLCodec.decode(String)
org.apache.commons.codec.language.MatchRatingApproachEncoderTest.testgetMinRating_10_Returns3_Successfully()	org.apache.commons.codec.StringEncoderAbstractTest.getStringEncoder()
org.apache.commons.codec.net.BCodecTest.testEncodeDecodeNull()	org.apache.commons.codec.net.BCodec.encode(String)
org.apache.commons.codec.binary.HexTest.testCustomCharset(String,String)	org.apache.commons.codec.binary.Hex.getCharset()
org.apache.commons.codec.binary.StringUtilsTest.testGetBytesUtf16Be()	org.apache.commons.codec.binary.StringUtilsTest.testGetBytesUnchecked(String)
org.apache.commons.codec.net.RFC1522Codec.decodeText(String)	org.apache.commons.codec.net.RFC1522Codec.getEncoding()
org.apache.commons.codec.language.bm.RuleTest.testPhonemeComparedToSelfIsZero()	org.apache.commons.codec.language.bm.RuleTest.makePhonemes()
org.apache.commons.codec.digest.Md5Crypt.apr1Crypt(String,String)	org.apache.commons.codec.digest.Md5Crypt.apr1Crypt(byte[],String)
org.apache.commons.codec.binary.BaseNCodecOutputStream.write(byte[],int,int)	org.apache.commons.codec.binary.BaseNCodecOutputStream.flush(boolean)
org.apache.commons.codec.net.URLCodec.encode(byte[])	org.apache.commons.codec.net.URLCodec.encodeUrl(BitSet,byte[])
org.apache.commons.codec.net.QCodecTest.testNullInput()	org.apache.commons.codec.net.QCodec.doDecoding(byte[])
org.apache.commons.codec.digest.DigestUtils.md5Hex(File)	org.apache.commons.codec.binary.Hex.encodeHexString(byte[])
org.apache.commons.codec.language.DaitchMokotoffSoundex.soundex(String,boolean)	org.apache.commons.codec.language.DaitchMokotoffSoundex.Branch.processNextReplacement(String,boolean)
org.apache.commons.codec.language.MatchRatingApproachEncoderTest.testCompare_ShortNames_AL_ED_WorksButNoMatch()	org.apache.commons.codec.StringEncoderAbstractTest.getStringEncoder()
org.apache.commons.codec.binary.Base32InputStreamTest.testSkipPastEnd()	org.apache.commons.codec.binary.StringUtils.getBytesIso8859_1(String)
org.apache.commons.codec.digest.Sha2Crypt.sha2Crypt(byte[],String,String,int,String)	org.apache.commons.codec.digest.DigestUtils.getDigest(String)
org.apache.commons.codec.StringEncoderAbstractTest.testEncodeWithInvalidObject()	org.apache.commons.codec.StringEncoderAbstractTest.getStringEncoder()
org.apache.commons.codec.digest.Digest.run(String,MessageDigest)	org.apache.commons.codec.digest.DigestUtils.digest(MessageDigest,File)
org.apache.commons.codec.language.DoubleMetaphone.DoubleMetaphoneResult.append(char,char)	org.apache.commons.codec.language.DoubleMetaphone.DoubleMetaphoneResult.appendAlternate(char)
org.apache.commons.codec.binary.Base32.encode(byte[],int,int,Context)	org.apache.commons.codec.binary.BaseNCodec.ensureBufferSize(int,Context)
org.apache.commons.codec.digest.HmacUtilsTest.testSha1HMac()	org.apache.commons.codec.digest.HmacUtils.hmacSha1(byte[],byte[])
org.apache.commons.codec.digest.Md5Crypt.md5Crypt(byte[])	org.apache.commons.codec.digest.Md5Crypt.md5Crypt(byte[],String)
org.apache.commons.codec.language.NysiisTest.assertEncodings()	org.apache.commons.codec.language.Nysiis.encode(String)
org.apache.commons.codec.language.ColognePhonetic.CologneInputBuffer.addLeft(char)	org.apache.commons.codec.language.ColognePhonetic.CologneInputBuffer.getNextPos()
org.apache.commons.codec.digest.Apr1CryptTest.testApr1CryptStrings()	org.apache.commons.codec.digest.Md5Crypt.apr1Crypt(String,String)
org.apache.commons.codec.digest.DigestUtilsTest.testSha1UpdateWithByteArray()	org.apache.commons.codec.binary.Hex.encodeHexString(byte[])
org.apache.commons.codec.language.bm.Rule.isMatch(CharSequence)	org.apache.commons.codec.language.bm.Rule.contains(CharSequence,char)
org.apache.commons.codec.binary.BinaryCodecTest.testDecodeObject()	org.apache.commons.codec.binary.BinaryCodecTest.assertDecodeObject(byte[],String)
org.apache.commons.codec.net.QuotedPrintableCodecTest.testDecodeWithNullArray()	org.apache.commons.codec.net.QuotedPrintableCodec.decodeQuotedPrintable(byte[])
org.apache.commons.codec.language.bm.BeiderMorseEncoder.setMaxPhonemes(int)	org.apache.commons.codec.language.bm.PhoneticEngine.isConcat()
org.apache.commons.codec.digest.DigestUtilsTest.testSha1UpdateWithString()	org.apache.commons.codec.digest.DigestUtils.updateDigest(MessageDigest,String)
org.apache.commons.codec.digest.DigestUtils.updateDigest(MessageDigest,File)	org.apache.commons.codec.digest.DigestUtils.updateDigest(MessageDigest,InputStream)
org.apache.commons.codec.digest.HmacUtils.hmacMd5(byte[],InputStream)	org.apache.commons.codec.digest.HmacUtils.updateHmac(Mac,InputStream)
org.apache.commons.codec.net.QCodec.encode(String,Charset)	org.apache.commons.codec.net.RFC1522Codec.encodeText(String,Charset)
org.apache.commons.codec.digest.DigestUtils.sha1(InputStream)	org.apache.commons.codec.digest.DigestUtils.getSha1Digest()
org.apache.commons.codec.language.MetaphoneTest.testIsMetaphoneEqualWhite()	org.apache.commons.codec.language.MetaphoneTest.assertIsMetaphoneEqual(String,String[])
org.apache.commons.codec.language.RefinedSoundexTest.testDifference()	org.apache.commons.codec.language.RefinedSoundex.difference(String,String)
org.apache.commons.codec.digest.Md5CryptTest.testMd5CryptExplicitCall()	org.apache.commons.codec.digest.Md5Crypt.md5Crypt(byte[])
org.apache.commons.codec.language.MatchRatingApproachEncoderTest.testisEncodeEquals_CornerCase_SecondNameNothing_ReturnsFalse()	org.apache.commons.codec.language.MatchRatingApproachEncoder.isEncodeEquals(String,String)
org.apache.commons.codec.net.URLCodecTest.testUTF8RoundTrip()	org.apache.commons.codec.net.URLCodecTest.constructString(int[])
org.apache.commons.codec.language.DoubleMetaphone.encode(Object)	org.apache.commons.codec.language.DoubleMetaphone.doubleMetaphone(String)
org.apache.commons.codec.digest.DigestUtils.sha384(ByteBuffer)	org.apache.commons.codec.digest.DigestUtils.getSha384Digest()
org.apache.commons.codec.language.MatchRatingApproachEncoderTest.testCompare_Surname_LEWINSKY_LEVINSKI_SuccessfullyMatched()	org.apache.commons.codec.StringEncoderAbstractTest.getStringEncoder()
org.apache.commons.codec.digest.DigestUtils.sha1Hex(byte[])	org.apache.commons.codec.digest.DigestUtils.sha1(byte[])
org.apache.commons.codec.language.DoubleMetaphone2Test.checkDoubleMetaphone(int,boolean)	org.apache.commons.codec.language.DoubleMetaphone.doubleMetaphone(String,boolean)
org.apache.commons.codec.binary.BaseNCodec.encodeAsString(byte[])	org.apache.commons.codec.binary.StringUtils.newStringUtf8(byte[])
org.apache.commons.codec.digest.DigestUtils.md5(InputStream)	org.apache.commons.codec.digest.DigestUtils.getMd5Digest()
org.apache.commons.codec.binary.HexTest.testRequiredCharset()	org.apache.commons.codec.binary.HexTest.testCustomCharset(String,String)
org.apache.commons.codec.language.DoubleMetaphone.doubleMetaphone(String,boolean)	org.apache.commons.codec.language.DoubleMetaphone.handleG(String,DoubleMetaphoneResult,int,boolean)
org.apache.commons.codec.net.QuotedPrintableCodec.decodeQuotedPrintable(byte[])	org.apache.commons.codec.net.Utils.digit16(byte)
org.apache.commons.codec.binary.StringUtilsTest.testNewStringUtf16()	org.apache.commons.codec.binary.StringUtils.newStringUtf16(byte[])
org.apache.commons.codec.language.MatchRatingApproachEncoderTest.testisEncodeEquals_CornerCase_FirstNameNothing_ReturnsFalse()	org.apache.commons.codec.language.MatchRatingApproachEncoder.isEncodeEquals(String,String)
org.apache.commons.codec.digest.DigestUtils.sha512Hex(File)	org.apache.commons.codec.digest.DigestUtils.sha512(File)
org.apache.commons.codec.language.MatchRatingApproachEncoderTest.testRemoveVowel__AIDAN_Returns_ADN()	org.apache.commons.codec.StringEncoderAbstractTest.getStringEncoder()
org.apache.commons.codec.binary.Base64Test.testIsArrayByteBase64()	org.apache.commons.codec.binary.Base64.isBase64(byte[])
org.apache.commons.codec.binary.Base32TestData.streamToBytes(InputStream)	org.apache.commons.codec.binary.Base32TestData.streamToBytes(InputStream,byte[])
org.apache.commons.codec.digest.HmacUtilsTest.testSha512HMac()	org.apache.commons.codec.digest.HmacUtils.hmacSha512(String,String)
org.apache.commons.codec.language.DoubleMetaphone.handleSC(String,DoubleMetaphoneResult,int)	org.apache.commons.codec.language.DoubleMetaphone.contains(String,int,int,)
org.apache.commons.codec.net.URLCodec.encode(String)	org.apache.commons.codec.net.URLCodec.encode(String,String)
org.apache.commons.codec.language.NysiisTest.testSpecialBranches()	org.apache.commons.codec.language.NysiisTest.encodeAll(String[],String)
org.apache.commons.codec.digest.HmacUtilsTest.testHmacSha1UpdateWithString()	org.apache.commons.codec.digest.HmacUtils.updateHmac(Mac,String)
org.apache.commons.codec.language.MatchRatingApproachEncoderTest.testAccentRemoval_WithSpaces_SuccessfullyRemovedAndSpacesInvariant()	org.apache.commons.codec.StringEncoderAbstractTest.getStringEncoder()
org.apache.commons.codec.language.MetaphoneTest.testMetaphone()	org.apache.commons.codec.StringEncoderAbstractTest.getStringEncoder()
org.apache.commons.codec.net.QCodecTest.testLetUsMakeCloverHappy()	org.apache.commons.codec.net.QCodec.setEncodeBlanks(boolean)
org.apache.commons.codec.language.bm.PhoneticEngine.applyFinalRules(PhonemeBuilder,Map<String, List<Rule>>)	org.apache.commons.codec.language.bm.Rule.Phoneme.getPhonemeText()
org.apache.commons.codec.digest.MessageDigestAlgorithm.isAvailable()	org.apache.commons.codec.digest.DigestUtils.getDigest(String,MessageDigest)
org.apache.commons.codec.language.MatchRatingApproachEncoderTest.testCompare_STEPHEN_STEFAN_SuccessfullyMatched()	org.apache.commons.codec.language.MatchRatingApproachEncoder.isEncodeEquals(String,String)
org.apache.commons.codec.language.DaitchMokotoffSoundex.soundex(String,boolean)	org.apache.commons.codec.language.DaitchMokotoffSoundex.Rule.getPatternLength()
org.apache.commons.codec.language.MetaphoneTest.testDiscardOfSilentGN()	org.apache.commons.codec.StringEncoderAbstractTest.getStringEncoder()
org.apache.commons.codec.binary.Base64.encodeBase64(byte[])	org.apache.commons.codec.binary.Base64.encodeBase64(byte[],boolean)
org.apache.commons.codec.language.DoubleMetaphone.handleSC(String,DoubleMetaphoneResult,int)	org.apache.commons.codec.language.DoubleMetaphone.charAt(String,int)
org.apache.commons.codec.digest.Digest.run(MessageDigestAlgorithm[])	org.apache.commons.codec.digest.MessageDigestAlgorithm.getAlgorithm()
org.apache.commons.codec.digest.DigestUtils.sha256(byte[])	org.apache.commons.codec.digest.DigestUtils.getSha256Digest()
org.apache.commons.codec.language.DoubleMetaphone.handleAEIOUY(DoubleMetaphoneResult,int)	org.apache.commons.codec.language.DoubleMetaphone.DoubleMetaphoneResult.append(char)
org.apache.commons.codec.binary.Base64OutputStreamTest.testBase64OutputStreamByteByByte()	org.apache.commons.codec.binary.Base64TestData.randomData(int,boolean)
org.apache.commons.codec.language.MatchRatingApproachEncoder.isEncodeEquals(String,String)	org.apache.commons.codec.language.MatchRatingApproachEncoder.getMinRating(int)
org.apache.commons.codec.language.bm.BeiderMorseEncoderTest.testLongestEnglishSurname()	org.apache.commons.codec.language.bm.BeiderMorseEncoder.encode(String)
org.apache.commons.codec.digest.MessageDigestAlgorithmTest.testGetMessageDigest()	org.apache.commons.codec.digest.MessageDigestAlgorithm.getAlgorithm()
org.apache.commons.codec.language.DoubleMetaphone.conditionM0(String,int)	org.apache.commons.codec.language.DoubleMetaphone.contains(String,int,int,)
org.apache.commons.codec.binary.Base64Test.testBase64AtBufferStart()	org.apache.commons.codec.binary.Base64Test.testBase64InBuffer(int,int)
org.apache.commons.codec.digest.DigestUtilsTest.testSha1UpdateWithByteArray()	org.apache.commons.codec.digest.DigestUtils.updateDigest(MessageDigest,byte[])
org.apache.commons.codec.binary.Base64Test.testBase64()	org.apache.commons.codec.binary.Base64.encodeBase64(byte[])
org.apache.commons.codec.language.DoubleMetaphone.handleJ(String,DoubleMetaphoneResult,int,boolean)	org.apache.commons.codec.language.DoubleMetaphone.DoubleMetaphoneResult.append(char,char)
org.apache.commons.codec.net.QCodecTest.testNullInput()	org.apache.commons.codec.net.QCodec.doEncoding(byte[])
org.apache.commons.codec.digest.HmacUtils.hmacSha256(byte[],InputStream)	org.apache.commons.codec.digest.HmacUtils.updateHmac(Mac,InputStream)
org.apache.commons.codec.binary.BaseNCodecTest.testIsInAlphabetString()	org.apache.commons.codec.binary.BaseNCodec.isInAlphabet(String)
org.apache.commons.codec.binary.HexTest.testDecodeClassCastException()	org.apache.commons.codec.binary.Hex.decode(Object)
org.apache.commons.codec.digest.HmacUtils.hmacMd5Hex(String,String)	org.apache.commons.codec.binary.Hex.encodeHexString(byte[])
org.apache.commons.codec.language.Soundex.soundex(String)	org.apache.commons.codec.language.SoundexUtils.clean(String)
org.apache.commons.codec.digest.DigestUtilsTest.testMd5LengthForByteBuffer()	org.apache.commons.codec.binary.StringUtils.getByteBufferUtf8(String)
org.apache.commons.codec.digest.DigestUtils.md5(File)	org.apache.commons.codec.digest.DigestUtils.getMd5Digest()
org.apache.commons.codec.language.MatchRatingApproachEncoderTest.testCompareNameNullSpace_ReturnsFalseSuccessfully()	org.apache.commons.codec.StringEncoderAbstractTest.getStringEncoder()
org.apache.commons.codec.net.URLCodecTest.testSafeCharEncodeDecode()	org.apache.commons.codec.net.URLCodecTest.validateState(URLCodec)
org.apache.commons.codec.language.MetaphoneTest.testMetaphone()	org.apache.commons.codec.language.Metaphone.metaphone(String)
org.apache.commons.codec.digest.DigestUtils.sha224(String)	org.apache.commons.codec.digest.DigestUtils.sha224(byte[])
org.apache.commons.codec.language.MatchRatingApproachEncoderTest.testCompare_STEPHEN_STEVEN_SuccessfullyMatched()	org.apache.commons.codec.language.MatchRatingApproachEncoder.isEncodeEquals(String,String)
org.apache.commons.codec.language.MetaphoneTest.testDiscardOfSilentHAfterG()	org.apache.commons.codec.language.Metaphone.metaphone(String)
org.apache.commons.codec.language.Caverphone.caverphone(String)	org.apache.commons.codec.language.Caverphone2.encode(String)
org.apache.commons.codec.binary.Base64Test.testConstructor_Int_ByteArray_Boolean_UrlSafe()	org.apache.commons.codec.binary.StringUtils.newStringUtf8(byte[])
org.apache.commons.codec.net.QuotedPrintableCodec.encode(byte[])	org.apache.commons.codec.net.QuotedPrintableCodec.encodeQuotedPrintable(BitSet,byte[],boolean)
org.apache.commons.codec.digest.DigestUtils.sha1(byte[])	org.apache.commons.codec.digest.DigestUtils.getSha1Digest()
org.apache.commons.codec.language.DoubleMetaphone.doubleMetaphone(String,boolean)	org.apache.commons.codec.language.DoubleMetaphone.handleC(String,DoubleMetaphoneResult,int)
org.apache.commons.codec.language.MatchRatingApproachEncoderTest.testCompareNameToSingleLetter_KARL_C_DoesNotMatch()	org.apache.commons.codec.language.MatchRatingApproachEncoder.isEncodeEquals(String,String)
org.apache.commons.codec.binary.BinaryCodec.toAsciiBytes(byte[])	org.apache.commons.codec.binary.BinaryCodec.isEmpty(byte[])
org.apache.commons.codec.language.DoubleMetaphone.doubleMetaphone(String,boolean)	org.apache.commons.codec.language.DoubleMetaphone.handleR(String,DoubleMetaphoneResult,int,boolean)
org.apache.commons.codec.language.bm.BeiderMorseEncoderTest.testSpeedCheck2()	org.apache.commons.codec.language.bm.BeiderMorseEncoderTest.createGenericApproxEncoder()
org.apache.commons.codec.language.MatchRatingApproachEncoderTest.testCompare_Surname_HAILEY_HALLEY_SuccessfullyMatched()	org.apache.commons.codec.StringEncoderAbstractTest.getStringEncoder()
org.apache.commons.codec.language.bm.PhoneticEngine.encode(String,LanguageSet)	org.apache.commons.codec.language.bm.Rule.getInstanceMap(NameType,RuleType,LanguageSet)
org.apache.commons.codec.digest.DigestUtilsTest.testShaUpdateWithString()	org.apache.commons.codec.digest.DigestUtils.getShaDigest()
org.apache.commons.codec.net.QuotedPrintableCodecTest.testEncodeDecodeNull()	org.apache.commons.codec.net.QuotedPrintableCodec.encode(String)
org.apache.commons.codec.net.QuotedPrintableCodec.encodeByte(int,boolean,ByteArrayOutputStream)	org.apache.commons.codec.net.QuotedPrintableCodec.encodeQuotedPrintable(int,ByteArrayOutputStream)
org.apache.commons.codec.digest.DigestUtilsTest.testMd5HexLengthForByteBuffer()	org.apache.commons.codec.digest.DigestUtils.md5Hex(ByteBuffer)
org.apache.commons.codec.digest.HmacUtilsTest.testHmacSha1UpdateWithInpustream()	org.apache.commons.codec.binary.Hex.encodeHexString(byte[])
org.apache.commons.codec.binary.Base64TestData.randomData(int,boolean)	org.apache.commons.codec.binary.Base64.encodeBase64URLSafe(byte[])
org.apache.commons.codec.binary.Base64.encodeInteger(BigInteger)	org.apache.commons.codec.binary.Base64.toIntegerBytes(BigInteger)
org.apache.commons.codec.binary.HexTest.testEncodeHexByteBufferZeroes()	org.apache.commons.codec.binary.Hex.encodeHex(ByteBuffer)
org.apache.commons.codec.language.MatchRatingApproachEncoderTest.testCompare_BURNS_BOURNE_SuccessfullyMatched()	org.apache.commons.codec.language.MatchRatingApproachEncoder.isEncodeEquals(String,String)
org.apache.commons.codec.language.MatchRatingApproachEncoderTest.testCompare_Surname_COOPERFLYNN_SUPERLYN_SuccessfullyMatched()	org.apache.commons.codec.StringEncoderAbstractTest.getStringEncoder()
org.apache.commons.codec.language.DoubleMetaphoneTest.testCodec184()	org.apache.commons.codec.language.DoubleMetaphone.isDoubleMetaphoneEqual(String,String,boolean)
org.apache.commons.codec.language.MatchRatingApproachEncoderTest.testCompare_Surname_MOSKOWITZ_MOSKOVITZ_SuccessfullyMatched()	org.apache.commons.codec.language.MatchRatingApproachEncoder.isEncodeEquals(String,String)
org.apache.commons.codec.binary.Base64Test.testHugeLineSeparator()	org.apache.commons.codec.binary.BaseNCodec.encode(byte[])
org.apache.commons.codec.language.DoubleMetaphoneTest.assertDoubleMetaphoneAlt(String,String)	org.apache.commons.codec.language.DoubleMetaphone.doubleMetaphone(String,boolean)
org.apache.commons.codec.language.bm.BeiderMorseEncoderTest.testSetConcat()	org.apache.commons.codec.language.bm.BeiderMorseEncoder.isConcat()
org.apache.commons.codec.binary.BaseNCodec.encode(byte[],int,int)	org.apache.commons.codec.binary.BaseNCodec.readResults(byte[],int,int,Context)
org.apache.commons.codec.binary.Base32OutputStreamTest.testWriteToNullCoverage()	org.apache.commons.codec.binary.BaseNCodecOutputStream.write(byte[],int,int)
org.apache.commons.codec.digest.DigestUtils.getSha512Digest()	org.apache.commons.codec.digest.MessageDigestAlgorithm.getMessageDigest()
org.apache.commons.codec.binary.Base64Test.testPairs()	org.apache.commons.codec.binary.Base64.encodeBase64(byte[])
org.apache.commons.codec.language.DoubleMetaphone2Test.testDoubleMetaphonePrimary()	org.apache.commons.codec.language.DoubleMetaphone2Test.checkDoubleMetaphone(int,boolean)
org.apache.commons.codec.net.QuotedPrintableCodecTest.testSoftLineBreakDecode()	org.apache.commons.codec.net.QuotedPrintableCodec.decode(String)
org.apache.commons.codec.binary.Base64InputStreamTest.testSkipToEnd()	org.apache.commons.codec.binary.BaseNCodecInputStream.skip(long)
org.apache.commons.codec.digest.DigestUtilsTest.testMd2Hex()	org.apache.commons.codec.digest.DigestUtils.md2Hex(String)
org.apache.commons.codec.binary.BinaryCodec.toAsciiChars(byte[])	org.apache.commons.codec.binary.BinaryCodec.isEmpty(byte[])
org.apache.commons.codec.language.bm.BeiderMorseEncoderTest.testAsciiEncodeNotEmpty2Letters()	org.apache.commons.codec.language.bm.BeiderMorseEncoderTest.assertNotEmpty(BeiderMorseEncoder,String)
org.apache.commons.codec.language.DaitchMokotoffSoundex.parseRules(Scanner,String,Map<Character, List<Rule>>,Map<Character, Character>)	org.apache.commons.codec.language.DaitchMokotoffSoundex.stripQuotes(String)
org.apache.commons.codec.binary.Base64Test.testObjectEncode()	org.apache.commons.codec.binary.BaseNCodec.encode(byte[])
org.apache.commons.codec.net.QuotedPrintableCodecTest.testDecodeStringWithNull()	org.apache.commons.codec.net.QuotedPrintableCodec.decode(String,String)
org.apache.commons.codec.language.NysiisTest.testSnad()	org.apache.commons.codec.language.NysiisTest.encodeAll(String[],String)
org.apache.commons.codec.language.DoubleMetaphoneTest.testCCedilla()	org.apache.commons.codec.StringEncoderAbstractTest.getStringEncoder()
org.apache.commons.codec.binary.Base32Test.testBase32HexSamples()	org.apache.commons.codec.binary.BaseNCodec.encodeAsString(byte[])
org.apache.commons.codec.digest.HmacUtils.hmacSha512Hex(byte[],byte[])	org.apache.commons.codec.binary.Hex.encodeHexString(byte[])
org.apache.commons.codec.language.Caverphone2Test.testIsCaverphoneEquals()	org.apache.commons.codec.language.AbstractCaverphone.isEncodeEqual(String,String)
org.apache.commons.codec.binary.Base32Test.testRandomBytes()	org.apache.commons.codec.binary.Base32TestData.randomData(BaseNCodec,int)
org.apache.commons.codec.net.QuotedPrintableCodec.encode(String)	org.apache.commons.codec.net.QuotedPrintableCodec.encode(String,Charset)
org.apache.commons.codec.digest.DigestUtilsTest.testSha512HexInputStream()	org.apache.commons.codec.digest.DigestUtils.sha512Hex(byte[])
org.apache.commons.codec.binary.Base64Codec13Test.testStaticEncodeChunked()	org.apache.commons.codec.binary.Base64.encodeBase64Chunked(byte[])
org.apache.commons.codec.binary.Base64.decodeBase64(String)	org.apache.commons.codec.binary.BaseNCodec.decode(String)
org.apache.commons.codec.binary.Base64Test.testRfc4648Section10DecodeWithCrLf()	org.apache.commons.codec.binary.StringUtils.newStringUsAscii(byte[])
org.apache.commons.codec.digest.Sha256CryptTest.testSha256CryptWithEmptySalt()	org.apache.commons.codec.digest.Sha2Crypt.sha256Crypt(byte[],String)
org.apache.commons.codec.binary.Hex.decodeHex(char[])	org.apache.commons.codec.binary.Hex.toDigit(char,int)
org.apache.commons.codec.language.bm.BeiderMorseEncoderTest.createGenericApproxEncoder()	org.apache.commons.codec.language.bm.BeiderMorseEncoder.setRuleType(RuleType)
org.apache.commons.codec.digest.Digest.println(String,byte[])	org.apache.commons.codec.binary.Hex.encodeHexString(byte[])
org.apache.commons.codec.language.DoubleMetaphoneTest.testSetMaxCodeLength()	org.apache.commons.codec.language.DoubleMetaphone.getMaxCodeLen()
org.apache.commons.codec.language.MetaphoneTest.testPHTOF()	org.apache.commons.codec.StringEncoderAbstractTest.getStringEncoder()
org.apache.commons.codec.binary.Base32InputStreamTest.testSkipWrongArgument()	org.apache.commons.codec.binary.StringUtils.getBytesIso8859_1(String)
org.apache.commons.codec.language.DoubleMetaphone.doubleMetaphone(String,boolean)	org.apache.commons.codec.language.DoubleMetaphone.handleW(String,DoubleMetaphoneResult,int)
org.apache.commons.codec.language.Soundex.encode(String)	org.apache.commons.codec.language.Soundex.soundex(String)
org.apache.commons.codec.binary.Base32TestData.randomData(BaseNCodec,int)	org.apache.commons.codec.binary.BaseNCodec.encode(byte[])
org.apache.commons.codec.StringEncoderAbstractTest.testEncodeEmpty()	org.apache.commons.codec.Encoder.encode(Object)
org.apache.commons.codec.binary.Base64InputStreamTest.testBase64InputStreamByteByByte()	org.apache.commons.codec.binary.StringUtils.getBytesUtf8(String)
org.apache.commons.codec.language.SoundexTest.testEncodeBatch4()	org.apache.commons.codec.StringEncoderAbstractTest.getStringEncoder()
org.apache.commons.codec.binary.BaseNCodec.encodeToString(byte[])	org.apache.commons.codec.binary.BaseNCodec.encode(byte[])
org.apache.commons.codec.digest.Digest.run(String,MessageDigestAlgorithm)	org.apache.commons.codec.digest.Digest.run(String,MessageDigest)
org.apache.commons.codec.net.URLCodec.decodeUrl(byte[])	org.apache.commons.codec.net.Utils.digit16(byte)
org.apache.commons.codec.language.bm.BeiderMorseEncoderTest.testSetNameTypeAsh()	org.apache.commons.codec.language.bm.BeiderMorseEncoder.setNameType(NameType)
org.apache.commons.codec.language.DoubleMetaphone.doubleMetaphone(String,boolean)	org.apache.commons.codec.language.DoubleMetaphone.DoubleMetaphoneResult.getAlternate()
org.apache.commons.codec.net.QCodecTest.testBasicEncodeDecode()	org.apache.commons.codec.net.QCodec.decode(String)
org.apache.commons.codec.binary.Base64Test.testDecodePadMarkerIndex3()	org.apache.commons.codec.binary.Base64.decodeBase64(byte[])
org.apache.commons.codec.binary.Base64TestData.streamToBytes(InputStream)	org.apache.commons.codec.binary.Base64TestData.streamToBytes(InputStream,byte[])
org.apache.commons.codec.binary.BaseNCodec.ensureBufferSize(int,Context)	org.apache.commons.codec.binary.BaseNCodec.resizeBuffer(Context)
org.apache.commons.codec.binary.Hex.encodeHex(ByteBuffer)	org.apache.commons.codec.binary.Hex.encodeHex(ByteBuffer,boolean)
org.apache.commons.codec.digest.DigestUtils.sha384(File)	org.apache.commons.codec.digest.DigestUtils.digest(MessageDigest,File)
org.apache.commons.codec.digest.DigestUtilsTest.testSha1Hex()	org.apache.commons.codec.digest.DigestUtils.sha1Hex(InputStream)
org.apache.commons.codec.digest.DigestUtils.sha384Hex(InputStream)	org.apache.commons.codec.digest.DigestUtils.sha384(InputStream)
org.apache.commons.codec.digest.DigestUtils.sha384Hex(InputStream)	org.apache.commons.codec.binary.Hex.encodeHexString(byte[])
org.apache.commons.codec.binary.Base32InputStreamTest.testSkipToEnd()	org.apache.commons.codec.binary.BaseNCodecInputStream.read()
org.apache.commons.codec.language.bm.CacheSubSequencePerformanceTest.test()	org.apache.commons.codec.language.bm.CacheSubSequencePerformanceTest.test(CharSequence,int)
org.apache.commons.codec.digest.DigestUtilsTest.testShaHex()	org.apache.commons.codec.digest.DigestUtils.shaHex(String)
org.apache.commons.codec.binary.Base64Test.testObjectEncodeWithValidParameter()	org.apache.commons.codec.binary.BaseNCodec.encode(Object)
org.apache.commons.codec.digest.DigestUtils.sha224Hex(File)	org.apache.commons.codec.binary.Hex.encodeHexString(byte[])
org.apache.commons.codec.binary.Base64Codec13Test.testDecoder()	org.apache.commons.codec.binary.Base64Codec13Test.utf8(String)
org.apache.commons.codec.language.bm.Rule.getInstance(NameType,RuleType,String)	org.apache.commons.codec.language.bm.Rule.getInstance(NameType,RuleType,LanguageSet)
org.apache.commons.codec.language.DaitchMokotoffSoundex.Rule.getReplacements(String,boolean)	org.apache.commons.codec.language.DaitchMokotoffSoundex.Rule.isVowel(char)
org.apache.commons.codec.binary.Base64InputStreamTest.testReadOutOfBounds()	org.apache.commons.codec.binary.BaseNCodecInputStream.read(byte[],int,int)
org.apache.commons.codec.binary.Base64.encodeBase64String(byte[])	org.apache.commons.codec.binary.StringUtils.newStringUtf8(byte[])
org.apache.commons.codec.language.MatchRatingApproachEncoder.encode(String)	org.apache.commons.codec.language.MatchRatingApproachEncoder.removeVowels(String)
org.apache.commons.codec.digest.DigestUtils.sha224(ByteBuffer)	org.apache.commons.codec.digest.DigestUtils.digest(MessageDigest,ByteBuffer)
org.apache.commons.codec.BinaryEncoderAbstractTest.testEncodeEmpty()	org.apache.commons.codec.BinaryEncoder.encode(byte[])
org.apache.commons.codec.binary.HexTest.testEncodeHexByteBufferHelloWorldUpperCaseHex()	org.apache.commons.codec.binary.Hex.encodeHex(ByteBuffer,boolean)
org.apache.commons.codec.language.MatchRatingApproachEncoderTest.testCompare_PETERSON_PETERS_SuccessfullyMatched()	org.apache.commons.codec.language.MatchRatingApproachEncoder.isEncodeEquals(String,String)
org.apache.commons.codec.language.DoubleMetaphone.handleR(String,DoubleMetaphoneResult,int,boolean)	org.apache.commons.codec.language.DoubleMetaphone.charAt(String,int)
org.apache.commons.codec.language.MatchRatingApproachEncoderTest.testAccentRemoval_NINO_NoChange()	org.apache.commons.codec.language.MatchRatingApproachEncoder.removeAccents(String)
org.apache.commons.codec.language.DoubleMetaphone.handleG(String,DoubleMetaphoneResult,int,boolean)	org.apache.commons.codec.language.DoubleMetaphone.isVowel(char)
org.apache.commons.codec.binary.Base32Test.testBase64AtBufferMiddle()	org.apache.commons.codec.binary.Base32Test.testBase64InBuffer(int,int)
org.apache.commons.codec.binary.HexTest.testCustomCharset(String,String)	org.apache.commons.codec.binary.HexTest.log(String)
org.apache.commons.codec.language.SoundexTest.testHWRuleEx3()	org.apache.commons.codec.StringEncoderAbstractTest.checkEncodingVariations(String,String[])
org.apache.commons.codec.binary.Base64InputStreamTest.testCodec98NPE()	org.apache.commons.codec.binary.StringUtils.newStringUtf8(byte[])
org.apache.commons.codec.binary.HexTest.testEncodeHexByteArrayZeroes()	org.apache.commons.codec.binary.Hex.encodeHex(byte[])
org.apache.commons.codec.binary.HexTest.testDecodeHexStringEmpty()	org.apache.commons.codec.binary.Hex.decodeHex(String)
org.apache.commons.codec.binary.Base64InputStreamTest.testCodec130()	org.apache.commons.codec.binary.Base64TestData.streamToBytes(InputStream,byte[])
org.apache.commons.codec.digest.DigestUtilsTest.testSha256()	org.apache.commons.codec.digest.DigestUtils.sha256Hex(byte[])
org.apache.commons.codec.digest.HmacUtilsTest.testSha1HMac()	org.apache.commons.codec.digest.HmacUtils.hmacSha1Hex(String,String)
org.apache.commons.codec.binary.Base32Test.testBase64InBuffer(int,int)	org.apache.commons.codec.binary.StringUtils.newStringUtf8(byte[])
org.apache.commons.codec.binary.Base64Test.testDecodeWithInnerPad()	org.apache.commons.codec.binary.StringUtils.getBytesUtf8(String)
org.apache.commons.codec.binary.HexTest.testDecodeBadCharacterPos1()	org.apache.commons.codec.binary.Hex.decode(Object)
org.apache.commons.codec.digest.Apr1CryptTest.testApr1CryptWithoutSalt()	org.apache.commons.codec.digest.Md5Crypt.apr1Crypt(String)
org.apache.commons.codec.language.NysiisTest.testRule4Dot1()	org.apache.commons.codec.language.NysiisTest.assertEncodings()
org.apache.commons.codec.language.SoundexUtils.difference(StringEncoder,String,String)	org.apache.commons.codec.language.SoundexUtils.differenceEncoded(String,String)
org.apache.commons.codec.digest.HmacUtilsTest.testGetHMac()	org.apache.commons.codec.digest.HmacUtils.getHmacMd5(byte[])
org.apache.commons.codec.binary.Base64Test.testCodec112()	org.apache.commons.codec.binary.Base64.encodeBase64(byte[],boolean,boolean,int)
org.apache.commons.codec.binary.StringUtilsTest.testGetBytesUtf16()	org.apache.commons.codec.binary.StringUtils.getBytesUtf16(String)
org.apache.commons.codec.language.DoubleMetaphone.handleX(String,DoubleMetaphoneResult,int)	org.apache.commons.codec.language.DoubleMetaphone.contains(String,int,int,)
org.apache.commons.codec.language.Caverphone1Test.testEndMb()	org.apache.commons.codec.StringEncoderAbstractTest.checkEncodings(String[][])
org.apache.commons.codec.digest.DigestUtils.sha1Hex(String)	org.apache.commons.codec.digest.DigestUtils.sha1(String)
org.apache.commons.codec.net.QuotedPrintableCodec.decode(byte[])	org.apache.commons.codec.net.QuotedPrintableCodec.decodeQuotedPrintable(byte[])
org.apache.commons.codec.net.QCodec.encode(String)	org.apache.commons.codec.net.QCodec.encode(String,Charset)
org.apache.commons.codec.binary.Base32InputStreamTest.testBase32InputStreamByteByByte()	org.apache.commons.codec.binary.StringUtils.getBytesUtf8(String)
org.apache.commons.codec.binary.Base64InputStreamTest.testBase64EmptyInputStreamMimeChuckSize()	org.apache.commons.codec.binary.Base64InputStreamTest.testBase64EmptyInputStream(int)
org.apache.commons.codec.digest.DigestUtilsTest.testMd2Hex()	org.apache.commons.codec.digest.DigestUtils.md2Hex(ByteBuffer)
org.apache.commons.codec.binary.BinaryCodec.encode(byte[])	org.apache.commons.codec.binary.BinaryCodec.toAsciiBytes(byte[])
org.apache.commons.codec.binary.Base64OutputStreamTest.testCodec98NPE()	org.apache.commons.codec.binary.StringUtils.getBytesUtf8(String)
org.apache.commons.codec.language.Nysiis.nysiis(String)	org.apache.commons.codec.language.Nysiis.transcodeRemaining(char,char,char,char)
org.apache.commons.codec.language.bm.BeiderMorseEncoderTest.testSetNameTypeAsh()	org.apache.commons.codec.language.bm.BeiderMorseEncoder.getNameType()
org.apache.commons.codec.language.MatchRatingApproachEncoderTest.testCompare_CATHERINE_KATHRYN_SuccessfullyMatched()	org.apache.commons.codec.StringEncoderAbstractTest.getStringEncoder()
org.apache.commons.codec.digest.HmacUtilsTest.testSha1HMacFail()	org.apache.commons.codec.digest.HmacUtils.hmacSha1(byte[],byte[])
org.apache.commons.codec.digest.MessageDigestAlgorithmTest.testDigestByteBuffer()	org.apache.commons.codec.digest.MessageDigestAlgorithmTest.getTestData()
org.apache.commons.codec.digest.DigestUtils.sha384(InputStream)	org.apache.commons.codec.digest.DigestUtils.getSha384Digest()
org.apache.commons.codec.digest.DigestUtilsTest.testSha512()	org.apache.commons.codec.binary.StringUtils.getBytesUtf8(String)
org.apache.commons.codec.language.MetaphoneTest.testIsMetaphoneEqualJohn()	org.apache.commons.codec.language.MetaphoneTest.assertIsMetaphoneEqual(String,String[])
org.apache.commons.codec.digest.MessageDigestAlgorithmTest.testDigestFile()	org.apache.commons.codec.digest.MessageDigestAlgorithm.digest(File)
org.apache.commons.codec.binary.Base64.encodeBase64URLSafeString(byte[])	org.apache.commons.codec.binary.StringUtils.newStringUtf8(byte[])
org.apache.commons.codec.digest.DigestUtils.sha224(String)	org.apache.commons.codec.binary.StringUtils.getBytesUtf8(String)
org.apache.commons.codec.language.ColognePhonetic.colognePhonetic(String)	org.apache.commons.codec.language.ColognePhonetic.CologneOutputBuffer.addRight(char)
org.apache.commons.codec.digest.DigestUtilsTest.testMd2HexLength()	org.apache.commons.codec.digest.DigestUtils.md2Hex(byte[])
org.apache.commons.codec.digest.PureJavaCrc32Test.PerformanceTest.main(String[])	org.apache.commons.codec.digest.PureJavaCrc32Test.PerformanceTest.doBench(List<Class<Checksum>>,PrintStream)
org.apache.commons.codec.language.SoundexTest.testDifference()	org.apache.commons.codec.StringEncoderAbstractTest.getStringEncoder()
org.apache.commons.codec.language.MetaphoneTest.assertIsMetaphoneEqual(String,String[])	org.apache.commons.codec.language.Metaphone.isMetaphoneEqual(String,String)
org.apache.commons.codec.language.MetaphoneTest.testPHTOF()	org.apache.commons.codec.language.Metaphone.metaphone(String)
org.apache.commons.codec.binary.HexTest.testEncodeHexByteBufferEmpty()	org.apache.commons.codec.binary.Hex.encode(ByteBuffer)
org.apache.commons.codec.language.DoubleMetaphone.handleH(String,DoubleMetaphoneResult,int)	org.apache.commons.codec.language.DoubleMetaphone.isVowel(char)
org.apache.commons.codec.digest.Md5CryptTest.testMd5CryptNullData()	org.apache.commons.codec.digest.Md5Crypt.md5Crypt(byte[])
org.apache.commons.codec.net.QuotedPrintableCodecTest.testSkipNotEncodedCRLF()	org.apache.commons.codec.net.QuotedPrintableCodec.encode(String)
org.apache.commons.codec.language.RefinedSoundexTest.testNewInstance3()	org.apache.commons.codec.language.RefinedSoundex.soundex(String)
org.apache.commons.codec.net.BCodecTest.testDecodeStringWithNull()	org.apache.commons.codec.net.BCodec.decode(String)
org.apache.commons.codec.binary.Base64Test.testObjectDecodeWithValidParameter()	org.apache.commons.codec.binary.BaseNCodec.decode(Object)
org.apache.commons.codec.net.QCodecTest.testDecodeObjects()	org.apache.commons.codec.net.QCodec.decode(Object)
org.apache.commons.codec.language.MatchRatingApproachEncoderTest.testIsVowel_SmallD_ReturnsFalse()	org.apache.commons.codec.language.MatchRatingApproachEncoder.isVowel(String)
org.apache.commons.codec.language.DoubleMetaphone.doubleMetaphone(String,boolean)	org.apache.commons.codec.language.DoubleMetaphone.DoubleMetaphoneResult.isComplete()
org.apache.commons.codec.binary.HexTest.testEncodeHexByteBufferHelloWorldLowerCaseHex()	org.apache.commons.codec.binary.StringUtils.getByteBufferUtf8(String)
org.apache.commons.codec.language.DoubleMetaphoneTest.testSetMaxCodeLength()	org.apache.commons.codec.language.DoubleMetaphone.setMaxCodeLen(int)
org.apache.commons.codec.digest.DigestUtils.sha256(File)	org.apache.commons.codec.digest.DigestUtils.getSha256Digest()
org.apache.commons.codec.language.MatchRatingApproachEncoderTest.testAccentRemoval_NINO_NoChange()	org.apache.commons.codec.StringEncoderAbstractTest.getStringEncoder()
org.apache.commons.codec.net.URLCodecTest.testDefaultEncoding()	org.apache.commons.codec.net.URLCodec.encode(String,String)
org.apache.commons.codec.binary.BaseNCodecOutputStream.write(byte[],int,int)	org.apache.commons.codec.binary.BaseNCodec.decode(byte[],int,int,Context)
org.apache.commons.codec.digest.HmacUtilsTest.testSha256HMac()	org.apache.commons.codec.digest.HmacUtils.hmacSha256(byte[],InputStream)
org.apache.commons.codec.digest.HmacUtilsTest.testNullKey()	org.apache.commons.codec.digest.HmacUtils.getHmacMd5(byte[])
org.apache.commons.codec.language.SoundexTest.testMsSqlServer1()	org.apache.commons.codec.language.Soundex.encode(String)
org.apache.commons.codec.binary.Base64Test.testUUID()	org.apache.commons.codec.binary.Base64.encodeBase64URLSafe(byte[])
org.apache.commons.codec.binary.Base64InputStreamTest.testAvailable()	org.apache.commons.codec.binary.BaseNCodecInputStream.available()
org.apache.commons.codec.digest.DigestUtilsTest.testSha1UpdateWithString()	org.apache.commons.codec.binary.Hex.encodeHexString(byte[])
org.apache.commons.codec.digest.Md5CryptTest.testMd5CryptWithEmptySalt()	org.apache.commons.codec.digest.Md5Crypt.md5Crypt(byte[],String)
org.apache.commons.codec.language.DoubleMetaphoneTest.testIsDoubleMetaphoneEqualExtended2()	org.apache.commons.codec.language.DoubleMetaphoneTest.doubleMetaphoneEqualTest(String[][],boolean)
org.apache.commons.codec.digest.HmacUtils.getHmacSha384(byte[])	org.apache.commons.codec.digest.HmacUtils.getInitializedMac(HmacAlgorithms,byte[])
org.apache.commons.codec.digest.DigestUtils.sha1Hex(String)	org.apache.commons.codec.binary.Hex.encodeHexString(byte[])
org.apache.commons.codec.language.bm.BeiderMorseEncoder.setConcat(boolean)	org.apache.commons.codec.language.bm.PhoneticEngine.getMaxPhonemes()
org.apache.commons.codec.language.DoubleMetaphone.handleCC(String,DoubleMetaphoneResult,int)	org.apache.commons.codec.language.DoubleMetaphone.charAt(String,int)
org.apache.commons.codec.binary.HexTest.testEncodeClassCastException()	org.apache.commons.codec.binary.Hex.encode(Object)
org.apache.commons.codec.net.QCodecTest.testUTF8RoundTrip()	org.apache.commons.codec.net.QCodec.decode(String)
org.apache.commons.codec.language.MatchRatingApproachEncoder.encode(String)	org.apache.commons.codec.language.MatchRatingApproachEncoder.cleanName(String)
org.apache.commons.codec.language.SoundexTest.testB650()	org.apache.commons.codec.StringEncoderAbstractTest.checkEncodingVariations(String,String[])
org.apache.commons.codec.language.MatchRatingApproachEncoderTest.testleftTorightThenRightToLeft_ALEXANDER_ALEXANDRA_Returns4()	org.apache.commons.codec.language.MatchRatingApproachEncoder.leftToRightThenRightToLeftProcessing(String,String)
org.apache.commons.codec.binary.StringUtilsTest.testGetBytesUtf16()	org.apache.commons.codec.binary.StringUtilsTest.testGetBytesUnchecked(String)
org.apache.commons.codec.language.DoubleMetaphone.handleS(String,DoubleMetaphoneResult,int,boolean)	org.apache.commons.codec.language.DoubleMetaphone.DoubleMetaphoneResult.append(char,char)
org.apache.commons.codec.language.MatchRatingApproachEncoderTest.testAccentRemoval_WithSpaces_SuccessfullyRemovedAndSpacesInvariant()	org.apache.commons.codec.language.MatchRatingApproachEncoder.removeAccents(String)
org.apache.commons.codec.language.MatchRatingApproachEncoderTest.testAccentRemoval_GerSpanFrenMix_SuccessfullyRemoved()	org.apache.commons.codec.StringEncoderAbstractTest.getStringEncoder()
org.apache.commons.codec.net.URLCodecTest.testUnsafeEncodeDecode()	org.apache.commons.codec.net.URLCodec.decode(String)
org.apache.commons.codec.digest.DigestUtils.md5Hex(InputStream)	org.apache.commons.codec.digest.DigestUtils.md5(InputStream)
org.apache.commons.codec.digest.DigestUtils.md2(String)	org.apache.commons.codec.binary.StringUtils.getBytesUtf8(String)
org.apache.commons.codec.binary.HexTest.charsetSanityCheck(String)	org.apache.commons.codec.binary.HexTest.log(String)
org.apache.commons.codec.language.ColognePhonetic.encode(String)	org.apache.commons.codec.language.ColognePhonetic.colognePhonetic(String)
org.apache.commons.codec.language.MetaphoneTest.testSHAndSIOAndSIAToX()	org.apache.commons.codec.language.Metaphone.metaphone(String)
org.apache.commons.codec.language.DoubleMetaphone.handleD(String,DoubleMetaphoneResult,int)	org.apache.commons.codec.language.DoubleMetaphone.contains(String,int,int,)
org.apache.commons.codec.language.MetaphoneTest.testTranslateOfSCHAndCH()	org.apache.commons.codec.language.Metaphone.metaphone(String)
org.apache.commons.codec.binary.Base64Test.testUrlSafe()	org.apache.commons.codec.binary.Base64.decodeBase64(byte[])
org.apache.commons.codec.binary.Base32InputStreamTest.testBase32InputStreamByChunk()	org.apache.commons.codec.binary.StringUtils.getBytesUtf8(String)
org.apache.commons.codec.net.QCodecTest.testEncodeDecodeBlanks()	org.apache.commons.codec.net.QCodec.decode(String)
org.apache.commons.codec.binary.Base64Test.testEncodeDecodeRandom()	org.apache.commons.codec.binary.Base64.isBase64(byte[])
org.apache.commons.codec.language.MatchRatingApproachEncoderTest.testisEncodeEquals_CornerCase_FirstNameJustSpace_ReturnsFalse()	org.apache.commons.codec.language.MatchRatingApproachEncoder.isEncodeEquals(String,String)
org.apache.commons.codec.digest.DigestUtils.md2(ByteBuffer)	org.apache.commons.codec.digest.DigestUtils.getMd2Digest()
org.apache.commons.codec.binary.Base64Test.testDecodeEncode(String)	org.apache.commons.codec.binary.Base64.encodeBase64String(byte[])
org.apache.commons.codec.language.MetaphoneTest.testIsMetaphoneEqualSusan()	org.apache.commons.codec.language.MetaphoneTest.assertIsMetaphoneEqual(String,String[])
org.apache.commons.codec.digest.Sha512CryptTest.testSha512CryptExplicitCall()	org.apache.commons.codec.digest.Sha2Crypt.sha512Crypt(byte[],String)
org.apache.commons.codec.digest.HmacUtilsTest.testInternalNoSuchAlgorithmException()	org.apache.commons.codec.digest.HmacUtils.getInitializedMac(String,byte[])
org.apache.commons.codec.digest.PureJavaCrc32Test.Table.toString()	org.apache.commons.codec.digest.PureJavaCrc32Test.Table.toStrings(String)
org.apache.commons.codec.binary.HexTest.testEncodeByteBufferEmpty()	org.apache.commons.codec.binary.Hex.encode(ByteBuffer)
org.apache.commons.codec.net.QCodecTest.testEncodeDecodeNull()	org.apache.commons.codec.net.QCodec.encode(String)
org.apache.commons.codec.language.bm.PhoneticEngine.applyFinalRules(PhonemeBuilder,Map<String, List<Rule>>)	org.apache.commons.codec.language.bm.PhoneticEngine.PhonemeBuilder.append(CharSequence)
org.apache.commons.codec.language.MatchRatingApproachEncoderTest.testRemoveVowel__DECLAN_Returns_DCLN()	org.apache.commons.codec.StringEncoderAbstractTest.getStringEncoder()
org.apache.commons.codec.binary.StringUtilsTest.testNewStringUtf16()	org.apache.commons.codec.binary.StringUtilsTest.testNewString(String)
org.apache.commons.codec.language.DoubleMetaphone.doubleMetaphone(String,boolean)	org.apache.commons.codec.language.DoubleMetaphone.handleS(String,DoubleMetaphoneResult,int,boolean)
org.apache.commons.codec.language.DoubleMetaphone.handleR(String,DoubleMetaphoneResult,int,boolean)	org.apache.commons.codec.language.DoubleMetaphone.DoubleMetaphoneResult.appendAlternate(char)
org.apache.commons.codec.binary.Base64OutputStreamTest.testWriteToNullCoverage()	org.apache.commons.codec.binary.BaseNCodecOutputStream.write(byte[],int,int)
org.apache.commons.codec.language.MetaphoneTest.testIsMetaphoneEqualKnight()	org.apache.commons.codec.language.MetaphoneTest.assertIsMetaphoneEqual(String,String[])
org.apache.commons.codec.language.DaitchMokotoffSoundex.soundex(String,boolean)	org.apache.commons.codec.language.DaitchMokotoffSoundex.Rule.matches(String)
org.apache.commons.codec.binary.Base64Test.testStringToByteVariations()	org.apache.commons.codec.binary.Base64.decodeBase64(String)
org.apache.commons.codec.language.NysiisTest.testCap()	org.apache.commons.codec.language.NysiisTest.encodeAll(String[],String)
org.apache.commons.codec.digest.HmacUtilsTest.testSha384HMac()	org.apache.commons.codec.digest.HmacUtils.hmacSha384(byte[],byte[])
org.apache.commons.codec.digest.DigestUtils.sha224Hex(String)	org.apache.commons.codec.digest.DigestUtils.sha224(String)
org.apache.commons.codec.language.DoubleMetaphone.doubleMetaphone(String,boolean)	org.apache.commons.codec.language.DoubleMetaphone.handleT(String,DoubleMetaphoneResult,int)
org.apache.commons.codec.language.bm.PhoneticEngineTest.testEncode()	org.apache.commons.codec.language.bm.PhoneticEngine.encode(String)
org.apache.commons.codec.language.RefinedSoundexTest.testGetMappingCodeNonLetter()	org.apache.commons.codec.StringEncoderAbstractTest.getStringEncoder()
org.apache.commons.codec.binary.Base64Test.testByteToStringVariations()	org.apache.commons.codec.binary.Hex.decodeHex(String)
org.apache.commons.codec.language.bm.BeiderMorseEncoderTest.testInvalidLangIllegalStateException()	org.apache.commons.codec.language.bm.Languages.getInstance(NameType)
org.apache.commons.codec.binary.Hex.encodeHex(ByteBuffer,boolean)	org.apache.commons.codec.binary.Hex.encodeHex(ByteBuffer,char[])
org.apache.commons.codec.digest.HmacUtils.hmacSha256Hex(byte[],byte[])	org.apache.commons.codec.binary.Hex.encodeHexString(byte[])
org.apache.commons.codec.digest.DigestUtils.sha224Hex(byte[])	org.apache.commons.codec.binary.Hex.encodeHexString(byte[])
org.apache.commons.codec.language.bm.BeiderMorseEncoderTest.testInvalidLanguageIllegalArgumentException()	org.apache.commons.codec.language.bm.Languages.getInstance(String)
org.apache.commons.codec.digest.DigestUtils.md2Hex(String)	org.apache.commons.codec.binary.Hex.encodeHexString(byte[])
org.apache.commons.codec.net.URLCodec.encode(String,String)	org.apache.commons.codec.net.URLCodec.encode(byte[])
org.apache.commons.codec.digest.UnixCryptTest.testUnixCryptNullData()	org.apache.commons.codec.digest.UnixCrypt.crypt(byte[])
org.apache.commons.codec.binary.Base64Codec13Test.testStaticDecodeChunked()	org.apache.commons.codec.binary.Base64Codec13Test.utf8(String)
org.apache.commons.codec.language.DoubleMetaphoneTest.assertDoubleMetaphoneAlt(String,String)	org.apache.commons.codec.StringEncoderAbstractTest.getStringEncoder()
org.apache.commons.codec.language.bm.BeiderMorseEncoder.setRuleType(RuleType)	org.apache.commons.codec.language.bm.PhoneticEngine.getMaxPhonemes()
org.apache.commons.codec.binary.Base64Test.testUrlSafe()	org.apache.commons.codec.binary.Base64TestData.randomData(int,boolean)
org.apache.commons.codec.digest.DigestUtilsTest.testShaHex()	org.apache.commons.codec.binary.StringUtils.getBytesUtf8(String)
org.apache.commons.codec.digest.DigestUtilsTest.testSha1Hex()	org.apache.commons.codec.binary.StringUtils.getBytesUtf8(String)
org.apache.commons.codec.language.bm.PhoneticEngine.RulesApplication.invoke()	org.apache.commons.codec.language.bm.PhoneticEngine.PhonemeBuilder.apply(PhonemeExpr,int)
org.apache.commons.codec.language.DoubleMetaphoneTest.assertDoubleMetaphone(String,String)	org.apache.commons.codec.language.DoubleMetaphone.encode(String)
org.apache.commons.codec.binary.StringUtilsTest.testGetBytesUtf16Be()	org.apache.commons.codec.binary.StringUtils.getBytesUtf16Be(String)
org.apache.commons.codec.language.MatchRatingApproachEncoder.isEncodeEquals(String,String)	org.apache.commons.codec.language.MatchRatingApproachEncoder.removeDoubleConsonants(String)
org.apache.commons.codec.digest.HmacUtils.hmacSha384Hex(String,String)	org.apache.commons.codec.binary.Hex.encodeHexString(byte[])
org.apache.commons.codec.language.Nysiis.encode(Object)	org.apache.commons.codec.language.Nysiis.nysiis(String)
org.apache.commons.codec.net.BCodecTest.testEncodeStringWithNull()	org.apache.commons.codec.net.BCodec.encode(String,String)
org.apache.commons.codec.digest.DigestUtilsTest.testSha384()	org.apache.commons.codec.digest.DigestUtils.sha384Hex(ByteBuffer)
org.apache.commons.codec.digest.HmacUtilsTest.testHmacSha1UpdateWithString()	org.apache.commons.codec.digest.HmacUtils.getHmacSha1(byte[])
org.apache.commons.codec.net.QCodec.doDecoding(byte[])	org.apache.commons.codec.net.QuotedPrintableCodec.decodeQuotedPrintable(byte[])
org.apache.commons.codec.binary.HexTest.testEncodeHexByteBufferHelloWorldLowerCaseHex()	org.apache.commons.codec.binary.Hex.encodeHex(ByteBuffer,boolean)
org.apache.commons.codec.digest.UnixCryptTest.testUnixCryptWithHalfSalt()	org.apache.commons.codec.digest.UnixCrypt.crypt(String,String)
org.apache.commons.codec.net.QCodec.decode(Object)	org.apache.commons.codec.net.QCodec.decode(String)
org.apache.commons.codec.language.Metaphone.isMetaphoneEqual(String,String)	org.apache.commons.codec.language.Metaphone.metaphone(String)
org.apache.commons.codec.digest.DigestUtilsTest.testMd2HexFile()	org.apache.commons.codec.digest.DigestUtils.md2Hex(File)
org.apache.commons.codec.binary.Base32InputStreamTest.testRead0()	org.apache.commons.codec.binary.StringUtils.getBytesUtf8(String)
org.apache.commons.codec.digest.DigestUtilsTest.testMd5Hex()	org.apache.commons.codec.digest.DigestUtils.md5Hex(ByteBuffer)
org.apache.commons.codec.binary.StringUtils.equals(CharSequence,CharSequence)	org.apache.commons.codec.binary.CharSequenceUtils.regionMatches(CharSequence,boolean,int,CharSequence,int,int)
org.apache.commons.codec.language.MatchRatingApproachEncoderTest.testGetEncoding_SMITH_to_SMTH()	org.apache.commons.codec.StringEncoderAbstractTest.getStringEncoder()
org.apache.commons.codec.binary.Base64Test.testEncodeOverMaxSize(int)	org.apache.commons.codec.binary.Base64.encodeBase64(byte[],boolean,boolean,int)
org.apache.commons.codec.language.SoundexTest.testHWRuleEx3()	org.apache.commons.codec.StringEncoderAbstractTest.getStringEncoder()
org.apache.commons.codec.language.MetaphoneTest.testDiscardOfSilentGN()	org.apache.commons.codec.language.Metaphone.metaphone(String)
org.apache.commons.codec.language.DoubleMetaphone.doubleMetaphone(String,boolean)	org.apache.commons.codec.language.DoubleMetaphone.DoubleMetaphoneResult.append(char)
org.apache.commons.codec.digest.DigestUtils.sha256Hex(InputStream)	org.apache.commons.codec.binary.Hex.encodeHexString(byte[])
org.apache.commons.codec.digest.Digest.run(String,MessageDigest)	org.apache.commons.codec.digest.DigestUtils.digest(MessageDigest,InputStream)
org.apache.commons.codec.binary.Base32InputStreamTest.testBase32InputStreamByChunk()	org.apache.commons.codec.binary.Base32TestData.randomData(BaseNCodec,int)
org.apache.commons.codec.language.MatchRatingApproachEncoderTest.testCompare_Forenames_SEAN_JOHN_MatchExpected()	org.apache.commons.codec.StringEncoderAbstractTest.getStringEncoder()
org.apache.commons.codec.language.DoubleMetaphone.handleG(String,DoubleMetaphoneResult,int,boolean)	org.apache.commons.codec.language.DoubleMetaphone.DoubleMetaphoneResult.append(char)
org.apache.commons.codec.binary.Base64InputStreamTest.testAvailable()	org.apache.commons.codec.binary.StringUtils.getBytesIso8859_1(String)
org.apache.commons.codec.binary.Base64Test.testCodeInteger3()	org.apache.commons.codec.binary.Base64.encodeInteger(BigInteger)
org.apache.commons.codec.binary.StringUtilsTest.testNewStringUsAscii()	org.apache.commons.codec.binary.StringUtilsTest.testNewString(String)
org.apache.commons.codec.binary.Hex.decode(Object)	org.apache.commons.codec.binary.Hex.decode(Object)
org.apache.commons.codec.language.DoubleMetaphoneTest.assertDoubleMetaphone(String,String)	org.apache.commons.codec.language.DoubleMetaphone.encode(Object)
org.apache.commons.codec.net.URLCodecTest.testDefaultEncoding()	org.apache.commons.codec.net.URLCodecTest.validateState(URLCodec)
org.apache.commons.codec.language.bm.PhoneticEnginePerformanceTest.test()	org.apache.commons.codec.language.bm.PhoneticEngine.encode(String)
org.apache.commons.codec.binary.Base32InputStreamTest.testReadOutOfBounds()	org.apache.commons.codec.binary.StringUtils.getBytesUtf8(String)
org.apache.commons.codec.binary.BaseNCodecTest.testContainsAlphabetOrPad()	org.apache.commons.codec.binary.BaseNCodec.containsAlphabetOrPad(byte[])
org.apache.commons.codec.language.bm.Lang.guessLanguage(String)	org.apache.commons.codec.language.bm.Languages.LanguageSet.getAny()
org.apache.commons.codec.language.Metaphone.metaphone(String)	org.apache.commons.codec.language.Metaphone.isVowel(StringBuilder,int)
org.apache.commons.codec.binary.HexTest.testDecodeByteArrayOddCharacters()	org.apache.commons.codec.binary.Hex.decode(byte[])
org.apache.commons.codec.binary.Base32OutputStreamTest.testBase32OutputStreamByteByByte()	org.apache.commons.codec.binary.Base32OutputStreamTest.testByteByByte(byte[],byte[],int,byte[])
org.apache.commons.codec.language.MatchRatingApproachEncoderTest.testCompare_STEVEN_STEFAN_SuccessfullyMatched()	org.apache.commons.codec.language.MatchRatingApproachEncoder.isEncodeEquals(String,String)
org.apache.commons.codec.language.MetaphoneTest.testTIOAndTIAToX()	org.apache.commons.codec.StringEncoderAbstractTest.getStringEncoder()
org.apache.commons.codec.net.QuotedPrintableCodec.encode(String,String)	org.apache.commons.codec.binary.StringUtils.newStringUsAscii(byte[])
org.apache.commons.codec.language.bm.PhoneticEngineRegressionTest.encode(Map<String, String>,boolean,String)	org.apache.commons.codec.language.bm.PhoneticEngine.encode(String)
org.apache.commons.codec.language.MatchRatingApproachEncoderTest.testCompare_OONA_OONAGH_SuccessfullyMatched()	org.apache.commons.codec.language.MatchRatingApproachEncoder.isEncodeEquals(String,String)
org.apache.commons.codec.language.DoubleMetaphoneTest.doubleMetaphoneEqualTest(String[][],boolean)	org.apache.commons.codec.language.DoubleMetaphone.isDoubleMetaphoneEqual(String,String,boolean)
org.apache.commons.codec.digest.HmacUtils.hmacSha512(byte[],InputStream)	org.apache.commons.codec.digest.HmacUtils.updateHmac(Mac,InputStream)
org.apache.commons.codec.digest.DigestUtilsTest.testMd5HexLengthForBytes()	org.apache.commons.codec.binary.StringUtils.getBytesUtf8(String)
org.apache.commons.codec.binary.Base64InputStreamTest.testBase64InputStreamByChunk()	org.apache.commons.codec.binary.StringUtils.getBytesUtf8(String)
org.apache.commons.codec.net.QCodecTest.testUTF8RoundTrip()	org.apache.commons.codec.net.QCodecTest.constructString(int[])
org.apache.commons.codec.binary.Base64Test.testUUID()	org.apache.commons.codec.binary.Base64.decodeBase64(byte[])
org.apache.commons.codec.digest.DigestUtils.sha512(String)	org.apache.commons.codec.digest.DigestUtils.sha512(byte[])
org.apache.commons.codec.binary.Hex.decode(ByteBuffer)	org.apache.commons.codec.binary.Hex.getCharset()
org.apache.commons.codec.binary.Base64Test.testEmptyBase64()	org.apache.commons.codec.binary.Base64.decodeBase64(byte[])
org.apache.commons.codec.language.MatchRatingApproachEncoderTest.testisEncodeEquals_CornerCase_FirstNameJust1Letter_ReturnsFalse()	org.apache.commons.codec.language.MatchRatingApproachEncoder.isEncodeEquals(String,String)
org.apache.commons.codec.language.MatchRatingApproachEncoderTest.testGetEncoding_NoSpace_to_Nothing()	org.apache.commons.codec.language.MatchRatingApproachEncoder.encode(String)
org.apache.commons.codec.CharsetsTest.testToCharset()	org.apache.commons.codec.Charsets.toCharset(String)
org.apache.commons.codec.net.URLCodecTest.testEncodeDecodeNull()	org.apache.commons.codec.net.URLCodecTest.validateState(URLCodec)
org.apache.commons.codec.language.MatchRatingApproachEncoderTest.testCompare_COLM_COLIN_WithAccentsAndSymbolsAndSpaces_SuccessfullyMatched()	org.apache.commons.codec.StringEncoderAbstractTest.getStringEncoder()
org.apache.commons.codec.digest.DigestUtils.updateDigest(MessageDigest,String)	org.apache.commons.codec.binary.StringUtils.getBytesUtf8(String)
org.apache.commons.codec.binary.StringUtils.newStringUtf8(byte[])	org.apache.commons.codec.binary.StringUtils.newString(byte[],Charset)
org.apache.commons.codec.language.bm.BeiderMorseEncoderTest.testSetRuleTypeExact()	org.apache.commons.codec.language.bm.BeiderMorseEncoder.getRuleType()
org.apache.commons.codec.language.MatchRatingApproachEncoderTest.testCompare_Surname_LIPSHITZ_LIPPSZYC_SuccessfullyMatched()	org.apache.commons.codec.language.MatchRatingApproachEncoder.isEncodeEquals(String,String)
org.apache.commons.codec.language.MatchRatingApproachEncoderTest.testCompare_Surname_SZLAMAWICZ_SHLAMOVITZ_SuccessfullyMatched()	org.apache.commons.codec.StringEncoderAbstractTest.getStringEncoder()
org.apache.commons.codec.net.QuotedPrintableCodecTest.testDefaultEncoding()	org.apache.commons.codec.net.QuotedPrintableCodec.encode(String,String)
org.apache.commons.codec.language.DaitchMokotoffSoundexTest.soundex(String)	org.apache.commons.codec.StringEncoderAbstractTest.getStringEncoder()
org.apache.commons.codec.language.MatchRatingApproachEncoderTest.testRemoveVowel_ALESSANDRA_Returns_ALSSNDR()	org.apache.commons.codec.StringEncoderAbstractTest.getStringEncoder()
org.apache.commons.codec.digest.Md5Crypt.apr1Crypt(byte[],String)	org.apache.commons.codec.digest.Md5Crypt.md5Crypt(byte[],String,String)
org.apache.commons.codec.language.NysiisTest.testDan()	org.apache.commons.codec.language.NysiisTest.encodeAll(String[],String)
org.apache.commons.codec.language.DoubleMetaphoneTest.testSetMaxCodeLength()	org.apache.commons.codec.language.DoubleMetaphone.doubleMetaphone(String,boolean)
org.apache.commons.codec.language.bm.PhoneticEngine.encode(String,LanguageSet)	org.apache.commons.codec.language.bm.PhoneticEngine.RulesApplication.invoke()
org.apache.commons.codec.language.MatchRatingApproachEncoderTest.testgetMinRating_6_Returns4_Successfully()	org.apache.commons.codec.language.MatchRatingApproachEncoder.getMinRating(int)
org.apache.commons.codec.net.QCodec.encode(String)	org.apache.commons.codec.net.QCodec.getCharset()
org.apache.commons.codec.binary.Base64Test.testEncodeDecodeRandom()	org.apache.commons.codec.binary.Base64.decodeBase64(byte[])
org.apache.commons.codec.binary.HexTest.testCustomCharset()	org.apache.commons.codec.binary.HexTest.testCustomCharset(String,String)
org.apache.commons.codec.binary.StringUtils.getBytesUsAscii(String)	org.apache.commons.codec.binary.StringUtils.getBytes(String,Charset)
org.apache.commons.codec.net.QuotedPrintableCodecTest.testEncodeStringWithNull()	org.apache.commons.codec.net.QuotedPrintableCodec.encode(String,String)
org.apache.commons.codec.binary.Base64InputStreamTest.testCodec101()	org.apache.commons.codec.binary.StringUtils.getBytesUtf8(String)
org.apache.commons.codec.StringEncoderAbstractTest.testEncodeNull()	org.apache.commons.codec.StringEncoder.encode(String)
org.apache.commons.codec.digest.HmacUtilsTest.testSha512HMacFail()	org.apache.commons.codec.digest.HmacUtils.hmacSha512(byte[],byte[])
org.apache.commons.codec.digest.MessageDigestAlgorithmTest.digestTestData()	org.apache.commons.codec.digest.MessageDigestAlgorithm.digest(byte[])
org.apache.commons.codec.digest.DigestUtils.sha1(ByteBuffer)	org.apache.commons.codec.digest.DigestUtils.getSha1Digest()
org.apache.commons.codec.language.bm.PhoneticEngine.applyFinalRules(PhonemeBuilder,Map<String, List<Rule>>)	org.apache.commons.codec.language.bm.PhoneticEngine.RulesApplication.invoke()
org.apache.commons.codec.net.URLCodecTest.testDecodeInvalidContent()	org.apache.commons.codec.net.URLCodecTest.validateState(URLCodec)
org.apache.commons.codec.digest.DigestUtilsTest.testSha384HexFile()	org.apache.commons.codec.digest.DigestUtils.sha384Hex(byte[])
org.apache.commons.codec.language.RefinedSoundex.difference(String,String)	org.apache.commons.codec.language.SoundexUtils.difference(StringEncoder,String,String)
org.apache.commons.codec.language.DaitchMokotoffSoundex.encode(Object)	org.apache.commons.codec.language.DaitchMokotoffSoundex.encode(String)
org.apache.commons.codec.language.MetaphoneTest.testSHAndSIOAndSIAToX()	org.apache.commons.codec.StringEncoderAbstractTest.getStringEncoder()
org.apache.commons.codec.language.Nysiis.transcodeRemaining(char,char,char,char)	org.apache.commons.codec.language.Nysiis.isVowel(char)
org.apache.commons.codec.language.DaitchMokotoffSoundex.soundex(String)	org.apache.commons.codec.language.DaitchMokotoffSoundex.soundex(String,boolean)
org.apache.commons.codec.binary.Base64InputStreamTest.testAvailable()	org.apache.commons.codec.binary.BaseNCodecInputStream.read()
org.apache.commons.codec.language.NysiisTest.testOthers()	org.apache.commons.codec.language.NysiisTest.assertEncodings()
org.apache.commons.codec.language.bm.BeiderMorseEncoderTest.testLongestEnglishSurname()	org.apache.commons.codec.language.bm.BeiderMorseEncoderTest.createGenericApproxEncoder()
org.apache.commons.codec.language.MatchRatingApproachEncoderTest.testisEncodeEqualsSecondNameJust1Letter_ReturnsFalse()	org.apache.commons.codec.language.MatchRatingApproachEncoder.isEncodeEquals(String,String)
org.apache.commons.codec.net.QCodecTest.testDecodeStringWithNull()	org.apache.commons.codec.net.QCodec.decode(String)
org.apache.commons.codec.language.ColognePhoneticTest.testEdgeCases()	org.apache.commons.codec.StringEncoderAbstractTest.checkEncodings(String[][])
org.apache.commons.codec.net.BCodec.decode(Object)	org.apache.commons.codec.net.BCodec.decode(String)
org.apache.commons.codec.binary.Base64Test.testEncodeDecodeRandom()	org.apache.commons.codec.binary.Base64Test.getRandom()
org.apache.commons.codec.digest.B64Test.testB64from24bit()	org.apache.commons.codec.digest.B64.b64from24bit(byte,byte,byte,int,StringBuilder)
org.apache.commons.codec.net.URLCodec.decode(Object)	org.apache.commons.codec.net.URLCodec.decode(byte[])
org.apache.commons.codec.language.MetaphoneTest.assertMetaphoneEqual(String[][])	org.apache.commons.codec.language.Metaphone.isMetaphoneEqual(String,String)
org.apache.commons.codec.language.NysiisTest.testTrueVariant()	org.apache.commons.codec.language.Nysiis.encode(String)
org.apache.commons.codec.digest.DigestUtilsTest.testShaUpdateWithByteArray()	org.apache.commons.codec.digest.DigestUtils.getShaDigest()
org.apache.commons.codec.language.MatchRatingApproachEncoderTest.testcleanName_SuccessfullyClean()	org.apache.commons.codec.language.MatchRatingApproachEncoder.cleanName(String)
org.apache.commons.codec.digest.Sha512CryptTest.testSha2CryptWrongSalt()	org.apache.commons.codec.digest.Sha2Crypt.sha512Crypt(byte[],String)
org.apache.commons.codec.binary.StringUtils.getByteBufferUtf8(String)	org.apache.commons.codec.binary.StringUtils.getByteBuffer(String,Charset)
org.apache.commons.codec.net.URLCodec.decode(byte[])	org.apache.commons.codec.net.URLCodec.decodeUrl(byte[])
org.apache.commons.codec.language.bm.PhoneticEngine.applyFinalRules(PhonemeBuilder,Map<String, List<Rule>>)	org.apache.commons.codec.language.bm.Rule.Phoneme.getLanguages()
org.apache.commons.codec.digest.HmacUtilsTest.testHmacSha1UpdateWithByteArray()	org.apache.commons.codec.binary.Hex.encodeHexString(byte[])
org.apache.commons.codec.digest.DigestUtils.sha256Hex(ByteBuffer)	org.apache.commons.codec.digest.DigestUtils.sha256(ByteBuffer)
org.apache.commons.codec.binary.Base64OutputStreamTest.testBase64OutputStreamByteByByte()	org.apache.commons.codec.binary.Base64OutputStreamTest.testByteByByte(byte[],byte[],int,byte[])
org.apache.commons.codec.language.MatchRatingApproachEncoderTest.testGetEncoding_Null_to_Nothing()	org.apache.commons.codec.language.MatchRatingApproachEncoder.encode(String)
org.apache.commons.codec.net.QuotedPrintableCodecTest.testDefaultEncoding()	org.apache.commons.codec.net.QuotedPrintableCodec.encode(String)
org.apache.commons.codec.digest.DigestUtils.md5Hex(String)	org.apache.commons.codec.binary.Hex.encodeHexString(byte[])
org.apache.commons.codec.digest.Sha2Crypt.sha256Crypt(byte[])	org.apache.commons.codec.digest.Sha2Crypt.sha256Crypt(byte[],String)
org.apache.commons.codec.digest.Md5CryptTest.testMd5CryptBytes()	org.apache.commons.codec.digest.Crypt.crypt(byte[],String)
org.apache.commons.codec.binary.Base64OutputStreamTest.testCodec98NPE()	org.apache.commons.codec.binary.BaseNCodecOutputStream.write(byte[],int,int)
org.apache.commons.codec.digest.DigestUtils.sha256Hex(ByteBuffer)	org.apache.commons.codec.binary.Hex.encodeHexString(byte[])
org.apache.commons.codec.language.MatchRatingApproachEncoderTest.testCompare_BRIAN_BRYAN_SuccessfullyMatched()	org.apache.commons.codec.language.MatchRatingApproachEncoder.isEncodeEquals(String,String)
org.apache.commons.codec.binary.Hex.encodeHexString(byte[])	org.apache.commons.codec.binary.Hex.encodeHex(byte[])
org.apache.commons.codec.net.URLCodecTest.testEncodeDecodeNull()	org.apache.commons.codec.net.URLCodec.encode(String)
org.apache.commons.codec.digest.DigestUtils.md5Hex(ByteBuffer)	org.apache.commons.codec.digest.DigestUtils.md5(ByteBuffer)
org.apache.commons.codec.language.MatchRatingApproachEncoderTest.testAccentRemoval_GerSpanFrenMix_SuccessfullyRemoved()	org.apache.commons.codec.language.MatchRatingApproachEncoder.removeAccents(String)
org.apache.commons.codec.digest.DigestUtils.md5Hex(InputStream)	org.apache.commons.codec.binary.Hex.encodeHexString(byte[])
org.apache.commons.codec.digest.DigestUtils.sha512Hex(String)	org.apache.commons.codec.binary.Hex.encodeHexString(byte[])
org.apache.commons.codec.language.bm.BeiderMorseEncoderTest.testEncodeAtzNotEmpty()	org.apache.commons.codec.language.bm.BeiderMorseEncoderTest.createGenericApproxEncoder()
org.apache.commons.codec.binary.BaseNCodec.isInAlphabet(String)	org.apache.commons.codec.binary.StringUtils.getBytesUtf8(String)
org.apache.commons.codec.binary.BaseNCodec.containsAlphabetOrPad(byte[])	org.apache.commons.codec.binary.BaseNCodec.isInAlphabet(byte)
org.apache.commons.codec.language.DoubleMetaphone.handleZ(String,DoubleMetaphoneResult,int,boolean)	org.apache.commons.codec.language.DoubleMetaphone.charAt(String,int)
org.apache.commons.codec.language.DoubleMetaphoneTest.testIsDoubleMetaphoneEqualWithMATCHES()	org.apache.commons.codec.StringEncoderAbstractTest.getStringEncoder()
org.apache.commons.codec.language.bm.RuleTest.testPhonemeComparedToSelfIsZero()	org.apache.commons.codec.language.bm.Rule.Phoneme.getPhonemeText()
org.apache.commons.codec.language.DoubleMetaphoneTest.testIsDoubleMetaphoneNotEqual()	org.apache.commons.codec.language.DoubleMetaphoneTest.doubleMetaphoneNotEqualTest(boolean)
org.apache.commons.codec.language.DaitchMokotoffSoundex.soundex(String,boolean)	org.apache.commons.codec.language.DaitchMokotoffSoundex.Branch.createBranch()
org.apache.commons.codec.binary.HexTest.testCustomCharset(String,String)	org.apache.commons.codec.binary.Hex.decode(byte[])
org.apache.commons.codec.net.QuotedPrintableCodec.decode(Object)	org.apache.commons.codec.net.QuotedPrintableCodec.decode(byte[])
org.apache.commons.codec.digest.Sha512CryptTest.testSha512CryptBytes()	org.apache.commons.codec.digest.Crypt.crypt(byte[],String)
org.apache.commons.codec.binary.BaseNCodec.isInAlphabet(byte[],boolean)	org.apache.commons.codec.binary.BaseNCodec.isWhiteSpace(byte)
org.apache.commons.codec.binary.Hex.decode(Object)	org.apache.commons.codec.binary.Hex.decode(ByteBuffer)
org.apache.commons.codec.language.MatchRatingApproachEncoderTest.testCompare_FRANCISZEK_FRANCES_SuccessfullyMatched()	org.apache.commons.codec.StringEncoderAbstractTest.getStringEncoder()
org.apache.commons.codec.digest.Digest.run()	org.apache.commons.codec.digest.DigestUtils.getDigest(String,MessageDigest)
org.apache.commons.codec.binary.Base32Test.testBase64InBuffer(int,int)	org.apache.commons.codec.binary.BaseNCodec.encode(byte[],int,int)
org.apache.commons.codec.digest.MessageDigestAlgorithmTest.testDigestByteBuffer()	org.apache.commons.codec.digest.DigestUtils.digest(MessageDigest,ByteBuffer)
org.apache.commons.codec.binary.Base64InputStreamTest.testReadNull()	org.apache.commons.codec.binary.StringUtils.getBytesUtf8(String)
org.apache.commons.codec.digest.MessageDigestAlgorithmTest.testDigestInputStream()	org.apache.commons.codec.digest.MessageDigestAlgorithmTest.getTestData()
org.apache.commons.codec.language.DoubleMetaphone.handleD(String,DoubleMetaphoneResult,int)	org.apache.commons.codec.language.DoubleMetaphone.DoubleMetaphoneResult.append(char)
org.apache.commons.codec.net.QuotedPrintableCodec.decode(String,String)	org.apache.commons.codec.binary.StringUtils.getBytesUsAscii(String)
org.apache.commons.codec.digest.HmacUtils.hmacSha1Hex(String,String)	org.apache.commons.codec.binary.Hex.encodeHexString(byte[])
org.apache.commons.codec.digest.MessageDigestAlgorithm.digest(byte[])	org.apache.commons.codec.digest.MessageDigestAlgorithm.getMessageDigest()
org.apache.commons.codec.language.DaitchMokotoffSoundex.soundex(String,boolean)	org.apache.commons.codec.language.DaitchMokotoffSoundex.cleanup(String)
org.apache.commons.codec.language.DoubleMetaphone.handleL(String,DoubleMetaphoneResult,int)	org.apache.commons.codec.language.DoubleMetaphone.conditionL0(String,int)
org.apache.commons.codec.digest.Sha256CryptTest.testSha256CryptBytes()	org.apache.commons.codec.digest.Crypt.crypt(String,String)
org.apache.commons.codec.binary.BaseNCodec.decode(Object)	org.apache.commons.codec.binary.BaseNCodec.decode(byte[])
org.apache.commons.codec.digest.HmacUtils.hmacSha1Hex(byte[],InputStream)	org.apache.commons.codec.binary.Hex.encodeHexString(byte[])
org.apache.commons.codec.binary.StringUtils.getBytesUtf16(String)	org.apache.commons.codec.binary.StringUtils.getBytes(String,Charset)
org.apache.commons.codec.language.bm.PhoneticEngine.encode(String,LanguageSet)	org.apache.commons.codec.language.bm.PhoneticEngine.PhonemeBuilder.makeString()
org.apache.commons.codec.digest.MessageDigestAlgorithmTest.setUp()	org.apache.commons.codec.digest.DigestUtilsTest.setUp()
org.apache.commons.codec.digest.UnixCrypt.crypt(String,String)	org.apache.commons.codec.digest.UnixCrypt.crypt(byte[],String)
org.apache.commons.codec.digest.UnixCrypt.crypt(byte[],String)	org.apache.commons.codec.digest.UnixCrypt.body(int[],int,int)
org.apache.commons.codec.language.MatchRatingApproachEncoderTest.testCompare_MICKY_MICHAEL_SuccessfullyMatched()	org.apache.commons.codec.language.MatchRatingApproachEncoder.isEncodeEquals(String,String)
